videoSpout,3,0,1531606625696,1531606625704,8,10.10.21.7
rectificationBolt,3,0,1531606628648,1531606628685,37,10.10.21.6
partitionBolt,3,0,1531606628685,1531606628831,146,10.10.21.6
disparityBoltSub,3,0,1531606628914,1531606628968,54,10.10.21.7
disparityBoltSub,3,1,1531606628835,1531606628943,108,10.10.21.6
disparityBoltSub,3,2,1531606628938,1531606629092,154,10.10.21.6
disparityBoltSub,3,3,1531606628965,1531606629046,81,10.10.21.7
disparityBoltSub,3,4,1531606628836,1531606628936,100,10.10.21.6
disparityBoltSub,3,5,1531606628963,1531606629045,82,10.10.21.6
disparityBoltSub,3,6,1531606629055,1531606629171,116,10.10.21.6
disparityBoltSub,3,7,1531606629301,1531606629382,81,10.10.21.7
disparityBoltSub,3,8,1531606629088,1531606629163,75,10.10.21.7
disparityBoltSub,3,9,1531606629086,1531606629223,137,10.10.21.6
disparityBoltSub,3,10,1531606629097,1531606629172,75,10.10.21.7
disparityBoltSub,3,11,1531606629095,1531606629250,155,10.10.21.6
disparityBoltSub,3,12,1531606629099,1531606629179,80,10.10.21.7
disparityBoltSub,3,13,1531606629168,1531606629274,106,10.10.21.6
disparityBoltSub,3,14,1531606629202,1531606629299,97,10.10.21.6
disparityBoltSub,3,15,1531606629158,1531606629250,92,10.10.21.6
disparityBoltSub,3,16,1531606628936,1531606629095,159,10.10.21.6
disparityBoltSub,3,17,1531606629204,1531606629296,92,10.10.21.6
disparityBoltSub,3,18,1531606629251,1531606629335,84,10.10.21.6
disparityBoltSub,3,19,1531606629190,1531606629305,115,10.10.21.6
disparityBoltSub,3,20,1531606628937,1531606629145,208,10.10.21.6
disparityBoltSub,3,21,1531606629240,1531606629317,77,10.10.21.7
disparityBoltSub,3,22,1531606629090,1531606629162,72,10.10.21.6
disparityBoltSub,3,23,1531606629222,1531606629313,91,10.10.21.6
disparityBoltSub,3,24,1531606629053,1531606629149,96,10.10.21.6
disparityBoltSub,3,25,1531606629183,1531606629291,108,10.10.21.7
disparityBoltSub,3,26,1531606629284,1531606629400,116,10.10.21.7
disparityBoltSub,3,27,1531606629121,1531606629196,75,10.10.21.7
disparityBoltSub,3,28,1531606629122,1531606629202,80,10.10.21.7
disparityBoltSub,3,29,1531606629314,1531606629419,105,10.10.21.6
disparityBoltSub,3,30,1531606629225,1531606629323,98,10.10.21.6
disparityBoltSub,3,31,1531606628944,1531606629064,120,10.10.21.6
disparityBolt,3,0,0,0,584,0
mergeBolt,3,0,1531606629421,1531606629440,19,10.10.21.6
reprojectionBolt,3,0,1531606629441,1531606629493,52,null
overall,3,0,1531606625696,1531606629493,3797,0
videoSpout,2,0,1531606625188,1531606625196,8,10.10.21.7
rectificationBolt,2,0,1531606628607,1531606628673,66,10.10.21.6
partitionBolt,2,0,1531606628674,1531606628823,149,10.10.21.6
disparityBoltSub,2,0,1531606628913,1531606629019,106,10.10.21.7
disparityBoltSub,2,1,1531606628905,1531606629052,147,10.10.21.6
disparityBoltSub,2,2,1531606628942,1531606629028,86,10.10.21.7
disparityBoltSub,2,3,1531606628956,1531606629035,79,10.10.21.7
disparityBoltSub,2,4,1531606628942,1531606629037,95,10.10.21.6
disparityBoltSub,2,5,1531606628943,1531606629018,75,10.10.21.7
disparityBoltSub,2,6,1531606628962,1531606629041,79,10.10.21.7
disparityBoltSub,2,7,1531606628958,1531606629057,99,10.10.21.6
disparityBoltSub,2,8,1531606628964,1531606629037,73,10.10.21.7
disparityBoltSub,2,9,1531606628966,1531606629046,80,10.10.21.6
disparityBoltSub,2,10,1531606629080,1531606629196,116,10.10.21.7
disparityBoltSub,2,11,1531606629062,1531606629150,88,10.10.21.6
disparityBoltSub,2,12,1531606629057,1531606629183,126,10.10.21.7
disparityBoltSub,2,13,1531606629093,1531606629191,98,10.10.21.7
disparityBoltSub,2,14,1531606629093,1531606629202,109,10.10.21.6
disparityBoltSub,2,15,1531606629100,1531606629222,122,10.10.21.6
disparityBoltSub,2,16,1531606628935,1531606629093,158,10.10.21.6
disparityBoltSub,2,17,1531606628841,1531606628941,100,10.10.21.6
disparityBoltSub,2,18,1531606628937,1531606629090,153,10.10.21.6
disparityBoltSub,2,19,1531606629095,1531606629204,109,10.10.21.6
disparityBoltSub,2,20,1531606629159,1531606629250,91,10.10.21.6
disparityBoltSub,2,21,1531606628844,1531606629053,209,10.10.21.6
disparityBoltSub,2,22,1531606629078,1531606629164,86,10.10.21.7
disparityBoltSub,2,23,1531606629164,1531606629240,76,10.10.21.7
disparityBoltSub,2,24,1531606628883,1531606628964,81,10.10.21.6
disparityBoltSub,2,25,1531606629338,1531606629448,110,10.10.21.6
disparityBoltSub,2,26,1531606629164,1531606629236,72,10.10.21.7
disparityBoltSub,2,27,1531606629180,1531606629255,75,10.10.21.7
disparityBoltSub,2,28,1531606629196,1531606629282,86,10.10.21.7
disparityBoltSub,2,29,1531606629224,1531606629306,82,10.10.21.6
disparityBoltSub,2,30,1531606629232,1531606629316,84,10.10.21.7
disparityBoltSub,2,31,1531606629187,1531606629227,40,10.10.21.7
disparityBolt,2,0,0,0,607,0
mergeBolt,2,0,1531606629450,1531606629475,25,10.10.21.6
reprojectionBolt,2,0,1531606629475,1531606629573,98,null
overall,2,0,1531606625188,1531606629573,4385,0
videoSpout,6,0,1531606627224,1531606627231,7,10.10.21.7
rectificationBolt,6,0,1531606628596,1531606628673,77,10.10.21.6
partitionBolt,6,0,1531606628673,1531606628825,152,10.10.21.6
disparityBoltSub,6,0,1531606628916,1531606629015,99,10.10.21.6
disparityBoltSub,6,1,1531606628827,1531606628936,109,10.10.21.6
disparityBoltSub,6,2,1531606628829,1531606628937,108,10.10.21.6
disparityBoltSub,6,3,1531606628955,1531606629060,105,10.10.21.6
disparityBoltSub,6,4,1531606629092,1531606629167,75,10.10.21.7
disparityBoltSub,6,5,1531606628960,1531606629045,85,10.10.21.6
disparityBoltSub,6,6,1531606629055,1531606629129,74,10.10.21.7
disparityBoltSub,6,7,1531606629196,1531606629300,104,10.10.21.7
disparityBoltSub,6,8,1531606629064,1531606629142,78,10.10.21.6
disparityBoltSub,6,9,1531606628839,1531606628935,96,10.10.21.6
disparityBoltSub,6,10,1531606629094,1531606629168,74,10.10.21.7
disparityBoltSub,6,11,1531606629061,1531606629145,84,10.10.21.7
disparityBoltSub,6,12,1531606628944,1531606629095,151,10.10.21.6
disparityBoltSub,6,13,1531606629101,1531606629179,78,10.10.21.7
disparityBoltSub,6,14,1531606629103,1531606629182,79,10.10.21.7
disparityBoltSub,6,15,1531606629133,1531606629224,91,10.10.21.6
disparityBoltSub,6,16,1531606629251,1531606629392,141,10.10.21.6
disparityBoltSub,6,17,1531606629202,1531606629287,85,10.10.21.7
disparityBoltSub,6,18,1531606629080,1531606629164,84,10.10.21.7
disparityBoltSub,6,19,1531606629109,1531606629196,87,10.10.21.7
disparityBoltSub,6,20,1531606629223,1531606629338,115,10.10.21.6
disparityBoltSub,6,21,1531606629178,1531606629251,73,10.10.21.7
disparityBoltSub,6,22,1531606629113,1531606629192,79,10.10.21.7
disparityBoltSub,6,23,1531606628964,1531606629159,195,10.10.21.6
disparityBoltSub,6,24,1531606629129,1531606629228,99,10.10.21.6
disparityBoltSub,6,25,1531606628947,1531606629077,130,10.10.21.6
disparityBoltSub,6,26,1531606629375,1531606629452,77,10.10.21.6
disparityBoltSub,6,27,1531606629091,1531606629186,95,10.10.21.7
disparityBoltSub,6,28,1531606629146,1531606629319,173,10.10.21.6
disparityBoltSub,6,29,1531606629172,1531606629330,158,10.10.21.6
disparityBoltSub,6,30,1531606629164,1531606629245,81,10.10.21.7
disparityBoltSub,6,31,1531606629251,1531606629323,72,10.10.21.7
disparityBolt,6,0,0,0,625,0
mergeBolt,6,0,1531606629455,1531606629478,23,10.10.21.6
reprojectionBolt,6,0,1531606629478,1531606629589,111,null
overall,6,0,1531606627224,1531606629589,2365,0
videoSpout,1,0,1531606624672,1531606624688,16,10.10.21.7
rectificationBolt,1,0,1531606628596,1531606628678,82,10.10.21.6
partitionBolt,1,0,1531606628678,1531606628825,147,10.10.21.6
disparityBoltSub,1,0,1531606628826,1531606628904,78,10.10.21.6
disparityBoltSub,1,1,1531606628966,1531606629042,76,10.10.21.7
disparityBoltSub,1,2,1531606628969,1531606629048,79,10.10.21.6
disparityBoltSub,1,3,1531606629057,1531606629132,75,10.10.21.6
disparityBoltSub,1,4,1531606628838,1531606628944,106,10.10.21.6
disparityBoltSub,1,5,1531606629081,1531606629158,77,10.10.21.6
disparityBoltSub,1,6,1531606629090,1531606629231,141,10.10.21.7
disparityBoltSub,1,7,1531606629151,1531606629230,79,10.10.21.6
disparityBoltSub,1,8,1531606629097,1531606629172,75,10.10.21.6
disparityBoltSub,1,9,1531606629191,1531606629267,76,10.10.21.7
disparityBoltSub,1,10,1531606629142,1531606629225,83,10.10.21.6
disparityBoltSub,1,11,1531606629118,1531606629201,83,10.10.21.7
disparityBoltSub,1,12,1531606629251,1531606629347,96,10.10.21.6
disparityBoltSub,1,13,1531606628843,1531606628944,101,10.10.21.6
disparityBoltSub,1,14,1531606629105,1531606629181,76,10.10.21.7
disparityBoltSub,1,15,1531606629108,1531606629251,143,10.10.21.7
disparityBoltSub,1,16,1531606629118,1531606629222,104,10.10.21.6
disparityBoltSub,1,17,1531606629296,1531606629375,79,10.10.21.6
disparityBoltSub,1,18,1531606629171,1531606629317,146,10.10.21.6
disparityBoltSub,1,19,1531606629222,1531606629328,106,10.10.21.6
disparityBoltSub,1,20,1531606629194,1531606629283,89,10.10.21.7
disparityBoltSub,1,21,1531606629167,1531606629275,108,10.10.21.7
disparityBoltSub,1,22,1531606629146,1531606629221,75,10.10.21.7
disparityBoltSub,1,23,1531606629300,1531606629417,117,10.10.21.6
disparityBoltSub,1,24,1531606629392,1531606629528,136,10.10.21.6
disparityBoltSub,1,25,1531606629223,1531606629327,104,10.10.21.6
disparityBoltSub,1,26,1531606629283,1531606629355,72,10.10.21.7
disparityBoltSub,1,27,1531606629256,1531606629373,117,10.10.21.6
disparityBoltSub,1,28,1531606629319,1531606629394,75,10.10.21.6
disparityBoltSub,1,29,1531606629330,1531606629450,120,10.10.21.6
disparityBoltSub,1,30,1531606629317,1531606629418,101,10.10.21.7
disparityBoltSub,1,31,1531606629095,1531606629173,78,10.10.21.6
disparityBolt,1,0,0,0,702,0
mergeBolt,1,0,1531606629579,1531606629596,17,10.10.21.6
reprojectionBolt,1,0,1531606629596,1531606629643,47,null
overall,1,0,1531606624672,1531606629643,4971,0
videoSpout,4,0,1531606626205,1531606626214,9,10.10.21.7
rectificationBolt,4,0,1531606628596,1531606628673,77,10.10.21.6
partitionBolt,4,0,1531606628674,1531606628825,151,10.10.21.6
disparityBoltSub,4,0,1531606628960,1531606629010,50,10.10.21.7
disparityBoltSub,4,1,1531606628829,1531606628937,108,10.10.21.6
disparityBoltSub,4,2,1531606628958,1531606629038,80,10.10.21.7
disparityBoltSub,4,3,1531606628955,1531606629035,80,10.10.21.7
disparityBoltSub,4,4,1531606628953,1531606629024,71,10.10.21.7
disparityBoltSub,4,5,1531606628833,1531606628937,104,10.10.21.6
disparityBoltSub,4,6,1531606629019,1531606629092,73,10.10.21.7
disparityBoltSub,4,7,1531606629046,1531606629117,71,10.10.21.7
disparityBoltSub,4,8,1531606628969,1531606629044,75,10.10.21.7
disparityBoltSub,4,9,1531606629054,1531606629139,85,10.10.21.7
disparityBoltSub,4,10,1531606629083,1531606629157,74,10.10.21.6
disparityBoltSub,4,11,1531606629088,1531606629167,79,10.10.21.6
disparityBoltSub,4,12,1531606629098,1531606629203,105,10.10.21.6
disparityBoltSub,4,13,1531606629093,1531606629171,78,10.10.21.6
disparityBoltSub,4,14,1531606629106,1531606629222,116,10.10.21.6
disparityBoltSub,4,15,1531606629110,1531606629189,79,10.10.21.6
disparityBoltSub,4,16,1531606629106,1531606629178,72,10.10.21.7
disparityBoltSub,4,17,1531606629335,1531606629413,78,10.10.21.6
disparityBoltSub,4,18,1531606629093,1531606629297,204,10.10.21.6
disparityBoltSub,4,19,1531606629313,1531606629394,81,10.10.21.6
disparityBoltSub,4,20,1531606629159,1531606629300,141,10.10.21.6
disparityBoltSub,4,21,1531606629052,1531606629126,74,10.10.21.6
disparityBoltSub,4,22,1531606629228,1531606629313,85,10.10.21.6
disparityBoltSub,4,23,1531606629307,1531606629392,85,10.10.21.6
disparityBoltSub,4,24,1531606629139,1531606629255,116,10.10.21.6
disparityBoltSub,4,25,1531606629204,1531606629408,204,10.10.21.6
disparityBoltSub,4,26,1531606628944,1531606629103,159,10.10.21.6
disparityBoltSub,4,27,1531606629528,1531606629612,84,10.10.21.6
disparityBoltSub,4,28,1531606629324,1531606629423,99,10.10.21.7
disparityBoltSub,4,29,1531606629230,1531606629332,102,10.10.21.6
disparityBoltSub,4,30,1531606629064,1531606629145,81,10.10.21.6
disparityBoltSub,4,31,1531606629132,1531606629176,44,10.10.21.7
disparityBolt,4,0,0,0,783,0
mergeBolt,4,0,1531606629615,1531606629633,18,10.10.21.6
reprojectionBolt,4,0,1531606629633,1531606629675,42,null
overall,4,0,1531606626205,1531606629675,3470,0
videoSpout,8,0,1531606628238,1531606628244,6,10.10.21.7
rectificationBolt,8,0,1531606628892,1531606628948,56,10.10.21.6
partitionBolt,8,0,1531606628948,1531606629067,119,10.10.21.6
disparityBoltSub,8,0,1531606629414,1531606629479,65,10.10.21.7
disparityBoltSub,8,1,1531606629573,1531606629664,91,10.10.21.6
disparityBoltSub,8,2,1531606629523,1531606629593,70,10.10.21.7
disparityBoltSub,8,3,1531606629554,1531606629638,84,10.10.21.6
disparityBoltSub,8,4,1531606629383,1531606629458,75,10.10.21.7
disparityBoltSub,8,5,1531606629469,1531606629601,132,10.10.21.7
disparityBoltSub,8,6,1531606629291,1531606629379,88,10.10.21.6
disparityBoltSub,8,7,1531606629282,1531606629424,142,10.10.21.7
disparityBoltSub,8,8,1531606629329,1531606629456,127,10.10.21.6
disparityBoltSub,8,9,1531606629259,1531606629329,70,10.10.21.7
disparityBoltSub,8,10,1531606629371,1531606629463,92,10.10.21.6
disparityBoltSub,8,11,1531606629300,1531606629383,83,10.10.21.6
disparityBoltSub,8,12,1531606629074,1531606629195,121,10.10.21.6
disparityBoltSub,8,13,1531606629411,1531606629522,111,10.10.21.7
disparityBoltSub,8,14,1531606629360,1531606629467,107,10.10.21.7
disparityBoltSub,8,15,1531606629326,1531606629458,132,10.10.21.6
disparityBoltSub,8,16,1531606629287,1531606629378,91,10.10.21.7
disparityBoltSub,8,17,1531606629354,1531606629431,77,10.10.21.7
disparityBoltSub,8,18,1531606629311,1531606629441,130,10.10.21.7
disparityBoltSub,8,19,1531606629306,1531606629393,87,10.10.21.7
disparityBoltSub,8,20,1531606629316,1531606629469,153,10.10.21.6
disparityBoltSub,8,21,1531606629443,1531606629522,79,10.10.21.7
disparityBoltSub,8,22,1531606629380,1531606629459,79,10.10.21.7
disparityBoltSub,8,23,1531606629433,1531606629573,140,10.10.21.6
disparityBoltSub,8,24,1531606629365,1531606629436,71,10.10.21.7
disparityBoltSub,8,25,1531606629291,1531606629371,80,10.10.21.6
disparityBoltSub,8,26,1531606629521,1531606629589,68,10.10.21.7
disparityBoltSub,8,27,1531606629372,1531606629523,151,10.10.21.6
disparityBoltSub,8,28,1531606629487,1531606629562,75,10.10.21.7
disparityBoltSub,8,29,1531606629433,1531606629511,78,10.10.21.7
disparityBoltSub,8,30,1531606629473,1531606629607,134,10.10.21.6
disparityBoltSub,8,31,1531606629168,1531606629312,144,10.10.21.6
disparityBolt,8,0,0,0,590,0
mergeBolt,8,0,1531606629665,1531606629682,17,10.10.21.6
reprojectionBolt,8,0,1531606629682,1531606629724,42,null
overall,8,0,1531606628238,1531606629724,1486,0
videoSpout,5,0,1531606626714,1531606626723,9,10.10.21.7
rectificationBolt,5,0,1531606628674,1531606628812,138,10.10.21.6
partitionBolt,5,0,1531606628815,1531606628891,76,10.10.21.6
disparityBoltSub,5,0,1531606629163,1531606629291,128,10.10.21.6
disparityBoltSub,5,1,1531606629096,1531606629188,92,10.10.21.7
disparityBoltSub,5,2,1531606629613,1531606629686,73,10.10.21.6
disparityBoltSub,5,3,1531606629227,1531606629302,75,10.10.21.7
disparityBoltSub,5,4,1531606629221,1531606629297,76,10.10.21.7
disparityBoltSub,5,5,1531606629448,1531606629554,106,10.10.21.6
disparityBoltSub,5,6,1531606629298,1531606629443,145,10.10.21.6
disparityBoltSub,5,7,1531606629185,1531606629274,89,10.10.21.6
disparityBoltSub,5,8,1531606629419,1531606629564,145,10.10.21.6
disparityBoltSub,5,9,1531606629362,1531606629433,71,10.10.21.7
disparityBoltSub,5,10,1531606629423,1531606629522,99,10.10.21.7
disparityBoltSub,5,11,1531606629373,1531606629514,141,10.10.21.6
disparityBoltSub,5,12,1531606629392,1531606629466,74,10.10.21.6
disparityBoltSub,5,13,1531606629333,1531606629438,105,10.10.21.6
disparityBoltSub,5,14,1531606629186,1531606629262,76,10.10.21.7
disparityBoltSub,5,15,1531606629452,1531606629586,134,10.10.21.6
disparityBoltSub,5,16,1531606629317,1531606629388,71,10.10.21.6
disparityBoltSub,5,17,1531606629572,1531606629718,146,10.10.21.6
disparityBoltSub,5,18,1531606629473,1531606629573,100,10.10.21.6
disparityBoltSub,5,19,1531606629354,1531606629473,119,10.10.21.6
disparityBoltSub,5,20,1531606629301,1531606629419,118,10.10.21.7
disparityBoltSub,5,21,1531606629126,1531606629279,153,10.10.21.6
disparityBoltSub,5,22,1531606629355,1531606629443,88,10.10.21.7
disparityBoltSub,5,23,1531606629342,1531606629469,127,10.10.21.7
disparityBoltSub,5,24,1531606629444,1531606629522,78,10.10.21.7
disparityBoltSub,5,25,1531606629317,1531606629418,101,10.10.21.7
disparityBoltSub,5,26,1531606629297,1531606629416,119,10.10.21.7
disparityBoltSub,5,27,1531606629494,1531606629603,109,10.10.21.7
disparityBoltSub,5,28,1531606629417,1531606629508,91,10.10.21.6
disparityBoltSub,5,29,1531606629533,1531606629640,107,10.10.21.7
disparityBoltSub,5,30,1531606629318,1531606629440,122,10.10.21.7
disparityBoltSub,5,31,1531606629327,1531606629411,84,10.10.21.7
disparityBolt,5,0,0,0,622,0
mergeBolt,5,0,1531606629718,1531606629735,17,10.10.21.6
reprojectionBolt,5,0,1531606629736,1531606629777,41,null
overall,5,0,1531606626714,1531606629777,3063,0
videoSpout,10,0,1531606629251,1531606629258,7,10.10.21.7
rectificationBolt,10,0,1531606629339,1531606629412,73,10.10.21.6
partitionBolt,10,0,1531606629412,1531606629435,23,10.10.21.6
disparityBoltSub,10,0,1531606629439,1531606629482,43,10.10.21.7
disparityBoltSub,10,1,1531606629594,1531606629664,70,10.10.21.7
disparityBoltSub,10,2,1531606629442,1531606629542,100,10.10.21.7
disparityBoltSub,10,3,1531606629445,1531606629543,98,10.10.21.6
disparityBoltSub,10,4,1531606629564,1531606629638,74,10.10.21.6
disparityBoltSub,10,5,1531606629692,1531606629761,69,10.10.21.7
disparityBoltSub,10,6,1531606629464,1531606629541,77,10.10.21.7
disparityBoltSub,10,7,1531606629546,1531606629624,78,10.10.21.6
disparityBoltSub,10,8,1531606629452,1531606629644,192,10.10.21.6
disparityBoltSub,10,9,1531606629676,1531606629744,68,10.10.21.7
disparityBoltSub,10,10,1531606629510,1531606629592,82,10.10.21.7
disparityBoltSub,10,11,1531606629561,1531606629659,98,10.10.21.7
disparityBoltSub,10,12,1531606629501,1531606629628,127,10.10.21.6
disparityBoltSub,10,13,1531606629551,1531606629637,86,10.10.21.6
disparityBoltSub,10,14,1531606629523,1531606629635,112,10.10.21.6
disparityBoltSub,10,15,1531606629474,1531606629549,75,10.10.21.6
disparityBoltSub,10,16,1531606629448,1531606629645,197,10.10.21.6
disparityBoltSub,10,17,1531606629665,1531606629740,75,10.10.21.6
disparityBoltSub,10,18,1531606629466,1531606629602,136,10.10.21.6
disparityBoltSub,10,19,1531606629461,1531606629566,105,10.10.21.7
disparityBoltSub,10,20,1531606629562,1531606629635,73,10.10.21.7
disparityBoltSub,10,21,1531606629523,1531606629600,77,10.10.21.7
disparityBoltSub,10,22,1531606629462,1531606629595,133,10.10.21.6
disparityBoltSub,10,23,1531606629527,1531606629600,73,10.10.21.7
disparityBoltSub,10,24,1531606629504,1531606629578,74,10.10.21.7
disparityBoltSub,10,25,1531606629489,1531606629562,73,10.10.21.7
disparityBoltSub,10,26,1531606629592,1531606629670,78,10.10.21.7
disparityBoltSub,10,27,1531606629476,1531606629562,86,10.10.21.7
disparityBoltSub,10,28,1531606629657,1531606629728,71,10.10.21.7
disparityBoltSub,10,29,1531606629453,1531606629594,141,10.10.21.6
disparityBoltSub,10,30,1531606629509,1531606629579,70,10.10.21.7
disparityBoltSub,10,31,1531606629722,1531606629762,40,10.10.21.6
disparityBolt,10,0,0,0,323,0
mergeBolt,10,0,1531606629764,1531606629776,12,10.10.21.6
reprojectionBolt,10,0,1531606629776,1531606629820,44,null
overall,10,0,1531606629251,1531606629820,569,0
videoSpout,7,0,1531606627732,1531606627738,6,10.10.21.7
rectificationBolt,7,0,1531606628913,1531606629059,146,10.10.21.6
partitionBolt,7,0,1531606629059,1531606629091,32,10.10.21.6
disparityBoltSub,7,0,1531606629408,1531606629452,44,10.10.21.6
disparityBoltSub,7,1,1531606629416,1531606629489,73,10.10.21.7
disparityBoltSub,7,2,1531606629592,1531606629664,72,10.10.21.6
disparityBoltSub,7,3,1531606629457,1531606629527,70,10.10.21.7
disparityBoltSub,7,4,1531606629329,1531606629408,79,10.10.21.6
disparityBoltSub,7,5,1531606629466,1531606629551,85,10.10.21.6
disparityBoltSub,7,6,1531606629522,1531606629594,72,10.10.21.7
disparityBoltSub,7,7,1531606629431,1531606629504,73,10.10.21.7
disparityBoltSub,7,8,1531606629665,1531606629764,99,10.10.21.6
disparityBoltSub,7,9,1531606629404,1531606629480,76,10.10.21.6
disparityBoltSub,7,10,1531606629540,1531606629618,78,10.10.21.6
disparityBoltSub,7,11,1531606629355,1531606629428,73,10.10.21.7
disparityBoltSub,7,12,1531606629572,1531606629646,74,10.10.21.6
disparityBoltSub,7,13,1531606629195,1531606629372,177,10.10.21.6
disparityBoltSub,7,14,1531606629686,1531606629757,71,10.10.21.6
disparityBoltSub,7,15,1531606629686,1531606629757,71,10.10.21.6
disparityBoltSub,7,16,1531606629458,1531606629549,91,10.10.21.7
disparityBoltSub,7,17,1531606629394,1531606629522,128,10.10.21.7
disparityBoltSub,7,18,1531606629371,1531606629466,95,10.10.21.6
disparityBoltSub,7,19,1531606629638,1531606629722,84,10.10.21.6
disparityBoltSub,7,20,1531606629469,1531606629550,81,10.10.21.6
disparityBoltSub,7,21,1531606629379,1531606629475,96,10.10.21.6
disparityBoltSub,7,22,1531606629279,1531606629434,155,10.10.21.6
disparityBoltSub,7,23,1531606629436,1531606629509,73,10.10.21.7
disparityBoltSub,7,24,1531606629510,1531606629592,82,10.10.21.7
disparityBoltSub,7,25,1531606629466,1531606629551,85,10.10.21.6
disparityBoltSub,7,26,1531606629450,1531606629560,110,10.10.21.6
disparityBoltSub,7,27,1531606629442,1531606629592,150,10.10.21.7
disparityBoltSub,7,28,1531606629689,1531606629757,68,10.10.21.6
disparityBoltSub,7,29,1531606629589,1531606629657,68,10.10.21.7
disparityBoltSub,7,30,1531606629438,1531606629564,126,10.10.21.6
disparityBoltSub,7,31,1531606629413,1531606629458,45,10.10.21.6
disparityBolt,7,0,0,0,569,0
mergeBolt,7,0,1531606629764,1531606629781,17,10.10.21.6
reprojectionBolt,7,0,1531606629781,1531606629823,42,null
overall,7,0,1531606627732,1531606629823,2091,0
videoSpout,9,0,1531606628744,1531606628751,7,10.10.21.7
rectificationBolt,9,0,1531606628889,1531606628952,63,10.10.21.6
partitionBolt,9,0,1531606628953,1531606629065,112,10.10.21.6
disparityBoltSub,9,0,1531606629287,1531606629359,72,10.10.21.7
disparityBoltSub,9,1,1531606629573,1531606629644,71,10.10.21.6
disparityBoltSub,9,2,1531606629419,1531606629487,68,10.10.21.7
disparityBoltSub,9,3,1531606629718,1531606629799,81,10.10.21.6
disparityBoltSub,9,4,1531606629443,1531606629572,129,10.10.21.6
disparityBoltSub,9,5,1531606629411,1531606629556,145,10.10.21.7
disparityBoltSub,9,6,1531606629291,1531606629433,142,10.10.21.6
disparityBoltSub,9,7,1531606629321,1531606629434,113,10.10.21.6
disparityBoltSub,9,8,1531606629587,1531606629688,101,10.10.21.6
disparityBoltSub,9,9,1531606629257,1531606629372,115,10.10.21.6
disparityBoltSub,9,10,1531606629368,1531606629452,84,10.10.21.7
disparityBoltSub,9,11,1531606629281,1531606629353,72,10.10.21.7
disparityBoltSub,9,12,1531606629447,1531606629522,75,10.10.21.6
disparityBoltSub,9,13,1531606629361,1531606629435,74,10.10.21.7
disparityBoltSub,9,14,1531606629424,1531606629509,85,10.10.21.7
disparityBoltSub,9,15,1531606629291,1531606629365,74,10.10.21.7
disparityBoltSub,9,16,1531606629347,1531606629451,104,10.10.21.6
disparityBoltSub,9,17,1531606629614,1531606629692,78,10.10.21.7
disparityBoltSub,9,18,1531606629383,1531606629466,83,10.10.21.6
disparityBoltSub,9,19,1531606629464,1531606629545,81,10.10.21.6
disparityBoltSub,9,20,1531606629602,1531606629676,74,10.10.21.7
disparityBoltSub,9,21,1531606629424,1531606629560,136,10.10.21.7
disparityBoltSub,9,22,1531606629566,1531606629686,120,10.10.21.6
disparityBoltSub,9,23,1531606629456,1531606629571,115,10.10.21.6
disparityBoltSub,9,24,1531606629458,1531606629540,82,10.10.21.6
disparityBoltSub,9,25,1531606629514,1531606629592,78,10.10.21.6
disparityBoltSub,9,26,1531606629345,1531606629474,129,10.10.21.6
disparityBoltSub,9,27,1531606629327,1531606629403,76,10.10.21.6
disparityBoltSub,9,28,1531606629378,1531606629457,79,10.10.21.7
disparityBoltSub,9,29,1531606629082,1531606629291,209,10.10.21.6
disparityBoltSub,9,30,1531606629093,1531606629168,75,10.10.21.6
disparityBoltSub,9,31,1531606629440,1531606629509,69,10.10.21.7
disparityBolt,9,0,0,0,717,0
mergeBolt,9,0,1531606629800,1531606629813,13,10.10.21.6
reprojectionBolt,9,0,1531606629813,1531606629890,77,null
overall,9,0,1531606628744,1531606629890,1146,0
videoSpout,11,0,1531606629758,1531606629763,5,10.10.21.7
rectificationBolt,11,0,1531606629789,1531606629821,32,10.10.21.6
partitionBolt,11,0,1531606629821,1531606629879,58,10.10.21.6
disparityBoltSub,11,0,1531606629884,1531606629928,44,10.10.21.6
disparityBoltSub,11,1,1531606629884,1531606629955,71,10.10.21.7
disparityBoltSub,11,2,1531606629882,1531606629954,72,10.10.21.6
disparityBoltSub,11,3,1531606629886,1531606629962,76,10.10.21.6
disparityBoltSub,11,4,1531606629882,1531606629954,72,10.10.21.6
disparityBoltSub,11,5,1531606629887,1531606629959,72,10.10.21.7
disparityBoltSub,11,6,1531606629889,1531606629962,73,10.10.21.6
disparityBoltSub,11,7,1531606629888,1531606629961,73,10.10.21.7
disparityBoltSub,11,8,1531606629890,1531606629961,71,10.10.21.7
disparityBoltSub,11,9,1531606629892,1531606629963,71,10.10.21.7
disparityBoltSub,11,10,1531606629894,1531606629967,73,10.10.21.7
disparityBoltSub,11,11,1531606629888,1531606629959,71,10.10.21.6
disparityBoltSub,11,12,1531606629895,1531606629964,69,10.10.21.7
disparityBoltSub,11,13,1531606629892,1531606629962,70,10.10.21.7
disparityBoltSub,11,14,1531606629894,1531606629967,73,10.10.21.7
disparityBoltSub,11,15,1531606629893,1531606629967,74,10.10.21.6
disparityBoltSub,11,16,1531606629895,1531606630009,114,10.10.21.6
disparityBoltSub,11,17,1531606629896,1531606629970,74,10.10.21.7
disparityBoltSub,11,18,1531606629896,1531606629980,84,10.10.21.6
disparityBoltSub,11,19,1531606629897,1531606629972,75,10.10.21.7
disparityBoltSub,11,20,1531606629898,1531606629973,75,10.10.21.7
disparityBoltSub,11,21,1531606629901,1531606630035,134,10.10.21.7
disparityBoltSub,11,22,1531606629900,1531606630035,135,10.10.21.7
disparityBoltSub,11,23,1531606629896,1531606629971,75,10.10.21.6
disparityBoltSub,11,24,1531606629903,1531606630013,110,10.10.21.7
disparityBoltSub,11,25,1531606629900,1531606629973,73,10.10.21.7
disparityBoltSub,11,26,1531606629902,1531606630006,104,10.10.21.6
disparityBoltSub,11,27,1531606629901,1531606629980,79,10.10.21.6
disparityBoltSub,11,28,1531606629904,1531606629980,76,10.10.21.7
disparityBoltSub,11,29,1531606629904,1531606630007,103,10.10.21.6
disparityBoltSub,11,30,1531606629900,1531606630005,105,10.10.21.6
disparityBoltSub,11,31,1531606629903,1531606629982,79,10.10.21.7
disparityBolt,11,0,0,0,153,0
mergeBolt,11,0,1531606630038,1531606630053,15,10.10.21.6
reprojectionBolt,11,0,1531606630053,1531606630099,46,null
overall,11,0,1531606629758,1531606630099,341,0
videoSpout,12,0,1531606630263,1531606630270,7,10.10.21.7
rectificationBolt,12,0,1531606630293,1531606630325,32,10.10.21.6
partitionBolt,12,0,1531606630325,1531606630345,20,10.10.21.6
disparityBoltSub,12,0,1531606630348,1531606630390,42,10.10.21.7
disparityBoltSub,12,1,1531606630350,1531606630423,73,10.10.21.7
disparityBoltSub,12,2,1531606630349,1531606630435,86,10.10.21.6
disparityBoltSub,12,3,1531606630347,1531606630441,94,10.10.21.6
disparityBoltSub,12,4,1531606630350,1531606630424,74,10.10.21.7
disparityBoltSub,12,5,1531606630347,1531606630443,96,10.10.21.6
disparityBoltSub,12,6,1531606630352,1531606630426,74,10.10.21.7
disparityBoltSub,12,7,1531606630351,1531606630430,79,10.10.21.6
disparityBoltSub,12,8,1531606630354,1531606630430,76,10.10.21.7
disparityBoltSub,12,9,1531606630353,1531606630480,127,10.10.21.7
disparityBoltSub,12,10,1531606630355,1531606630428,73,10.10.21.7
disparityBoltSub,12,11,1531606630353,1531606630429,76,10.10.21.6
disparityBoltSub,12,12,1531606630354,1531606630434,80,10.10.21.6
disparityBoltSub,12,13,1531606630356,1531606630428,72,10.10.21.7
disparityBoltSub,12,14,1531606630353,1531606630480,127,10.10.21.6
disparityBoltSub,12,15,1531606630357,1531606630426,69,10.10.21.7
disparityBoltSub,12,16,1531606630357,1531606630429,72,10.10.21.6
disparityBoltSub,12,17,1531606630358,1531606630439,81,10.10.21.6
disparityBoltSub,12,18,1531606630359,1531606630438,79,10.10.21.6
disparityBoltSub,12,19,1531606630359,1531606630489,130,10.10.21.7
disparityBoltSub,12,20,1531606630360,1531606630444,84,10.10.21.6
disparityBoltSub,12,21,1531606630389,1531606630460,71,10.10.21.6
disparityBoltSub,12,22,1531606630359,1531606630473,114,10.10.21.6
disparityBoltSub,12,23,1531606630386,1531606630460,74,10.10.21.6
disparityBoltSub,12,24,1531606630387,1531606630459,72,10.10.21.6
disparityBoltSub,12,25,1531606630392,1531606630472,80,10.10.21.7
disparityBoltSub,12,26,1531606630390,1531606630462,72,10.10.21.7
disparityBoltSub,12,27,1531606630390,1531606630504,114,10.10.21.6
disparityBoltSub,12,28,1531606630388,1531606630461,73,10.10.21.6
disparityBoltSub,12,29,1531606630392,1531606630461,69,10.10.21.7
disparityBoltSub,12,30,1531606630392,1531606630468,76,10.10.21.6
disparityBoltSub,12,31,1531606630390,1531606630469,79,10.10.21.6
disparityBolt,12,0,0,0,157,0
mergeBolt,12,0,1531606630505,1531606630520,15,10.10.21.6
reprojectionBolt,12,0,1531606630521,1531606630560,39,null
overall,12,0,1531606630263,1531606630560,297,0
videoSpout,13,0,1531606630770,1531606630775,5,10.10.21.7
rectificationBolt,13,0,1531606630799,1531606630828,29,10.10.21.6
partitionBolt,13,0,1531606630828,1531606630847,19,10.10.21.6
disparityBoltSub,13,0,1531606630899,1531606630945,46,10.10.21.7
disparityBoltSub,13,1,1531606630900,1531606630971,71,10.10.21.6
disparityBoltSub,13,2,1531606630901,1531606630978,77,10.10.21.6
disparityBoltSub,13,3,1531606630900,1531606630976,76,10.10.21.6
disparityBoltSub,13,4,1531606630898,1531606630969,71,10.10.21.6
disparityBoltSub,13,5,1531606630898,1531606630970,72,10.10.21.6
disparityBoltSub,13,6,1531606630902,1531606630972,70,10.10.21.6
disparityBoltSub,13,7,1531606630900,1531606630970,70,10.10.21.6
disparityBoltSub,13,8,1531606630902,1531606630987,85,10.10.21.7
disparityBoltSub,13,9,1531606630906,1531606630979,73,10.10.21.7
disparityBoltSub,13,10,1531606630904,1531606630980,76,10.10.21.7
disparityBoltSub,13,11,1531606630908,1531606630979,71,10.10.21.7
disparityBoltSub,13,12,1531606630910,1531606630982,72,10.10.21.7
disparityBoltSub,13,13,1531606630903,1531606630973,70,10.10.21.6
disparityBoltSub,13,14,1531606630911,1531606630983,72,10.10.21.7
disparityBoltSub,13,15,1531606630905,1531606631010,105,10.10.21.6
disparityBoltSub,13,16,1531606630913,1531606630989,76,10.10.21.7
disparityBoltSub,13,17,1531606630904,1531606630978,74,10.10.21.6
disparityBoltSub,13,18,1531606630916,1531606630991,75,10.10.21.7
disparityBoltSub,13,19,1531606630915,1531606631038,123,10.10.21.7
disparityBoltSub,13,20,1531606630906,1531606630979,73,10.10.21.6
disparityBoltSub,13,21,1531606630918,1531606630993,75,10.10.21.7
disparityBoltSub,13,22,1531606630906,1531606630982,76,10.10.21.6
disparityBoltSub,13,23,1531606630910,1531606630982,72,10.10.21.6
disparityBoltSub,13,24,1531606630919,1531606630989,70,10.10.21.7
disparityBoltSub,13,25,1531606630912,1531606630982,70,10.10.21.6
disparityBoltSub,13,26,1531606630921,1531606631031,110,10.10.21.7
disparityBoltSub,13,27,1531606630914,1531606631018,104,10.10.21.6
disparityBoltSub,13,28,1531606630914,1531606630982,68,10.10.21.6
disparityBoltSub,13,29,1531606630916,1531606630987,71,10.10.21.6
disparityBoltSub,13,30,1531606630923,1531606630994,71,10.10.21.7
disparityBoltSub,13,31,1531606630911,1531606630952,41,10.10.21.6
disparityBolt,13,0,0,0,140,0
mergeBolt,13,0,1531606631040,1531606631051,11,10.10.21.6
reprojectionBolt,13,0,1531606631051,1531606631089,38,null
overall,13,0,1531606630770,1531606631090,320,0
videoSpout,14,0,1531606631275,1531606631280,5,10.10.21.7
rectificationBolt,14,0,1531606631318,1531606631347,29,10.10.21.6
partitionBolt,14,0,1531606631347,1531606631366,19,10.10.21.6
disparityBoltSub,14,0,1531606631370,1531606631420,50,10.10.21.6
disparityBoltSub,14,1,1531606631371,1531606631444,73,10.10.21.7
disparityBoltSub,14,2,1531606631374,1531606631448,74,10.10.21.7
disparityBoltSub,14,3,1531606631372,1531606631447,75,10.10.21.7
disparityBoltSub,14,4,1531606631374,1531606631447,73,10.10.21.7
disparityBoltSub,14,5,1531606631376,1531606631449,73,10.10.21.7
disparityBoltSub,14,6,1531606631370,1531606631443,73,10.10.21.6
disparityBoltSub,14,7,1531606631370,1531606631449,79,10.10.21.6
disparityBoltSub,14,8,1531606631379,1531606631460,81,10.10.21.7
disparityBoltSub,14,9,1531606631377,1531606631448,71,10.10.21.7
disparityBoltSub,14,10,1531606631376,1531606631448,72,10.10.21.7
disparityBoltSub,14,11,1531606631377,1531606631453,76,10.10.21.6
disparityBoltSub,14,12,1531606631378,1531606631456,78,10.10.21.6
disparityBoltSub,14,13,1531606631380,1531606631460,80,10.10.21.7
disparityBoltSub,14,14,1531606631382,1531606631460,78,10.10.21.7
disparityBoltSub,14,15,1531606631374,1531606631452,78,10.10.21.6
disparityBoltSub,14,16,1531606631382,1531606631452,70,10.10.21.6
disparityBoltSub,14,17,1531606631374,1531606631454,80,10.10.21.6
disparityBoltSub,14,18,1531606631375,1531606631452,77,10.10.21.6
disparityBoltSub,14,19,1531606631375,1531606631465,90,10.10.21.6
disparityBoltSub,14,20,1531606631376,1531606631452,76,10.10.21.6
disparityBoltSub,14,21,1531606631376,1531606631465,89,10.10.21.6
disparityBoltSub,14,22,1531606631385,1531606631461,76,10.10.21.7
disparityBoltSub,14,23,1531606631382,1531606631455,73,10.10.21.7
disparityBoltSub,14,24,1531606631383,1531606631454,71,10.10.21.7
disparityBoltSub,14,25,1531606631386,1531606631459,73,10.10.21.7
disparityBoltSub,14,26,1531606631388,1531606631466,78,10.10.21.7
disparityBoltSub,14,27,1531606631385,1531606631467,82,10.10.21.6
disparityBoltSub,14,28,1531606631385,1531606631456,71,10.10.21.6
disparityBoltSub,14,29,1531606631390,1531606631461,71,10.10.21.7
disparityBoltSub,14,30,1531606631392,1531606631462,70,10.10.21.7
disparityBoltSub,14,31,1531606631393,1531606631433,40,10.10.21.7
disparityBolt,14,0,0,0,97,0
mergeBolt,14,0,1531606631469,1531606631484,15,10.10.21.6
reprojectionBolt,14,0,1531606631484,1531606631523,39,null
overall,14,0,1531606631275,1531606631523,248,0
videoSpout,15,0,1531606631780,1531606631785,5,10.10.21.7
rectificationBolt,15,0,1531606631808,1531606631838,30,10.10.21.6
partitionBolt,15,0,1531606631838,1531606631857,19,10.10.21.6
disparityBoltSub,15,0,1531606631858,1531606631938,80,10.10.21.6
disparityBoltSub,15,1,1531606631861,1531606631933,72,10.10.21.7
disparityBoltSub,15,2,1531606631861,1531606631954,93,10.10.21.6
disparityBoltSub,15,3,1531606631862,1531606631945,83,10.10.21.6
disparityBoltSub,15,4,1531606631859,1531606631949,90,10.10.21.6
disparityBoltSub,15,5,1531606631863,1531606631965,102,10.10.21.6
disparityBoltSub,15,6,1531606631863,1531606631935,72,10.10.21.7
disparityBoltSub,15,7,1531606631865,1531606631986,121,10.10.21.6
disparityBoltSub,15,8,1531606631866,1531606631937,71,10.10.21.6
disparityBoltSub,15,9,1531606631866,1531606631935,69,10.10.21.7
disparityBoltSub,15,10,1531606631867,1531606631938,71,10.10.21.6
disparityBoltSub,15,11,1531606631867,1531606631941,74,10.10.21.7
disparityBoltSub,15,12,1531606631899,1531606631969,70,10.10.21.6
disparityBoltSub,15,13,1531606631864,1531606631949,85,10.10.21.6
disparityBoltSub,15,14,1531606631868,1531606631940,72,10.10.21.7
disparityBoltSub,15,15,1531606631900,1531606631973,73,10.10.21.7
disparityBoltSub,15,16,1531606631899,1531606631972,73,10.10.21.6
disparityBoltSub,15,17,1531606631901,1531606631973,72,10.10.21.6
disparityBoltSub,15,18,1531606631898,1531606631974,76,10.10.21.6
disparityBoltSub,15,19,1531606631901,1531606632012,111,10.10.21.6
disparityBoltSub,15,20,1531606631902,1531606631980,78,10.10.21.7
disparityBoltSub,15,21,1531606631902,1531606631980,78,10.10.21.7
disparityBoltSub,15,22,1531606631904,1531606631979,75,10.10.21.7
disparityBoltSub,15,23,1531606631900,1531606632007,107,10.10.21.6
disparityBoltSub,15,24,1531606631902,1531606631974,72,10.10.21.6
disparityBoltSub,15,25,1531606631903,1531606631972,69,10.10.21.6
disparityBoltSub,15,26,1531606631905,1531606631979,74,10.10.21.7
disparityBoltSub,15,27,1531606631904,1531606631975,71,10.10.21.6
disparityBoltSub,15,28,1531606631903,1531606631976,73,10.10.21.6
disparityBoltSub,15,29,1531606631905,1531606631979,74,10.10.21.6
disparityBoltSub,15,30,1531606631906,1531606631978,72,10.10.21.7
disparityBoltSub,15,31,1531606631904,1531606631945,41,10.10.21.6
disparityBolt,15,0,0,0,154,0
mergeBolt,15,0,1531606632014,1531606632029,15,10.10.21.6
reprojectionBolt,15,0,1531606632029,1531606632068,39,null
overall,15,0,1531606631780,1531606632068,288,0
videoSpout,16,0,1531606632285,1531606632291,6,10.10.21.7
rectificationBolt,16,0,1531606632314,1531606632345,31,10.10.21.6
partitionBolt,16,0,1531606632345,1531606632391,46,10.10.21.6
disparityBoltSub,16,0,1531606632395,1531606632475,80,10.10.21.7
disparityBoltSub,16,1,1531606632392,1531606632467,75,10.10.21.6
disparityBoltSub,16,2,1531606632396,1531606632472,76,10.10.21.7
disparityBoltSub,16,3,1531606632397,1531606632475,78,10.10.21.7
disparityBoltSub,16,4,1531606632397,1531606632474,77,10.10.21.6
disparityBoltSub,16,5,1531606632398,1531606632473,75,10.10.21.7
disparityBoltSub,16,6,1531606632399,1531606632473,74,10.10.21.7
disparityBoltSub,16,7,1531606632397,1531606632468,71,10.10.21.6
disparityBoltSub,16,8,1531606632401,1531606632507,106,10.10.21.7
disparityBoltSub,16,9,1531606632398,1531606632472,74,10.10.21.6
disparityBoltSub,16,10,1531606632403,1531606632477,74,10.10.21.7
disparityBoltSub,16,11,1531606632400,1531606632504,104,10.10.21.6
disparityBoltSub,16,12,1531606632401,1531606632474,73,10.10.21.7
disparityBoltSub,16,13,1531606632405,1531606632486,81,10.10.21.7
disparityBoltSub,16,14,1531606632402,1531606632494,92,10.10.21.6
disparityBoltSub,16,15,1531606632401,1531606632475,74,10.10.21.6
disparityBoltSub,16,16,1531606632400,1531606632474,74,10.10.21.6
disparityBoltSub,16,17,1531606632400,1531606632474,74,10.10.21.6
disparityBoltSub,16,18,1531606632401,1531606632508,107,10.10.21.6
disparityBoltSub,16,19,1531606632401,1531606632474,73,10.10.21.6
disparityBoltSub,16,20,1531606632404,1531606632500,96,10.10.21.6
disparityBoltSub,16,21,1531606632401,1531606632478,77,10.10.21.6
disparityBoltSub,16,22,1531606632404,1531606632481,77,10.10.21.7
disparityBoltSub,16,23,1531606632407,1531606632481,74,10.10.21.7
disparityBoltSub,16,24,1531606632402,1531606632509,107,10.10.21.6
disparityBoltSub,16,25,1531606632405,1531606632475,70,10.10.21.6
disparityBoltSub,16,26,1531606632410,1531606632516,106,10.10.21.7
disparityBoltSub,16,27,1531606632407,1531606632482,75,10.10.21.7
disparityBoltSub,16,28,1531606632411,1531606632518,107,10.10.21.7
disparityBoltSub,16,29,1531606632406,1531606632512,106,10.10.21.6
disparityBoltSub,16,30,1531606632414,1531606632488,74,10.10.21.7
disparityBoltSub,16,31,1531606632413,1531606632456,43,10.10.21.7
disparityBolt,16,0,0,0,126,0
mergeBolt,16,0,1531606632520,1531606632536,16,10.10.21.6
reprojectionBolt,16,0,1531606632536,1531606632576,40,null
overall,16,0,1531606632285,1531606632576,291,0
videoSpout,17,0,1531606632791,1531606632796,5,10.10.21.7
rectificationBolt,17,0,1531606632886,1531606632916,30,10.10.21.6
partitionBolt,17,0,1531606632916,1531606632934,18,10.10.21.6
disparityBoltSub,17,0,1531606632937,1531606632984,47,10.10.21.7
disparityBoltSub,17,1,1531606632935,1531606633051,116,10.10.21.6
disparityBoltSub,17,2,1531606632935,1531606633007,72,10.10.21.6
disparityBoltSub,17,3,1531606632939,1531606633012,73,10.10.21.7
disparityBoltSub,17,4,1531606632936,1531606633007,71,10.10.21.6
disparityBoltSub,17,5,1531606632939,1531606633034,95,10.10.21.6
disparityBoltSub,17,6,1531606632939,1531606633033,94,10.10.21.6
disparityBoltSub,17,7,1531606632941,1531606633017,76,10.10.21.7
disparityBoltSub,17,8,1531606632942,1531606633016,74,10.10.21.7
disparityBoltSub,17,9,1531606632941,1531606633072,131,10.10.21.6
disparityBoltSub,17,10,1531606632944,1531606633017,73,10.10.21.7
disparityBoltSub,17,11,1531606632943,1531606633033,90,10.10.21.6
disparityBoltSub,17,12,1531606632946,1531606633019,73,10.10.21.7
disparityBoltSub,17,13,1531606632944,1531606633026,82,10.10.21.6
disparityBoltSub,17,14,1531606632946,1531606633061,115,10.10.21.6
disparityBoltSub,17,15,1531606632947,1531606633031,84,10.10.21.6
disparityBoltSub,17,16,1531606632943,1531606633064,121,10.10.21.6
disparityBoltSub,17,17,1531606632950,1531606633037,87,10.10.21.6
disparityBoltSub,17,18,1531606632947,1531606633058,111,10.10.21.6
disparityBoltSub,17,19,1531606632950,1531606633035,85,10.10.21.6
disparityBoltSub,17,20,1531606632944,1531606633028,84,10.10.21.6
disparityBoltSub,17,21,1531606632947,1531606633025,78,10.10.21.7
disparityBoltSub,17,22,1531606632945,1531606633029,84,10.10.21.6
disparityBoltSub,17,23,1531606632951,1531606633072,121,10.10.21.6
disparityBoltSub,17,24,1531606632945,1531606633065,120,10.10.21.6
disparityBoltSub,17,25,1531606632950,1531606633024,74,10.10.21.7
disparityBoltSub,17,26,1531606632953,1531606633026,73,10.10.21.7
disparityBoltSub,17,27,1531606632951,1531606633023,72,10.10.21.7
disparityBoltSub,17,28,1531606632955,1531606633030,75,10.10.21.7
disparityBoltSub,17,29,1531606632954,1531606633035,81,10.10.21.6
disparityBoltSub,17,30,1531606632955,1531606633057,102,10.10.21.6
disparityBoltSub,17,31,1531606632949,1531606633029,80,10.10.21.6
disparityBolt,17,0,0,0,137,0
mergeBolt,17,0,1531606633074,1531606633090,16,10.10.21.6
reprojectionBolt,17,0,1531606633090,1531606633130,40,null
overall,17,0,1531606632791,1531606633130,339,0
videoSpout,18,0,1531606633297,1531606633303,6,10.10.21.7
rectificationBolt,18,0,1531606633325,1531606633357,32,10.10.21.6
partitionBolt,18,0,1531606633357,1531606633376,19,10.10.21.6
disparityBoltSub,18,0,1531606633379,1531606633423,44,10.10.21.7
disparityBoltSub,18,1,1531606633378,1531606633451,73,10.10.21.6
disparityBoltSub,18,2,1531606633383,1531606633508,125,10.10.21.7
disparityBoltSub,18,3,1531606633381,1531606633455,74,10.10.21.7
disparityBoltSub,18,4,1531606633383,1531606633456,73,10.10.21.7
disparityBoltSub,18,5,1531606633379,1531606633451,72,10.10.21.6
disparityBoltSub,18,6,1531606633397,1531606633469,72,10.10.21.7
disparityBoltSub,18,7,1531606633400,1531606633472,72,10.10.21.7
disparityBoltSub,18,8,1531606633397,1531606633471,74,10.10.21.7
disparityBoltSub,18,9,1531606633399,1531606633523,124,10.10.21.7
disparityBoltSub,18,10,1531606633384,1531606633508,124,10.10.21.6
disparityBoltSub,18,11,1531606633399,1531606633477,78,10.10.21.6
disparityBoltSub,18,12,1531606633397,1531606633467,70,10.10.21.6
disparityBoltSub,18,13,1531606633396,1531606633468,72,10.10.21.6
disparityBoltSub,18,14,1531606633401,1531606633471,70,10.10.21.6
disparityBoltSub,18,15,1531606633403,1531606633473,70,10.10.21.6
disparityBoltSub,18,16,1531606633400,1531606633473,73,10.10.21.7
disparityBoltSub,18,17,1531606633404,1531606633524,120,10.10.21.6
disparityBoltSub,18,18,1531606633398,1531606633480,82,10.10.21.6
disparityBoltSub,18,19,1531606633406,1531606633482,76,10.10.21.6
disparityBoltSub,18,20,1531606633400,1531606633542,142,10.10.21.6
disparityBoltSub,18,21,1531606633399,1531606633475,76,10.10.21.6
disparityBoltSub,18,22,1531606633407,1531606633480,73,10.10.21.6
disparityBoltSub,18,23,1531606633410,1531606633484,74,10.10.21.6
disparityBoltSub,18,24,1531606633408,1531606633484,76,10.10.21.6
disparityBoltSub,18,25,1531606633401,1531606633473,72,10.10.21.6
disparityBoltSub,18,26,1531606633401,1531606633541,140,10.10.21.6
disparityBoltSub,18,27,1531606633411,1531606633494,83,10.10.21.6
disparityBoltSub,18,28,1531606633406,1531606633478,72,10.10.21.7
disparityBoltSub,18,29,1531606633411,1531606633493,82,10.10.21.6
disparityBoltSub,18,30,1531606633404,1531606633478,74,10.10.21.6
disparityBoltSub,18,31,1531606633408,1531606633448,40,10.10.21.7
disparityBolt,18,0,0,0,164,0
mergeBolt,18,0,1531606633542,1531606633557,15,10.10.21.6
reprojectionBolt,18,0,1531606633557,1531606633595,38,null
overall,18,0,1531606633297,1531606633595,298,0
videoSpout,19,0,1531606633803,1531606633808,5,10.10.21.7
rectificationBolt,19,0,1531606633827,1531606633859,32,10.10.21.6
partitionBolt,19,0,1531606633859,1531606633891,32,10.10.21.6
disparityBoltSub,19,0,1531606633892,1531606633939,47,10.10.21.6
disparityBoltSub,19,1,1531606633896,1531606633983,87,10.10.21.7
disparityBoltSub,19,2,1531606633896,1531606633975,79,10.10.21.6
disparityBoltSub,19,3,1531606633897,1531606633979,82,10.10.21.7
disparityBoltSub,19,4,1531606633898,1531606633970,72,10.10.21.7
disparityBoltSub,19,5,1531606633898,1531606633972,74,10.10.21.6
disparityBoltSub,19,6,1531606633896,1531606633966,70,10.10.21.6
disparityBoltSub,19,7,1531606633901,1531606633971,70,10.10.21.6
disparityBoltSub,19,8,1531606633900,1531606633969,69,10.10.21.6
disparityBoltSub,19,9,1531606633900,1531606633973,73,10.10.21.7
disparityBoltSub,19,10,1531606633901,1531606633995,94,10.10.21.7
disparityBoltSub,19,11,1531606633901,1531606633972,71,10.10.21.6
disparityBoltSub,19,12,1531606633903,1531606633977,74,10.10.21.6
disparityBoltSub,19,13,1531606633904,1531606633975,71,10.10.21.6
disparityBoltSub,19,14,1531606633902,1531606633975,73,10.10.21.7
disparityBoltSub,19,15,1531606633905,1531606633976,71,10.10.21.6
disparityBoltSub,19,16,1531606633901,1531606633974,73,10.10.21.6
disparityBoltSub,19,17,1531606633901,1531606633975,74,10.10.21.6
disparityBoltSub,19,18,1531606633905,1531606633980,75,10.10.21.6
disparityBoltSub,19,19,1531606633902,1531606633976,74,10.10.21.6
disparityBoltSub,19,20,1531606633906,1531606633983,77,10.10.21.7
disparityBoltSub,19,21,1531606633902,1531606633975,73,10.10.21.6
disparityBoltSub,19,22,1531606633908,1531606633987,79,10.10.21.7
disparityBoltSub,19,23,1531606633912,1531606634006,94,10.10.21.7
disparityBoltSub,19,24,1531606633909,1531606634021,112,10.10.21.7
disparityBoltSub,19,25,1531606633914,1531606633995,81,10.10.21.7
disparityBoltSub,19,26,1531606633910,1531606634019,109,10.10.21.7
disparityBoltSub,19,27,1531606633909,1531606634010,101,10.10.21.7
disparityBoltSub,19,28,1531606633910,1531606633980,70,10.10.21.6
disparityBoltSub,19,29,1531606633916,1531606633999,83,10.10.21.7
disparityBoltSub,19,30,1531606633917,1531606633996,79,10.10.21.7
disparityBoltSub,19,31,1531606633920,1531606633993,73,10.10.21.7
disparityBolt,19,0,0,0,129,0
mergeBolt,19,0,1531606634023,1531606634038,15,10.10.21.6
reprojectionBolt,19,0,1531606634038,1531606634081,43,null
overall,19,0,1531606633803,1531606634081,278,0
videoSpout,20,0,1531606634309,1531606634315,6,10.10.21.7
rectificationBolt,20,0,1531606634337,1531606634368,31,10.10.21.6
partitionBolt,20,0,1531606634368,1531606634387,19,10.10.21.6
disparityBoltSub,20,0,1531606634390,1531606634444,54,10.10.21.6
disparityBoltSub,20,1,1531606634389,1531606634470,81,10.10.21.6
disparityBoltSub,20,2,1531606634389,1531606634470,81,10.10.21.6
disparityBoltSub,20,3,1531606634391,1531606634467,76,10.10.21.6
disparityBoltSub,20,4,1531606634392,1531606634476,84,10.10.21.7
disparityBoltSub,20,5,1531606634393,1531606634468,75,10.10.21.6
disparityBoltSub,20,6,1531606634394,1531606634466,72,10.10.21.7
disparityBoltSub,20,7,1531606634394,1531606634477,83,10.10.21.7
disparityBoltSub,20,8,1531606634394,1531606634475,81,10.10.21.6
disparityBoltSub,20,9,1531606634392,1531606634470,78,10.10.21.6
disparityBoltSub,20,10,1531606634397,1531606634474,77,10.10.21.7
disparityBoltSub,20,11,1531606634397,1531606634477,80,10.10.21.7
disparityBoltSub,20,12,1531606634393,1531606634472,79,10.10.21.6
disparityBoltSub,20,13,1531606634398,1531606634473,75,10.10.21.7
disparityBoltSub,20,14,1531606634418,1531606634493,75,10.10.21.7
disparityBoltSub,20,15,1531606634396,1531606634476,80,10.10.21.6
disparityBoltSub,20,16,1531606634397,1531606634483,86,10.10.21.6
disparityBoltSub,20,17,1531606634418,1531606634540,122,10.10.21.7
disparityBoltSub,20,18,1531606634399,1531606634523,124,10.10.21.7
disparityBoltSub,20,19,1531606634419,1531606634499,80,10.10.21.7
disparityBoltSub,20,20,1531606634398,1531606634488,90,10.10.21.6
disparityBoltSub,20,21,1531606634422,1531606634494,72,10.10.21.7
disparityBoltSub,20,22,1531606634421,1531606634503,82,10.10.21.7
disparityBoltSub,20,23,1531606634416,1531606634493,77,10.10.21.6
disparityBoltSub,20,24,1531606634419,1531606634499,80,10.10.21.6
disparityBoltSub,20,25,1531606634421,1531606634498,77,10.10.21.6
disparityBoltSub,20,26,1531606634421,1531606634496,75,10.10.21.6
disparityBoltSub,20,27,1531606634420,1531606634496,76,10.10.21.7
disparityBoltSub,20,28,1531606634418,1531606634495,77,10.10.21.6
disparityBoltSub,20,29,1531606634422,1531606634500,78,10.10.21.6
disparityBoltSub,20,30,1531606634422,1531606634496,74,10.10.21.7
disparityBoltSub,20,31,1531606634423,1531606634463,40,10.10.21.7
disparityBolt,20,0,0,0,151,0
mergeBolt,20,0,1531606634542,1531606634557,15,10.10.21.6
reprojectionBolt,20,0,1531606634557,1531606634596,39,null
overall,20,0,1531606634309,1531606634596,287,0
videoSpout,21,0,1531606634815,1531606634821,6,10.10.21.7
rectificationBolt,21,0,1531606634842,1531606634871,29,10.10.21.6
partitionBolt,21,0,1531606634871,1531606634889,18,10.10.21.6
disparityBoltSub,21,0,1531606634890,1531606634965,75,10.10.21.6
disparityBoltSub,21,1,1531606634926,1531606634998,72,10.10.21.7
disparityBoltSub,21,2,1531606634927,1531606635005,78,10.10.21.6
disparityBoltSub,21,3,1531606634928,1531606635001,73,10.10.21.7
disparityBoltSub,21,4,1531606634929,1531606635008,79,10.10.21.6
disparityBoltSub,21,5,1531606634931,1531606635005,74,10.10.21.6
disparityBoltSub,21,6,1531606634931,1531606635008,77,10.10.21.7
disparityBoltSub,21,7,1531606634930,1531606635002,72,10.10.21.7
disparityBoltSub,21,8,1531606634928,1531606634998,70,10.10.21.6
disparityBoltSub,21,9,1531606634932,1531606635007,75,10.10.21.6
disparityBoltSub,21,10,1531606634934,1531606635024,90,10.10.21.6
disparityBoltSub,21,11,1531606634933,1531606635011,78,10.10.21.7
disparityBoltSub,21,12,1531606634936,1531606635013,77,10.10.21.6
disparityBoltSub,21,13,1531606634930,1531606635001,71,10.10.21.6
disparityBoltSub,21,14,1531606634936,1531606635063,127,10.10.21.6
disparityBoltSub,21,15,1531606634938,1531606635049,111,10.10.21.6
disparityBoltSub,21,16,1531606634934,1531606635011,77,10.10.21.7
disparityBoltSub,21,17,1531606634938,1531606635020,82,10.10.21.7
disparityBoltSub,21,18,1531606634932,1531606635023,91,10.10.21.6
disparityBoltSub,21,19,1531606634940,1531606635016,76,10.10.21.6
disparityBoltSub,21,20,1531606634941,1531606635022,81,10.10.21.6
disparityBoltSub,21,21,1531606634933,1531606635011,78,10.10.21.6
disparityBoltSub,21,22,1531606634934,1531606635025,91,10.10.21.6
disparityBoltSub,21,23,1531606634942,1531606635020,78,10.10.21.7
disparityBoltSub,21,24,1531606634940,1531606635018,78,10.10.21.7
disparityBoltSub,21,25,1531606634942,1531606635014,72,10.10.21.6
disparityBoltSub,21,26,1531606634943,1531606635069,126,10.10.21.6
disparityBoltSub,21,27,1531606634944,1531606635015,71,10.10.21.7
disparityBoltSub,21,28,1531606634944,1531606635028,84,10.10.21.6
disparityBoltSub,21,29,1531606634946,1531606635019,73,10.10.21.7
disparityBoltSub,21,30,1531606634947,1531606635029,82,10.10.21.6
disparityBoltSub,21,31,1531606634945,1531606634993,48,10.10.21.6
disparityBolt,21,0,0,0,179,0
mergeBolt,21,0,1531606635071,1531606635087,16,10.10.21.6
reprojectionBolt,21,0,1531606635088,1531606635129,41,null
overall,21,0,1531606634815,1531606635129,314,0
videoSpout,22,0,1531606635321,1531606635327,6,10.10.21.7
rectificationBolt,22,0,1531606635348,1531606635402,54,10.10.21.6
partitionBolt,22,0,1531606635402,1531606635421,19,10.10.21.6
disparityBoltSub,22,0,1531606635424,1531606635481,57,10.10.21.7
disparityBoltSub,22,1,1531606635423,1531606635499,76,10.10.21.6
disparityBoltSub,22,2,1531606635427,1531606635509,82,10.10.21.7
disparityBoltSub,22,3,1531606635426,1531606635503,77,10.10.21.6
disparityBoltSub,22,4,1531606635429,1531606635518,89,10.10.21.7
disparityBoltSub,22,5,1531606635443,1531606635517,74,10.10.21.7
disparityBoltSub,22,6,1531606635425,1531606635534,109,10.10.21.6
disparityBoltSub,22,7,1531606635444,1531606635518,74,10.10.21.7
disparityBoltSub,22,8,1531606635428,1531606635503,75,10.10.21.6
disparityBoltSub,22,9,1531606635429,1531606635506,77,10.10.21.7
disparityBoltSub,22,10,1531606635432,1531606635509,77,10.10.21.6
disparityBoltSub,22,11,1531606635430,1531606635504,74,10.10.21.6
disparityBoltSub,22,12,1531606635428,1531606635499,71,10.10.21.6
disparityBoltSub,22,13,1531606635449,1531606635522,73,10.10.21.7
disparityBoltSub,22,14,1531606635447,1531606635529,82,10.10.21.7
disparityBoltSub,22,15,1531606635434,1531606635506,72,10.10.21.6
disparityBoltSub,22,16,1531606635432,1531606635523,91,10.10.21.7
disparityBoltSub,22,17,1531606635434,1531606635517,83,10.10.21.7
disparityBoltSub,22,18,1531606635452,1531606635561,109,10.10.21.7
disparityBoltSub,22,19,1531606635454,1531606635528,74,10.10.21.7
disparityBoltSub,22,20,1531606635435,1531606635550,115,10.10.21.6
disparityBoltSub,22,21,1531606635456,1531606635532,76,10.10.21.7
disparityBoltSub,22,22,1531606635458,1531606635534,76,10.10.21.7
disparityBoltSub,22,23,1531606635433,1531606635508,75,10.10.21.6
disparityBoltSub,22,24,1531606635459,1531606635530,71,10.10.21.7
disparityBoltSub,22,25,1531606635433,1531606635501,68,10.10.21.6
disparityBoltSub,22,26,1531606635461,1531606635568,107,10.10.21.7
disparityBoltSub,22,27,1531606635438,1531606635520,82,10.10.21.6
disparityBoltSub,22,28,1531606635463,1531606635537,74,10.10.21.7
disparityBoltSub,22,29,1531606635440,1531606635519,79,10.10.21.7
disparityBoltSub,22,30,1531606635436,1531606635509,73,10.10.21.6
disparityBoltSub,22,31,1531606635436,1531606635479,43,10.10.21.6
disparityBolt,22,0,0,0,145,0
mergeBolt,22,0,1531606635570,1531606635590,20,10.10.21.6
reprojectionBolt,22,0,1531606635590,1531606635630,40,null
overall,22,0,1531606635321,1531606635630,309,0
videoSpout,23,0,1531606635827,1531606635833,6,10.10.21.7
rectificationBolt,23,0,1531606635854,1531606635886,32,10.10.21.6
partitionBolt,23,0,1531606635886,1531606635906,20,10.10.21.6
disparityBoltSub,23,0,1531606635911,1531606635955,44,10.10.21.7
disparityBoltSub,23,1,1531606635910,1531606635987,77,10.10.21.6
disparityBoltSub,23,2,1531606635912,1531606635987,75,10.10.21.7
disparityBoltSub,23,3,1531606635908,1531606635983,75,10.10.21.6
disparityBoltSub,23,4,1531606635908,1531606635983,75,10.10.21.6
disparityBoltSub,23,5,1531606635915,1531606635987,72,10.10.21.7
disparityBoltSub,23,6,1531606635909,1531606635979,70,10.10.21.6
disparityBoltSub,23,7,1531606635910,1531606636030,120,10.10.21.6
disparityBoltSub,23,8,1531606635913,1531606636038,125,10.10.21.6
disparityBoltSub,23,9,1531606635914,1531606635991,77,10.10.21.6
disparityBoltSub,23,10,1531606635915,1531606635992,77,10.10.21.7
disparityBoltSub,23,11,1531606635918,1531606635992,74,10.10.21.7
disparityBoltSub,23,12,1531606635915,1531606636008,93,10.10.21.6
disparityBoltSub,23,13,1531606635930,1531606636005,75,10.10.21.7
disparityBoltSub,23,14,1531606635916,1531606635990,74,10.10.21.7
disparityBoltSub,23,15,1531606635918,1531606636028,110,10.10.21.7
disparityBoltSub,23,16,1531606635914,1531606636038,124,10.10.21.6
disparityBoltSub,23,17,1531606635928,1531606636003,75,10.10.21.7
disparityBoltSub,23,18,1531606635917,1531606636008,91,10.10.21.6
disparityBoltSub,23,19,1531606635928,1531606636008,80,10.10.21.6
disparityBoltSub,23,20,1531606635932,1531606636042,110,10.10.21.7
disparityBoltSub,23,21,1531606635931,1531606636008,77,10.10.21.7
disparityBoltSub,23,22,1531606635930,1531606636027,97,10.10.21.6
disparityBoltSub,23,23,1531606635932,1531606636026,94,10.10.21.6
disparityBoltSub,23,24,1531606635938,1531606636025,87,10.10.21.6
disparityBoltSub,23,25,1531606635935,1531606636054,119,10.10.21.6
disparityBoltSub,23,26,1531606635933,1531606636026,93,10.10.21.6
disparityBoltSub,23,27,1531606635939,1531606636025,86,10.10.21.6
disparityBoltSub,23,28,1531606635932,1531606636005,73,10.10.21.7
disparityBoltSub,23,29,1531606635929,1531606636001,72,10.10.21.6
disparityBoltSub,23,30,1531606635929,1531606636000,71,10.10.21.6
disparityBoltSub,23,31,1531606635934,1531606635975,41,10.10.21.7
disparityBolt,23,0,0,0,146,0
mergeBolt,23,0,1531606636056,1531606636071,15,10.10.21.6
reprojectionBolt,23,0,1531606636071,1531606636111,40,null
overall,23,0,1531606635827,1531606636111,284,0
videoSpout,24,0,1531606636333,1531606636339,6,10.10.21.7
rectificationBolt,24,0,1531606636361,1531606636389,28,10.10.21.6
partitionBolt,24,0,1531606636389,1531606636406,17,10.10.21.6
disparityBoltSub,24,0,1531606636421,1531606636463,42,10.10.21.7
disparityBoltSub,24,1,1531606636424,1531606636496,72,10.10.21.7
disparityBoltSub,24,2,1531606636422,1531606636498,76,10.10.21.7
disparityBoltSub,24,3,1531606636424,1531606636497,73,10.10.21.6
disparityBoltSub,24,4,1531606636423,1531606636497,74,10.10.21.6
disparityBoltSub,24,5,1531606636428,1531606636497,69,10.10.21.7
disparityBoltSub,24,6,1531606636425,1531606636496,71,10.10.21.7
disparityBoltSub,24,7,1531606636425,1531606636497,72,10.10.21.6
disparityBoltSub,24,8,1531606636422,1531606636497,75,10.10.21.6
disparityBoltSub,24,9,1531606636429,1531606636499,70,10.10.21.7
disparityBoltSub,24,10,1531606636432,1531606636506,74,10.10.21.7
disparityBoltSub,24,11,1531606636432,1531606636502,70,10.10.21.7
disparityBoltSub,24,12,1531606636424,1531606636497,73,10.10.21.6
disparityBoltSub,24,13,1531606636427,1531606636504,77,10.10.21.6
disparityBoltSub,24,14,1531606636429,1531606636506,77,10.10.21.6
disparityBoltSub,24,15,1531606636427,1531606636504,77,10.10.21.6
disparityBoltSub,24,16,1531606636426,1531606636500,74,10.10.21.6
disparityBoltSub,24,17,1531606636429,1531606636504,75,10.10.21.6
disparityBoltSub,24,18,1531606636427,1531606636504,77,10.10.21.6
disparityBoltSub,24,19,1531606636429,1531606636505,76,10.10.21.7
disparityBoltSub,24,20,1531606636435,1531606636507,72,10.10.21.7
disparityBoltSub,24,21,1531606636436,1531606636510,74,10.10.21.7
disparityBoltSub,24,22,1531606636429,1531606636506,77,10.10.21.6
disparityBoltSub,24,23,1531606636432,1531606636507,75,10.10.21.7
disparityBoltSub,24,24,1531606636434,1531606636504,70,10.10.21.7
disparityBoltSub,24,25,1531606636435,1531606636506,71,10.10.21.7
disparityBoltSub,24,26,1531606636438,1531606636507,69,10.10.21.7
disparityBoltSub,24,27,1531606636439,1531606636510,71,10.10.21.7
disparityBoltSub,24,28,1531606636441,1531606636515,74,10.10.21.7
disparityBoltSub,24,29,1531606636433,1531606636506,73,10.10.21.6
disparityBoltSub,24,30,1531606636442,1531606636512,70,10.10.21.7
disparityBoltSub,24,31,1531606636435,1531606636479,44,10.10.21.6
disparityBolt,24,0,0,0,94,0
mergeBolt,24,0,1531606636516,1531606636532,16,10.10.21.6
reprojectionBolt,24,0,1531606636532,1531606636572,40,null
overall,24,0,1531606636333,1531606636572,239,0
videoSpout,25,0,1531606636840,1531606636846,6,10.10.21.7
rectificationBolt,25,0,1531606636874,1531606636903,29,10.10.21.6
partitionBolt,25,0,1531606636903,1531606636922,19,10.10.21.6
disparityBoltSub,25,0,1531606636925,1531606636970,45,10.10.21.6
disparityBoltSub,25,1,1531606636926,1531606637001,75,10.10.21.7
disparityBoltSub,25,2,1531606636923,1531606636995,72,10.10.21.6
disparityBoltSub,25,3,1531606636925,1531606637004,79,10.10.21.6
disparityBoltSub,25,4,1531606636924,1531606637002,78,10.10.21.6
disparityBoltSub,25,5,1531606636928,1531606637002,74,10.10.21.7
disparityBoltSub,25,6,1531606636927,1531606637002,75,10.10.21.6
disparityBoltSub,25,7,1531606636932,1531606637005,73,10.10.21.7
disparityBoltSub,25,8,1531606636930,1531606637002,72,10.10.21.7
disparityBoltSub,25,9,1531606636935,1531606637006,71,10.10.21.7
disparityBoltSub,25,10,1531606636936,1531606637010,74,10.10.21.7
disparityBoltSub,25,11,1531606636927,1531606637048,121,10.10.21.6
disparityBoltSub,25,12,1531606636937,1531606637009,72,10.10.21.7
disparityBoltSub,25,13,1531606636933,1531606637005,72,10.10.21.7
disparityBoltSub,25,14,1531606636930,1531606637003,73,10.10.21.7
disparityBoltSub,25,15,1531606636932,1531606637008,76,10.10.21.6
disparityBoltSub,25,16,1531606636932,1531606637010,78,10.10.21.6
disparityBoltSub,25,17,1531606636940,1531606637014,74,10.10.21.7
disparityBoltSub,25,18,1531606636935,1531606637017,82,10.10.21.6
disparityBoltSub,25,19,1531606636934,1531606637009,75,10.10.21.7
disparityBoltSub,25,20,1531606636941,1531606637016,75,10.10.21.7
disparityBoltSub,25,21,1531606636944,1531606637019,75,10.10.21.7
disparityBoltSub,25,22,1531606636943,1531606637020,77,10.10.21.7
disparityBoltSub,25,23,1531606636934,1531606637015,81,10.10.21.6
disparityBoltSub,25,24,1531606636946,1531606637020,74,10.10.21.7
disparityBoltSub,25,25,1531606636938,1531606637008,70,10.10.21.7
disparityBoltSub,25,26,1531606636938,1531606637011,73,10.10.21.6
disparityBoltSub,25,27,1531606636938,1531606637023,85,10.10.21.6
disparityBoltSub,25,28,1531606636947,1531606637016,69,10.10.21.7
disparityBoltSub,25,29,1531606636940,1531606637034,94,10.10.21.6
disparityBoltSub,25,30,1531606636939,1531606637048,109,10.10.21.6
disparityBoltSub,25,31,1531606636941,1531606636984,43,10.10.21.7
disparityBolt,25,0,0,0,125,0
mergeBolt,25,0,1531606637051,1531606637065,14,10.10.21.6
reprojectionBolt,25,0,1531606637066,1531606637105,39,null
overall,25,0,1531606636840,1531606637105,265,0
videoSpout,26,0,1531606637346,1531606637351,5,10.10.21.7
rectificationBolt,26,0,1531606637373,1531606637403,30,10.10.21.6
partitionBolt,26,0,1531606637403,1531606637423,20,10.10.21.6
disparityBoltSub,26,0,1531606637426,1531606637472,46,10.10.21.7
disparityBoltSub,26,1,1531606637429,1531606637502,73,10.10.21.7
disparityBoltSub,26,2,1531606637428,1531606637508,80,10.10.21.6
disparityBoltSub,26,3,1531606637425,1531606637500,75,10.10.21.6
disparityBoltSub,26,4,1531606637428,1531606637499,71,10.10.21.7
disparityBoltSub,26,5,1531606637426,1531606637502,76,10.10.21.6
disparityBoltSub,26,6,1531606637430,1531606637538,108,10.10.21.7
disparityBoltSub,26,7,1531606637429,1531606637545,116,10.10.21.6
disparityBoltSub,26,8,1531606637448,1531606637520,72,10.10.21.7
disparityBoltSub,26,9,1531606637437,1531606637510,73,10.10.21.7
disparityBoltSub,26,10,1531606637449,1531606637518,69,10.10.21.7
disparityBoltSub,26,11,1531606637432,1531606637528,96,10.10.21.6
disparityBoltSub,26,12,1531606637434,1531606637508,74,10.10.21.6
disparityBoltSub,26,13,1531606637451,1531606637523,72,10.10.21.7
disparityBoltSub,26,14,1531606637431,1531606637525,94,10.10.21.6
disparityBoltSub,26,15,1531606637453,1531606637554,101,10.10.21.7
disparityBoltSub,26,16,1531606637446,1531606637522,76,10.10.21.6
disparityBoltSub,26,17,1531606637448,1531606637543,95,10.10.21.6
disparityBoltSub,26,18,1531606637447,1531606637561,114,10.10.21.6
disparityBoltSub,26,19,1531606637455,1531606637530,75,10.10.21.7
disparityBoltSub,26,20,1531606637450,1531606637524,74,10.10.21.6
disparityBoltSub,26,21,1531606637450,1531606637532,82,10.10.21.6
disparityBoltSub,26,22,1531606637447,1531606637575,128,10.10.21.6
disparityBoltSub,26,23,1531606637447,1531606637523,76,10.10.21.6
disparityBoltSub,26,24,1531606637447,1531606637522,75,10.10.21.6
disparityBoltSub,26,25,1531606637451,1531606637519,68,10.10.21.7
disparityBoltSub,26,26,1531606637457,1531606637529,72,10.10.21.7
disparityBoltSub,26,27,1531606637451,1531606637524,73,10.10.21.6
disparityBoltSub,26,28,1531606637449,1531606637520,71,10.10.21.6
disparityBoltSub,26,29,1531606637457,1531606637529,72,10.10.21.7
disparityBoltSub,26,30,1531606637451,1531606637566,115,10.10.21.6
disparityBoltSub,26,31,1531606637450,1531606637495,45,10.10.21.6
disparityBolt,26,0,0,0,150,0
mergeBolt,26,0,1531606637575,1531606637590,15,10.10.21.6
reprojectionBolt,26,0,1531606637590,1531606637630,40,null
overall,26,0,1531606637346,1531606637630,284,0
videoSpout,27,0,1531606637852,1531606637858,6,10.10.21.7
rectificationBolt,27,0,1531606637879,1531606637912,33,10.10.21.6
partitionBolt,27,0,1531606637912,1531606637955,43,10.10.21.6
disparityBoltSub,27,0,1531606637959,1531606638004,45,10.10.21.7
disparityBoltSub,27,1,1531606637960,1531606638033,73,10.10.21.6
disparityBoltSub,27,2,1531606637960,1531606638035,75,10.10.21.6
disparityBoltSub,27,3,1531606637966,1531606638036,70,10.10.21.6
disparityBoltSub,27,4,1531606637959,1531606638038,79,10.10.21.6
disparityBoltSub,27,5,1531606637959,1531606638036,77,10.10.21.6
disparityBoltSub,27,6,1531606637964,1531606638036,72,10.10.21.6
disparityBoltSub,27,7,1531606637960,1531606638032,72,10.10.21.6
disparityBoltSub,27,8,1531606637963,1531606638035,72,10.10.21.7
disparityBoltSub,27,9,1531606637964,1531606638040,76,10.10.21.7
disparityBoltSub,27,10,1531606637968,1531606638040,72,10.10.21.7
disparityBoltSub,27,11,1531606637970,1531606638097,127,10.10.21.7
disparityBoltSub,27,12,1531606637973,1531606638043,70,10.10.21.7
disparityBoltSub,27,13,1531606637964,1531606638040,76,10.10.21.6
disparityBoltSub,27,14,1531606637971,1531606638042,71,10.10.21.7
disparityBoltSub,27,15,1531606637968,1531606638037,69,10.10.21.6
disparityBoltSub,27,16,1531606637974,1531606638046,72,10.10.21.7
disparityBoltSub,27,17,1531606637966,1531606638088,122,10.10.21.6
disparityBoltSub,27,18,1531606637977,1531606638108,131,10.10.21.7
disparityBoltSub,27,19,1531606637975,1531606638049,74,10.10.21.7
disparityBoltSub,27,20,1531606637968,1531606638042,74,10.10.21.6
disparityBoltSub,27,21,1531606637979,1531606638055,76,10.10.21.7
disparityBoltSub,27,22,1531606637968,1531606638088,120,10.10.21.6
disparityBoltSub,27,23,1531606637971,1531606638044,73,10.10.21.6
disparityBoltSub,27,24,1531606637981,1531606638054,73,10.10.21.7
disparityBoltSub,27,25,1531606637973,1531606638044,71,10.10.21.6
disparityBoltSub,27,26,1531606637983,1531606638055,72,10.10.21.7
disparityBoltSub,27,27,1531606637973,1531606638045,72,10.10.21.6
disparityBoltSub,27,28,1531606637975,1531606638046,71,10.10.21.6
disparityBoltSub,27,29,1531606637974,1531606638045,71,10.10.21.6
disparityBoltSub,27,30,1531606637983,1531606638054,71,10.10.21.7
disparityBoltSub,27,31,1531606637973,1531606638016,43,10.10.21.6
disparityBolt,27,0,0,0,149,0
mergeBolt,27,0,1531606638110,1531606638125,15,10.10.21.6
reprojectionBolt,27,0,1531606638125,1531606638164,39,null
overall,27,0,1531606637852,1531606638164,312,0
videoSpout,28,0,1531606638358,1531606638364,6,10.10.21.7
rectificationBolt,28,0,1531606638405,1531606638435,30,10.10.21.6
partitionBolt,28,0,1531606638435,1531606638453,18,10.10.21.6
disparityBoltSub,28,0,1531606638456,1531606638498,42,10.10.21.6
disparityBoltSub,28,1,1531606638458,1531606638530,72,10.10.21.7
disparityBoltSub,28,2,1531606638460,1531606638531,71,10.10.21.7
disparityBoltSub,28,3,1531606638459,1531606638535,76,10.10.21.7
disparityBoltSub,28,4,1531606638461,1531606638533,72,10.10.21.7
disparityBoltSub,28,5,1531606638461,1531606638531,70,10.10.21.7
disparityBoltSub,28,6,1531606638456,1531606638533,77,10.10.21.6
disparityBoltSub,28,7,1531606638457,1531606638540,83,10.10.21.6
disparityBoltSub,28,8,1531606638463,1531606638571,108,10.10.21.7
disparityBoltSub,28,9,1531606638463,1531606638534,71,10.10.21.7
disparityBoltSub,28,10,1531606638464,1531606638538,74,10.10.21.7
disparityBoltSub,28,11,1531606638461,1531606638536,75,10.10.21.6
disparityBoltSub,28,12,1531606638462,1531606638536,74,10.10.21.6
disparityBoltSub,28,13,1531606638465,1531606638537,72,10.10.21.7
disparityBoltSub,28,14,1531606638466,1531606638537,71,10.10.21.7
disparityBoltSub,28,15,1531606638461,1531606638534,73,10.10.21.6
disparityBoltSub,28,16,1531606638463,1531606638542,79,10.10.21.6
disparityBoltSub,28,17,1531606638462,1531606638550,88,10.10.21.6
disparityBoltSub,28,18,1531606638461,1531606638536,75,10.10.21.6
disparityBoltSub,28,19,1531606638462,1531606638551,89,10.10.21.6
disparityBoltSub,28,20,1531606638463,1531606638553,90,10.10.21.6
disparityBoltSub,28,21,1531606638462,1531606638550,88,10.10.21.6
disparityBoltSub,28,22,1531606638469,1531606638546,77,10.10.21.7
disparityBoltSub,28,23,1531606638467,1531606638576,109,10.10.21.7
disparityBoltSub,28,24,1531606638468,1531606638537,69,10.10.21.7
disparityBoltSub,28,25,1531606638470,1531606638541,71,10.10.21.7
disparityBoltSub,28,26,1531606638472,1531606638542,70,10.10.21.7
disparityBoltSub,28,27,1531606638469,1531606638547,78,10.10.21.6
disparityBoltSub,28,28,1531606638469,1531606638543,74,10.10.21.6
disparityBoltSub,28,29,1531606638474,1531606638547,73,10.10.21.7
disparityBoltSub,28,30,1531606638473,1531606638552,79,10.10.21.7
disparityBoltSub,28,31,1531606638475,1531606638517,42,10.10.21.7
disparityBolt,28,0,0,0,120,0
mergeBolt,28,0,1531606638578,1531606638594,16,10.10.21.6
reprojectionBolt,28,0,1531606638594,1531606638634,40,null
overall,28,0,1531606638358,1531606638634,276,0
videoSpout,29,0,1531606638864,1531606638870,6,10.10.21.7
rectificationBolt,29,0,1531606638889,1531606638919,30,10.10.21.6
partitionBolt,29,0,1531606638919,1531606638939,20,10.10.21.6
disparityBoltSub,29,0,1531606638940,1531606638987,47,10.10.21.6
disparityBoltSub,29,1,1531606638943,1531606639017,74,10.10.21.7
disparityBoltSub,29,2,1531606638943,1531606639023,80,10.10.21.6
disparityBoltSub,29,3,1531606638945,1531606639023,78,10.10.21.6
disparityBoltSub,29,4,1531606638942,1531606639015,73,10.10.21.6
disparityBoltSub,29,5,1531606638945,1531606639023,78,10.10.21.6
disparityBoltSub,29,6,1531606638946,1531606639019,73,10.10.21.7
disparityBoltSub,29,7,1531606638946,1531606639022,76,10.10.21.6
disparityBoltSub,29,8,1531606638955,1531606639028,73,10.10.21.6
disparityBoltSub,29,9,1531606638956,1531606639027,71,10.10.21.7
disparityBoltSub,29,10,1531606638956,1531606639028,72,10.10.21.6
disparityBoltSub,29,11,1531606638955,1531606639029,74,10.10.21.7
disparityBoltSub,29,12,1531606638957,1531606639031,74,10.10.21.6
disparityBoltSub,29,13,1531606638953,1531606639026,73,10.10.21.6
disparityBoltSub,29,14,1531606638958,1531606639029,71,10.10.21.7
disparityBoltSub,29,15,1531606638960,1531606639032,72,10.10.21.7
disparityBoltSub,29,16,1531606638959,1531606639030,71,10.10.21.6
disparityBoltSub,29,17,1531606638958,1531606639052,94,10.10.21.6
disparityBoltSub,29,18,1531606638955,1531606639035,80,10.10.21.6
disparityBoltSub,29,19,1531606638960,1531606639041,81,10.10.21.6
disparityBoltSub,29,20,1531606638961,1531606639036,75,10.10.21.7
disparityBoltSub,29,21,1531606638962,1531606639037,75,10.10.21.7
disparityBoltSub,29,22,1531606638961,1531606639036,75,10.10.21.7
disparityBoltSub,29,23,1531606638958,1531606639035,77,10.10.21.6
disparityBoltSub,29,24,1531606638961,1531606639040,79,10.10.21.6
disparityBoltSub,29,25,1531606638962,1531606639041,79,10.10.21.6
disparityBoltSub,29,26,1531606638963,1531606639037,74,10.10.21.7
disparityBoltSub,29,27,1531606638963,1531606639040,77,10.10.21.6
disparityBoltSub,29,28,1531606638961,1531606639036,75,10.10.21.6
disparityBoltSub,29,29,1531606638963,1531606639040,77,10.10.21.6
disparityBoltSub,29,30,1531606638966,1531606639034,68,10.10.21.7
disparityBoltSub,29,31,1531606638962,1531606639025,63,10.10.21.6
disparityBolt,29,0,0,0,112,0
mergeBolt,29,0,1531606639053,1531606639067,14,10.10.21.6
reprojectionBolt,29,0,1531606639067,1531606639108,41,null
overall,29,0,1531606638864,1531606639108,244,0
videoSpout,30,0,1531606639370,1531606639384,14,10.10.21.7
rectificationBolt,30,0,1531606639406,1531606639438,32,10.10.21.6
partitionBolt,30,0,1531606639438,1531606639472,34,10.10.21.6
disparityBoltSub,30,0,1531606639478,1531606639519,41,10.10.21.7
disparityBoltSub,30,1,1531606639473,1531606639548,75,10.10.21.6
disparityBoltSub,30,2,1531606639477,1531606639549,72,10.10.21.7
disparityBoltSub,30,3,1531606639478,1531606639552,74,10.10.21.7
disparityBoltSub,30,4,1531606639478,1531606639595,117,10.10.21.6
disparityBoltSub,30,5,1531606639479,1531606639552,73,10.10.21.7
disparityBoltSub,30,6,1531606639479,1531606639550,71,10.10.21.7
disparityBoltSub,30,7,1531606639479,1531606639549,70,10.10.21.6
disparityBoltSub,30,8,1531606639481,1531606639553,72,10.10.21.7
disparityBoltSub,30,9,1531606639481,1531606639555,74,10.10.21.6
disparityBoltSub,30,10,1531606639483,1531606639577,94,10.10.21.7
disparityBoltSub,30,11,1531606639480,1531606639551,71,10.10.21.6
disparityBoltSub,30,12,1531606639481,1531606639554,73,10.10.21.7
disparityBoltSub,30,13,1531606639484,1531606639559,75,10.10.21.7
disparityBoltSub,30,14,1531606639483,1531606639556,73,10.10.21.6
disparityBoltSub,30,15,1531606639482,1531606639588,106,10.10.21.6
disparityBoltSub,30,16,1531606639481,1531606639552,71,10.10.21.6
disparityBoltSub,30,17,1531606639481,1531606639599,118,10.10.21.6
disparityBoltSub,30,18,1531606639481,1531606639554,73,10.10.21.6
disparityBoltSub,30,19,1531606639481,1531606639553,72,10.10.21.6
disparityBoltSub,30,20,1531606639484,1531606639558,74,10.10.21.6
disparityBoltSub,30,21,1531606639481,1531606639592,111,10.10.21.6
disparityBoltSub,30,22,1531606639485,1531606639562,77,10.10.21.7
disparityBoltSub,30,23,1531606639486,1531606639560,74,10.10.21.7
disparityBoltSub,30,24,1531606639483,1531606639555,72,10.10.21.6
disparityBoltSub,30,25,1531606639486,1531606639558,72,10.10.21.6
disparityBoltSub,30,26,1531606639489,1531606639565,76,10.10.21.7
disparityBoltSub,30,27,1531606639487,1531606639561,74,10.10.21.7
disparityBoltSub,30,28,1531606639491,1531606639592,101,10.10.21.7
disparityBoltSub,30,29,1531606639487,1531606639559,72,10.10.21.6
disparityBoltSub,30,30,1531606639499,1531606639571,72,10.10.21.7
disparityBoltSub,30,31,1531606639497,1531606639537,40,10.10.21.7
disparityBolt,30,0,0,0,126,0
mergeBolt,30,0,1531606639599,1531606639615,16,10.10.21.6
reprojectionBolt,30,0,1531606639615,1531606639666,51,null
overall,30,0,1531606639370,1531606639666,296,0
videoSpout,31,0,1531606639884,1531606639890,6,10.10.21.7
rectificationBolt,31,0,1531606639911,1531606639938,27,10.10.21.6
partitionBolt,31,0,1531606639939,1531606639956,17,10.10.21.6
disparityBoltSub,31,0,1531606639963,1531606640004,41,10.10.21.7
disparityBoltSub,31,1,1531606639958,1531606640089,131,10.10.21.6
disparityBoltSub,31,2,1531606639958,1531606640055,97,10.10.21.6
disparityBoltSub,31,3,1531606639961,1531606640033,72,10.10.21.7
disparityBoltSub,31,4,1531606639959,1531606640054,95,10.10.21.6
disparityBoltSub,31,5,1531606639963,1531606640038,75,10.10.21.6
disparityBoltSub,31,6,1531606639963,1531606640049,86,10.10.21.6
disparityBoltSub,31,7,1531606639964,1531606640036,72,10.10.21.7
disparityBoltSub,31,8,1531606639966,1531606640036,70,10.10.21.7
disparityBoltSub,31,9,1531606639965,1531606640033,68,10.10.21.6
disparityBoltSub,31,10,1531606639968,1531606640042,74,10.10.21.7
disparityBoltSub,31,11,1531606639966,1531606640039,73,10.10.21.6
disparityBoltSub,31,12,1531606639970,1531606640043,73,10.10.21.7
disparityBoltSub,31,13,1531606639973,1531606640057,84,10.10.21.6
disparityBoltSub,31,14,1531606639969,1531606640042,73,10.10.21.6
disparityBoltSub,31,15,1531606640008,1531606640078,70,10.10.21.6
disparityBoltSub,31,16,1531606639965,1531606640057,92,10.10.21.6
disparityBoltSub,31,17,1531606640007,1531606640080,73,10.10.21.6
disparityBoltSub,31,18,1531606640008,1531606640081,73,10.10.21.6
disparityBoltSub,31,19,1531606640010,1531606640083,73,10.10.21.6
disparityBoltSub,31,20,1531606639968,1531606640081,113,10.10.21.6
disparityBoltSub,31,21,1531606640005,1531606640084,79,10.10.21.7
disparityBoltSub,31,22,1531606639967,1531606640057,90,10.10.21.6
disparityBoltSub,31,23,1531606640011,1531606640117,106,10.10.21.6
disparityBoltSub,31,24,1531606640003,1531606640074,71,10.10.21.6
disparityBoltSub,31,25,1531606640007,1531606640079,72,10.10.21.7
disparityBoltSub,31,26,1531606640008,1531606640080,72,10.10.21.7
disparityBoltSub,31,27,1531606640010,1531606640085,75,10.10.21.7
disparityBoltSub,31,28,1531606640012,1531606640084,72,10.10.21.7
disparityBoltSub,31,29,1531606640012,1531606640081,69,10.10.21.6
disparityBoltSub,31,30,1531606640013,1531606640082,69,10.10.21.6
disparityBoltSub,31,31,1531606640006,1531606640047,41,10.10.21.6
disparityBolt,31,0,0,0,159,0
mergeBolt,31,0,1531606640118,1531606640133,15,10.10.21.6
reprojectionBolt,31,0,1531606640133,1531606640173,40,null
overall,31,0,1531606639884,1531606640173,289,0
videoSpout,32,0,1531606640390,1531606640395,5,10.10.21.7
rectificationBolt,32,0,1531606640414,1531606640446,32,10.10.21.6
partitionBolt,32,0,1531606640446,1531606640465,19,10.10.21.6
disparityBoltSub,32,0,1531606640479,1531606640523,44,10.10.21.7
disparityBoltSub,32,1,1531606640476,1531606640547,71,10.10.21.6
disparityBoltSub,32,2,1531606640482,1531606640556,74,10.10.21.7
disparityBoltSub,32,3,1531606640481,1531606640553,72,10.10.21.7
disparityBoltSub,32,4,1531606640482,1531606640556,74,10.10.21.7
disparityBoltSub,32,5,1531606640478,1531606640550,72,10.10.21.6
disparityBoltSub,32,6,1531606640484,1531606640556,72,10.10.21.7
disparityBoltSub,32,7,1531606640485,1531606640556,71,10.10.21.7
disparityBoltSub,32,8,1531606640483,1531606640556,73,10.10.21.7
disparityBoltSub,32,9,1531606640486,1531606640559,73,10.10.21.7
disparityBoltSub,32,10,1531606640485,1531606640559,74,10.10.21.6
disparityBoltSub,32,11,1531606640488,1531606640559,71,10.10.21.6
disparityBoltSub,32,12,1531606640486,1531606640559,73,10.10.21.6
disparityBoltSub,32,13,1531606640483,1531606640599,116,10.10.21.6
disparityBoltSub,32,14,1531606640489,1531606640559,70,10.10.21.6
disparityBoltSub,32,15,1531606640490,1531606640631,141,10.10.21.6
disparityBoltSub,32,16,1531606640487,1531606640561,74,10.10.21.7
disparityBoltSub,32,17,1531606640490,1531606640565,75,10.10.21.6
disparityBoltSub,32,18,1531606640485,1531606640558,73,10.10.21.6
disparityBoltSub,32,19,1531606640491,1531606640632,141,10.10.21.6
disparityBoltSub,32,20,1531606640486,1531606640557,71,10.10.21.6
disparityBoltSub,32,21,1531606640486,1531606640559,73,10.10.21.6
disparityBoltSub,32,22,1531606640492,1531606640568,76,10.10.21.6
disparityBoltSub,32,23,1531606640493,1531606640610,117,10.10.21.6
disparityBoltSub,32,24,1531606640492,1531606640563,71,10.10.21.6
disparityBoltSub,32,25,1531606640488,1531606640561,73,10.10.21.6
disparityBoltSub,32,26,1531606640488,1531606640556,68,10.10.21.6
disparityBoltSub,32,27,1531606640494,1531606640564,70,10.10.21.6
disparityBoltSub,32,28,1531606640493,1531606640565,72,10.10.21.7
disparityBoltSub,32,29,1531606640495,1531606640566,71,10.10.21.6
disparityBoltSub,32,30,1531606640490,1531606640559,69,10.10.21.6
disparityBoltSub,32,31,1531606640493,1531606640535,42,10.10.21.7
disparityBolt,32,0,0,0,156,0
mergeBolt,32,0,1531606640634,1531606640649,15,10.10.21.6
reprojectionBolt,32,0,1531606640649,1531606640687,38,null
overall,32,0,1531606640390,1531606640687,297,0
videoSpout,33,0,1531606640895,1531606640901,6,10.10.21.7
rectificationBolt,33,0,1531606640939,1531606640967,28,10.10.21.6
partitionBolt,33,0,1531606640967,1531606640985,18,10.10.21.6
disparityBoltSub,33,0,1531606640986,1531606641057,71,10.10.21.6
disparityBoltSub,33,1,1531606640990,1531606641062,72,10.10.21.7
disparityBoltSub,33,2,1531606640989,1531606641105,116,10.10.21.6
disparityBoltSub,33,3,1531606640991,1531606641064,73,10.10.21.7
disparityBoltSub,33,4,1531606640991,1531606641062,71,10.10.21.7
disparityBoltSub,33,5,1531606640992,1531606641109,117,10.10.21.6
disparityBoltSub,33,6,1531606640990,1531606641060,70,10.10.21.6
disparityBoltSub,33,7,1531606640994,1531606641063,69,10.10.21.6
disparityBoltSub,33,8,1531606640993,1531606641064,71,10.10.21.6
disparityBoltSub,33,9,1531606640994,1531606641068,74,10.10.21.7
disparityBoltSub,33,10,1531606640994,1531606641123,129,10.10.21.7
disparityBoltSub,33,11,1531606640995,1531606641068,73,10.10.21.6
disparityBoltSub,33,12,1531606640997,1531606641067,70,10.10.21.6
disparityBoltSub,33,13,1531606640997,1531606641065,68,10.10.21.6
disparityBoltSub,33,14,1531606640995,1531606641066,71,10.10.21.7
disparityBoltSub,33,15,1531606640999,1531606641069,70,10.10.21.6
disparityBoltSub,33,16,1531606640994,1531606641093,99,10.10.21.6
disparityBoltSub,33,17,1531606640995,1531606641070,75,10.10.21.6
disparityBoltSub,33,18,1531606641000,1531606641074,74,10.10.21.6
disparityBoltSub,33,19,1531606640995,1531606641071,76,10.10.21.6
disparityBoltSub,33,20,1531606640998,1531606641073,75,10.10.21.7
disparityBoltSub,33,21,1531606640996,1531606641069,73,10.10.21.6
disparityBoltSub,33,22,1531606641002,1531606641077,75,10.10.21.7
disparityBoltSub,33,23,1531606641000,1531606641073,73,10.10.21.7
disparityBoltSub,33,24,1531606641004,1531606641132,128,10.10.21.7
disparityBoltSub,33,25,1531606641003,1531606641076,73,10.10.21.7
disparityBoltSub,33,26,1531606641001,1531606641073,72,10.10.21.7
disparityBoltSub,33,27,1531606641002,1531606641072,70,10.10.21.7
disparityBoltSub,33,28,1531606641001,1531606641073,72,10.10.21.6
disparityBoltSub,33,29,1531606641008,1531606641080,72,10.10.21.7
disparityBoltSub,33,30,1531606641006,1531606641077,71,10.10.21.7
disparityBoltSub,33,31,1531606641008,1531606641051,43,10.10.21.7
disparityBolt,33,0,0,0,146,0
mergeBolt,33,0,1531606641134,1531606641150,16,10.10.21.6
reprojectionBolt,33,0,1531606641150,1531606641190,40,null
overall,33,0,1531606640895,1531606641190,295,0
videoSpout,34,0,1531606641401,1531606641407,6,10.10.21.7
rectificationBolt,34,0,1531606641426,1531606641455,29,10.10.21.6
partitionBolt,34,0,1531606641455,1531606641475,20,10.10.21.6
disparityBoltSub,34,0,1531606641477,1531606641533,56,10.10.21.6
disparityBoltSub,34,1,1531606641476,1531606641601,125,10.10.21.6
disparityBoltSub,34,2,1531606641476,1531606641567,91,10.10.21.6
disparityBoltSub,34,3,1531606641479,1531606641550,71,10.10.21.6
disparityBoltSub,34,4,1531606641480,1531606641554,74,10.10.21.7
disparityBoltSub,34,5,1531606641480,1531606641551,71,10.10.21.6
disparityBoltSub,34,6,1531606641482,1531606641554,72,10.10.21.7
disparityBoltSub,34,7,1531606641482,1531606641559,77,10.10.21.7
disparityBoltSub,34,8,1531606641481,1531606641557,76,10.10.21.6
disparityBoltSub,34,9,1531606641480,1531606641599,119,10.10.21.6
disparityBoltSub,34,10,1531606641484,1531606641555,71,10.10.21.7
disparityBoltSub,34,11,1531606641483,1531606641586,103,10.10.21.7
disparityBoltSub,34,12,1531606641481,1531606641566,85,10.10.21.6
disparityBoltSub,34,13,1531606641515,1531606641589,74,10.10.21.7
disparityBoltSub,34,14,1531606641514,1531606641590,76,10.10.21.7
disparityBoltSub,34,15,1531606641514,1531606641588,74,10.10.21.6
disparityBoltSub,34,16,1531606641484,1531606641572,88,10.10.21.6
disparityBoltSub,34,17,1531606641517,1531606641596,79,10.10.21.7
disparityBoltSub,34,18,1531606641514,1531606641591,77,10.10.21.7
disparityBoltSub,34,19,1531606641517,1531606641594,77,10.10.21.7
disparityBoltSub,34,20,1531606641515,1531606641603,88,10.10.21.6
disparityBoltSub,34,21,1531606641521,1531606641600,79,10.10.21.7
disparityBoltSub,34,22,1531606641520,1531606641595,75,10.10.21.7
disparityBoltSub,34,23,1531606641515,1531606641586,71,10.10.21.6
disparityBoltSub,34,24,1531606641517,1531606641597,80,10.10.21.6
disparityBoltSub,34,25,1531606641520,1531606641614,94,10.10.21.6
disparityBoltSub,34,26,1531606641524,1531606641597,73,10.10.21.6
disparityBoltSub,34,27,1531606641519,1531606641626,107,10.10.21.7
disparityBoltSub,34,28,1531606641517,1531606641591,74,10.10.21.6
disparityBoltSub,34,29,1531606641525,1531606641599,74,10.10.21.6
disparityBoltSub,34,30,1531606641521,1531606641596,75,10.10.21.7
disparityBoltSub,34,31,1531606641522,1531606641563,41,10.10.21.7
disparityBolt,34,0,0,0,150,0
mergeBolt,34,0,1531606641627,1531606641642,15,10.10.21.6
reprojectionBolt,34,0,1531606641642,1531606641681,39,null
overall,34,0,1531606641401,1531606641681,280,0
videoSpout,35,0,1531606641907,1531606641913,6,10.10.21.7
rectificationBolt,35,0,1531606641933,1531606641961,28,10.10.21.6
partitionBolt,35,0,1531606641961,1531606642009,48,10.10.21.6
disparityBoltSub,35,0,1531606642010,1531606642050,40,10.10.21.6
disparityBoltSub,35,1,1531606642014,1531606642089,75,10.10.21.7
disparityBoltSub,35,2,1531606642014,1531606642089,75,10.10.21.6
disparityBoltSub,35,3,1531606642016,1531606642151,135,10.10.21.7
disparityBoltSub,35,4,1531606642014,1531606642084,70,10.10.21.6
disparityBoltSub,35,5,1531606642016,1531606642089,73,10.10.21.6
disparityBoltSub,35,6,1531606642017,1531606642090,73,10.10.21.7
disparityBoltSub,35,7,1531606642017,1531606642152,135,10.10.21.7
disparityBoltSub,35,8,1531606642015,1531606642084,69,10.10.21.6
disparityBoltSub,35,9,1531606642017,1531606642156,139,10.10.21.6
disparityBoltSub,35,10,1531606642018,1531606642089,71,10.10.21.6
disparityBoltSub,35,11,1531606642019,1531606642095,76,10.10.21.7
disparityBoltSub,35,12,1531606642020,1531606642161,141,10.10.21.6
disparityBoltSub,35,13,1531606642017,1531606642085,68,10.10.21.6
disparityBoltSub,35,14,1531606642019,1531606642089,70,10.10.21.6
disparityBoltSub,35,15,1531606642021,1531606642091,70,10.10.21.6
disparityBoltSub,35,16,1531606642020,1531606642128,108,10.10.21.7
disparityBoltSub,35,17,1531606642023,1531606642096,73,10.10.21.7
disparityBoltSub,35,18,1531606642019,1531606642093,74,10.10.21.6
disparityBoltSub,35,19,1531606642023,1531606642098,75,10.10.21.6
disparityBoltSub,35,20,1531606642023,1531606642100,77,10.10.21.6
disparityBoltSub,35,21,1531606642020,1531606642095,75,10.10.21.6
disparityBoltSub,35,22,1531606642020,1531606642093,73,10.10.21.6
disparityBoltSub,35,23,1531606642026,1531606642102,76,10.10.21.7
disparityBoltSub,35,24,1531606642024,1531606642097,73,10.10.21.7
disparityBoltSub,35,25,1531606642025,1531606642105,80,10.10.21.6
disparityBoltSub,35,26,1531606642025,1531606642097,72,10.10.21.6
disparityBoltSub,35,27,1531606642027,1531606642134,107,10.10.21.7
disparityBoltSub,35,28,1531606642026,1531606642097,71,10.10.21.6
disparityBoltSub,35,29,1531606642029,1531606642096,67,10.10.21.7
disparityBoltSub,35,30,1531606642028,1531606642098,70,10.10.21.6
disparityBoltSub,35,31,1531606642027,1531606642067,40,10.10.21.6
disparityBolt,35,0,0,0,151,0
mergeBolt,35,0,1531606642162,1531606642178,16,10.10.21.6
reprojectionBolt,35,0,1531606642178,1531606642217,39,null
overall,35,0,1531606641907,1531606642217,310,0
videoSpout,36,0,1531606642413,1531606642419,6,10.10.21.7
rectificationBolt,36,0,1531606642452,1531606642482,30,10.10.21.6
partitionBolt,36,0,1531606642482,1531606642501,19,10.10.21.6
disparityBoltSub,36,0,1531606642504,1531606642549,45,10.10.21.7
disparityBoltSub,36,1,1531606642503,1531606642580,77,10.10.21.6
disparityBoltSub,36,2,1531606642506,1531606642582,76,10.10.21.7
disparityBoltSub,36,3,1531606642505,1531606642581,76,10.10.21.6
disparityBoltSub,36,4,1531606642507,1531606642583,76,10.10.21.7
disparityBoltSub,36,5,1531606642514,1531606642594,80,10.10.21.7
disparityBoltSub,36,6,1531606642505,1531606642577,72,10.10.21.6
disparityBoltSub,36,7,1531606642516,1531606642591,75,10.10.21.7
disparityBoltSub,36,8,1531606642506,1531606642580,74,10.10.21.6
disparityBoltSub,36,9,1531606642509,1531606642581,72,10.10.21.7
disparityBoltSub,36,10,1531606642508,1531606642581,73,10.10.21.6
disparityBoltSub,36,11,1531606642509,1531606642583,74,10.10.21.6
disparityBoltSub,36,12,1531606642507,1531606642579,72,10.10.21.6
disparityBoltSub,36,13,1531606642519,1531606642593,74,10.10.21.7
disparityBoltSub,36,14,1531606642520,1531606642595,75,10.10.21.7
disparityBoltSub,36,15,1531606642510,1531606642584,74,10.10.21.6
disparityBoltSub,36,16,1531606642514,1531606642587,73,10.10.21.7
disparityBoltSub,36,17,1531606642513,1531606642588,75,10.10.21.7
disparityBoltSub,36,18,1531606642524,1531606642609,85,10.10.21.7
disparityBoltSub,36,19,1531606642522,1531606642600,78,10.10.21.7
disparityBoltSub,36,20,1531606642514,1531606642594,80,10.10.21.6
disparityBoltSub,36,21,1531606642526,1531606642602,76,10.10.21.7
disparityBoltSub,36,22,1531606642528,1531606642605,77,10.10.21.7
disparityBoltSub,36,23,1531606642513,1531606642588,75,10.10.21.6
disparityBoltSub,36,24,1531606642529,1531606642610,81,10.10.21.7
disparityBoltSub,36,25,1531606642514,1531606642589,75,10.10.21.6
disparityBoltSub,36,26,1531606642531,1531606642607,76,10.10.21.7
disparityBoltSub,36,27,1531606642519,1531606642599,80,10.10.21.6
disparityBoltSub,36,28,1531606642532,1531606642603,71,10.10.21.7
disparityBoltSub,36,29,1531606642519,1531606642590,71,10.10.21.7
disparityBoltSub,36,30,1531606642516,1531606642591,75,10.10.21.6
disparityBoltSub,36,31,1531606642517,1531606642558,41,10.10.21.6
disparityBolt,36,0,0,0,107,0
mergeBolt,36,0,1531606642613,1531606642629,16,10.10.21.6
reprojectionBolt,36,0,1531606642629,1531606642669,40,null
overall,36,0,1531606642413,1531606642669,256,0
videoSpout,37,0,1531606642920,1531606642930,10,10.10.21.7
rectificationBolt,37,0,1531606642952,1531606642980,28,10.10.21.6
partitionBolt,37,0,1531606642980,1531606642999,19,10.10.21.6
disparityBoltSub,37,0,1531606643001,1531606643043,42,10.10.21.7
disparityBoltSub,37,1,1531606643003,1531606643082,79,10.10.21.6
disparityBoltSub,37,2,1531606643004,1531606643075,71,10.10.21.7
disparityBoltSub,37,3,1531606643002,1531606643083,81,10.10.21.6
disparityBoltSub,37,4,1531606643001,1531606643083,82,10.10.21.6
disparityBoltSub,37,5,1531606643005,1531606643080,75,10.10.21.7
disparityBoltSub,37,6,1531606643002,1531606643082,80,10.10.21.6
disparityBoltSub,37,7,1531606643003,1531606643083,80,10.10.21.6
disparityBoltSub,37,8,1531606643005,1531606643084,79,10.10.21.6
disparityBoltSub,37,9,1531606643007,1531606643108,101,10.10.21.6
disparityBoltSub,37,10,1531606643007,1531606643080,73,10.10.21.7
disparityBoltSub,37,11,1531606643032,1531606643104,72,10.10.21.7
disparityBoltSub,37,12,1531606643007,1531606643086,79,10.10.21.6
disparityBoltSub,37,13,1531606643033,1531606643106,73,10.10.21.7
disparityBoltSub,37,14,1531606643031,1531606643107,76,10.10.21.7
disparityBoltSub,37,15,1531606643033,1531606643106,73,10.10.21.7
disparityBoltSub,37,16,1531606643007,1531606643110,103,10.10.21.6
disparityBoltSub,37,17,1531606643034,1531606643109,75,10.10.21.7
disparityBoltSub,37,18,1531606643032,1531606643109,77,10.10.21.6
disparityBoltSub,37,19,1531606643033,1531606643109,76,10.10.21.6
disparityBoltSub,37,20,1531606643035,1531606643127,92,10.10.21.7
disparityBoltSub,37,21,1531606643038,1531606643114,76,10.10.21.7
disparityBoltSub,37,22,1531606643034,1531606643113,79,10.10.21.6
disparityBoltSub,37,23,1531606643036,1531606643127,91,10.10.21.6
disparityBoltSub,37,24,1531606643035,1531606643108,73,10.10.21.6
disparityBoltSub,37,25,1531606643038,1531606643127,89,10.10.21.6
disparityBoltSub,37,26,1531606643037,1531606643111,74,10.10.21.6
disparityBoltSub,37,27,1531606643038,1531606643127,89,10.10.21.6
disparityBoltSub,37,28,1531606643037,1531606643115,78,10.10.21.7
disparityBoltSub,37,29,1531606643036,1531606643109,73,10.10.21.6
disparityBoltSub,37,30,1531606643036,1531606643109,73,10.10.21.6
disparityBoltSub,37,31,1531606643039,1531606643082,43,10.10.21.7
disparityBolt,37,0,0,0,126,0
mergeBolt,37,0,1531606643129,1531606643145,16,10.10.21.6
reprojectionBolt,37,0,1531606643145,1531606643185,40,null
overall,37,0,1531606642920,1531606643185,265,0
videoSpout,38,0,1531606643430,1531606643435,5,10.10.21.7
rectificationBolt,38,0,1531606643456,1531606643480,24,10.10.21.6
partitionBolt,38,0,1531606643480,1531606643514,34,10.10.21.6
disparityBoltSub,38,0,1531606643518,1531606643561,43,10.10.21.7
disparityBoltSub,38,1,1531606643519,1531606643592,73,10.10.21.7
disparityBoltSub,38,2,1531606643521,1531606643593,72,10.10.21.7
disparityBoltSub,38,3,1531606643519,1531606643626,107,10.10.21.6
disparityBoltSub,38,4,1531606643520,1531606643626,106,10.10.21.6
disparityBoltSub,38,5,1531606643524,1531606643595,71,10.10.21.7
disparityBoltSub,38,6,1531606643525,1531606643597,72,10.10.21.7
disparityBoltSub,38,7,1531606643521,1531606643593,72,10.10.21.6
disparityBoltSub,38,8,1531606643520,1531606643596,76,10.10.21.6
disparityBoltSub,38,9,1531606643526,1531606643597,71,10.10.21.7
disparityBoltSub,38,10,1531606643528,1531606643602,74,10.10.21.7
disparityBoltSub,38,11,1531606643530,1531606643600,70,10.10.21.7
disparityBoltSub,38,12,1531606643521,1531606643603,82,10.10.21.6
disparityBoltSub,38,13,1531606643524,1531606643594,70,10.10.21.6
disparityBoltSub,38,14,1531606643526,1531606643598,72,10.10.21.6
disparityBoltSub,38,15,1531606643526,1531606643598,72,10.10.21.6
disparityBoltSub,38,16,1531606643523,1531606643595,72,10.10.21.6
disparityBoltSub,38,17,1531606643526,1531606643605,79,10.10.21.6
disparityBoltSub,38,18,1531606643524,1531606643602,78,10.10.21.6
disparityBoltSub,38,19,1531606643528,1531606643602,74,10.10.21.7
disparityBoltSub,38,20,1531606643531,1531606643605,74,10.10.21.7
disparityBoltSub,38,21,1531606643533,1531606643608,75,10.10.21.7
disparityBoltSub,38,22,1531606643527,1531606643605,78,10.10.21.6
disparityBoltSub,38,23,1531606643529,1531606643603,74,10.10.21.7
disparityBoltSub,38,24,1531606643532,1531606643603,71,10.10.21.7
disparityBoltSub,38,25,1531606643533,1531606643605,72,10.10.21.7
disparityBoltSub,38,26,1531606643535,1531606643605,70,10.10.21.7
disparityBoltSub,38,27,1531606643536,1531606643610,74,10.10.21.7
disparityBoltSub,38,28,1531606643537,1531606643605,68,10.10.21.7
disparityBoltSub,38,29,1531606643529,1531606643602,73,10.10.21.6
disparityBoltSub,38,30,1531606643538,1531606643616,78,10.10.21.7
disparityBoltSub,38,31,1531606643533,1531606643577,44,10.10.21.6
disparityBolt,38,0,0,0,108,0
mergeBolt,38,0,1531606643628,1531606643643,15,10.10.21.6
reprojectionBolt,38,0,1531606643643,1531606643683,40,null
overall,38,0,1531606643430,1531606643683,253,0
videoSpout,39,0,1531606643935,1531606643940,5,10.10.21.7
rectificationBolt,39,0,1531606643972,1531606644002,30,10.10.21.6
partitionBolt,39,0,1531606644002,1531606644022,20,10.10.21.6
disparityBoltSub,39,0,1531606644025,1531606644072,47,10.10.21.6
disparityBoltSub,39,1,1531606644027,1531606644101,74,10.10.21.7
disparityBoltSub,39,2,1531606644024,1531606644098,74,10.10.21.6
disparityBoltSub,39,3,1531606644026,1531606644097,71,10.10.21.6
disparityBoltSub,39,4,1531606644025,1531606644100,75,10.10.21.6
disparityBoltSub,39,5,1531606644029,1531606644102,73,10.10.21.7
disparityBoltSub,39,6,1531606644027,1531606644100,73,10.10.21.6
disparityBoltSub,39,7,1531606644031,1531606644104,73,10.10.21.7
disparityBoltSub,39,8,1531606644030,1531606644104,74,10.10.21.7
disparityBoltSub,39,9,1531606644035,1531606644108,73,10.10.21.7
disparityBoltSub,39,10,1531606644034,1531606644107,73,10.10.21.7
disparityBoltSub,39,11,1531606644028,1531606644102,74,10.10.21.6
disparityBoltSub,39,12,1531606644036,1531606644107,71,10.10.21.7
disparityBoltSub,39,13,1531606644032,1531606644102,70,10.10.21.7
disparityBoltSub,39,14,1531606644032,1531606644105,73,10.10.21.7
disparityBoltSub,39,15,1531606644032,1531606644108,76,10.10.21.6
disparityBoltSub,39,16,1531606644032,1531606644108,76,10.10.21.6
disparityBoltSub,39,17,1531606644038,1531606644114,76,10.10.21.7
disparityBoltSub,39,18,1531606644035,1531606644125,90,10.10.21.6
disparityBoltSub,39,19,1531606644034,1531606644111,77,10.10.21.7
disparityBoltSub,39,20,1531606644042,1531606644117,75,10.10.21.7
disparityBoltSub,39,21,1531606644040,1531606644115,75,10.10.21.7
disparityBoltSub,39,22,1531606644044,1531606644121,77,10.10.21.7
disparityBoltSub,39,23,1531606644034,1531606644127,93,10.10.21.6
disparityBoltSub,39,24,1531606644043,1531606644115,72,10.10.21.7
disparityBoltSub,39,25,1531606644037,1531606644108,71,10.10.21.7
disparityBoltSub,39,26,1531606644037,1531606644113,76,10.10.21.6
disparityBoltSub,39,27,1531606644038,1531606644115,77,10.10.21.6
disparityBoltSub,39,28,1531606644046,1531606644117,71,10.10.21.7
disparityBoltSub,39,29,1531606644039,1531606644115,76,10.10.21.6
disparityBoltSub,39,30,1531606644038,1531606644127,89,10.10.21.6
disparityBoltSub,39,31,1531606644040,1531606644082,42,10.10.21.7
disparityBolt,39,0,0,0,103,0
mergeBolt,39,0,1531606644131,1531606644146,15,10.10.21.6
reprojectionBolt,39,0,1531606644146,1531606644187,41,null
overall,39,0,1531606643935,1531606644187,252,0
videoSpout,40,0,1531606644440,1531606644445,5,10.10.21.7
rectificationBolt,40,0,1531606644466,1531606644495,29,10.10.21.6
partitionBolt,40,0,1531606644495,1531606644515,20,10.10.21.6
disparityBoltSub,40,0,1531606644518,1531606644561,43,10.10.21.7
disparityBoltSub,40,1,1531606644525,1531606644600,75,10.10.21.7
disparityBoltSub,40,2,1531606644519,1531606644599,80,10.10.21.6
disparityBoltSub,40,3,1531606644516,1531606644602,86,10.10.21.6
disparityBoltSub,40,4,1531606644521,1531606644596,75,10.10.21.7
disparityBoltSub,40,5,1531606644518,1531606644636,118,10.10.21.6
disparityBoltSub,40,6,1531606644545,1531606644618,73,10.10.21.7
disparityBoltSub,40,7,1531606644522,1531606644596,74,10.10.21.6
disparityBoltSub,40,8,1531606644546,1531606644618,72,10.10.21.7
disparityBoltSub,40,9,1531606644548,1531606644621,73,10.10.21.7
disparityBoltSub,40,10,1531606644550,1531606644623,73,10.10.21.7
disparityBoltSub,40,11,1531606644522,1531606644599,77,10.10.21.6
disparityBoltSub,40,12,1531606644523,1531606644597,74,10.10.21.6
disparityBoltSub,40,13,1531606644551,1531606644620,69,10.10.21.7
disparityBoltSub,40,14,1531606644522,1531606644615,93,10.10.21.6
disparityBoltSub,40,15,1531606644552,1531606644624,72,10.10.21.7
disparityBoltSub,40,16,1531606644554,1531606644630,76,10.10.21.6
disparityBoltSub,40,17,1531606644556,1531606644630,74,10.10.21.6
disparityBoltSub,40,18,1531606644555,1531606644669,114,10.10.21.6
disparityBoltSub,40,19,1531606644555,1531606644631,76,10.10.21.7
disparityBoltSub,40,20,1531606644557,1531606644636,79,10.10.21.6
disparityBoltSub,40,21,1531606644558,1531606644636,78,10.10.21.6
disparityBoltSub,40,22,1531606644546,1531606644621,75,10.10.21.6
disparityBoltSub,40,23,1531606644546,1531606644620,74,10.10.21.6
disparityBoltSub,40,24,1531606644547,1531606644631,84,10.10.21.6
disparityBoltSub,40,25,1531606644550,1531606644623,73,10.10.21.7
disparityBoltSub,40,26,1531606644556,1531606644627,71,10.10.21.7
disparityBoltSub,40,27,1531606644559,1531606644632,73,10.10.21.6
disparityBoltSub,40,28,1531606644549,1531606644625,76,10.10.21.6
disparityBoltSub,40,29,1531606644557,1531606644630,73,10.10.21.7
disparityBoltSub,40,30,1531606644559,1531606644630,71,10.10.21.6
disparityBoltSub,40,31,1531606644551,1531606644590,39,10.10.21.6
disparityBolt,40,0,0,0,153,0
mergeBolt,40,0,1531606644670,1531606644684,14,10.10.21.6
reprojectionBolt,40,0,1531606644684,1531606644725,41,null
overall,40,0,1531606644440,1531606644725,285,0
videoSpout,41,0,1531606644945,1531606644950,5,10.10.21.7
rectificationBolt,41,0,1531606644972,1531606645004,32,10.10.21.6
partitionBolt,41,0,1531606645004,1531606645045,41,10.10.21.6
disparityBoltSub,41,0,1531606645049,1531606645093,44,10.10.21.7
disparityBoltSub,41,1,1531606645050,1531606645122,72,10.10.21.6
disparityBoltSub,41,2,1531606645051,1531606645120,69,10.10.21.6
disparityBoltSub,41,3,1531606645052,1531606645122,70,10.10.21.6
disparityBoltSub,41,4,1531606645048,1531606645134,86,10.10.21.6
disparityBoltSub,41,5,1531606645049,1531606645120,71,10.10.21.6
disparityBoltSub,41,6,1531606645052,1531606645125,73,10.10.21.6
disparityBoltSub,41,7,1531606645049,1531606645123,74,10.10.21.6
disparityBoltSub,41,8,1531606645052,1531606645122,70,10.10.21.7
disparityBoltSub,41,9,1531606645055,1531606645129,74,10.10.21.7
disparityBoltSub,41,10,1531606645053,1531606645126,73,10.10.21.7
disparityBoltSub,41,11,1531606645055,1531606645127,72,10.10.21.7
disparityBoltSub,41,12,1531606645056,1531606645128,72,10.10.21.7
disparityBoltSub,41,13,1531606645053,1531606645129,76,10.10.21.6
disparityBoltSub,41,14,1531606645057,1531606645131,74,10.10.21.7
disparityBoltSub,41,15,1531606645054,1531606645124,70,10.10.21.6
disparityBoltSub,41,16,1531606645058,1531606645130,72,10.10.21.7
disparityBoltSub,41,17,1531606645054,1531606645130,76,10.10.21.6
disparityBoltSub,41,18,1531606645061,1531606645137,76,10.10.21.7
disparityBoltSub,41,19,1531606645060,1531606645134,74,10.10.21.7
disparityBoltSub,41,20,1531606645056,1531606645131,75,10.10.21.6
disparityBoltSub,41,21,1531606645063,1531606645141,78,10.10.21.7
disparityBoltSub,41,22,1531606645056,1531606645132,76,10.10.21.6
disparityBoltSub,41,23,1531606645059,1531606645130,71,10.10.21.6
disparityBoltSub,41,24,1531606645064,1531606645137,73,10.10.21.7
disparityBoltSub,41,25,1531606645060,1531606645130,70,10.10.21.6
disparityBoltSub,41,26,1531606645066,1531606645142,76,10.10.21.7
disparityBoltSub,41,27,1531606645064,1531606645136,72,10.10.21.6
disparityBoltSub,41,28,1531606645062,1531606645133,71,10.10.21.6
disparityBoltSub,41,29,1531606645064,1531606645134,70,10.10.21.6
disparityBoltSub,41,30,1531606645067,1531606645139,72,10.10.21.7
disparityBoltSub,41,31,1531606645061,1531606645107,46,10.10.21.6
disparityBolt,41,0,0,0,94,0
mergeBolt,41,0,1531606645143,1531606645158,15,10.10.21.6
reprojectionBolt,41,0,1531606645158,1531606645199,41,null
overall,41,0,1531606644945,1531606645199,254,0
videoSpout,42,0,1531606645450,1531606645455,5,10.10.21.7
rectificationBolt,42,0,1531606645495,1531606645524,29,10.10.21.6
partitionBolt,42,0,1531606645524,1531606645543,19,10.10.21.6
disparityBoltSub,42,0,1531606645545,1531606645590,45,10.10.21.6
disparityBoltSub,42,1,1531606645547,1531606645617,70,10.10.21.7
disparityBoltSub,42,2,1531606645550,1531606645620,70,10.10.21.7
disparityBoltSub,42,3,1531606645549,1531606645624,75,10.10.21.7
disparityBoltSub,42,4,1531606645551,1531606645622,71,10.10.21.7
disparityBoltSub,42,5,1531606645551,1531606645622,71,10.10.21.7
disparityBoltSub,42,6,1531606645547,1531606645628,81,10.10.21.6
disparityBoltSub,42,7,1531606645547,1531606645646,99,10.10.21.6
disparityBoltSub,42,8,1531606645553,1531606645624,71,10.10.21.7
disparityBoltSub,42,9,1531606645553,1531606645622,69,10.10.21.7
disparityBoltSub,42,10,1531606645554,1531606645627,73,10.10.21.7
disparityBoltSub,42,11,1531606645550,1531606645627,77,10.10.21.6
disparityBoltSub,42,12,1531606645551,1531606645628,77,10.10.21.6
disparityBoltSub,42,13,1531606645555,1531606645625,70,10.10.21.7
disparityBoltSub,42,14,1531606645557,1531606645626,69,10.10.21.7
disparityBoltSub,42,15,1531606645550,1531606645628,78,10.10.21.6
disparityBoltSub,42,16,1531606645553,1531606645624,71,10.10.21.6
disparityBoltSub,42,17,1531606645552,1531606645645,93,10.10.21.6
disparityBoltSub,42,18,1531606645552,1531606645645,93,10.10.21.6
disparityBoltSub,42,19,1531606645552,1531606645646,94,10.10.21.6
disparityBoltSub,42,20,1531606645552,1531606645646,94,10.10.21.6
disparityBoltSub,42,21,1531606645553,1531606645633,80,10.10.21.6
disparityBoltSub,42,22,1531606645557,1531606645634,77,10.10.21.7
disparityBoltSub,42,23,1531606645558,1531606645690,132,10.10.21.7
disparityBoltSub,42,24,1531606645557,1531606645661,104,10.10.21.7
disparityBoltSub,42,25,1531606645562,1531606645663,101,10.10.21.7
disparityBoltSub,42,26,1531606645561,1531606645633,72,10.10.21.7
disparityBoltSub,42,27,1531606645560,1531606645644,84,10.10.21.6
disparityBoltSub,42,28,1531606645558,1531606645641,83,10.10.21.6
disparityBoltSub,42,29,1531606645565,1531606645696,131,10.10.21.7
disparityBoltSub,42,30,1531606645563,1531606645636,73,10.10.21.7
disparityBoltSub,42,31,1531606645566,1531606645607,41,10.10.21.7
disparityBolt,42,0,0,0,151,0
mergeBolt,42,0,1531606645697,1531606645712,15,10.10.21.6
reprojectionBolt,42,0,1531606645712,1531606645751,39,null
overall,42,0,1531606645450,1531606645751,301,0
videoSpout,43,0,1531606645955,1531606645960,5,10.10.21.7
rectificationBolt,43,0,1531606645980,1531606646012,32,10.10.21.6
partitionBolt,43,0,1531606646012,1531606646033,21,10.10.21.6
disparityBoltSub,43,0,1531606646034,1531606646098,64,10.10.21.6
disparityBoltSub,43,1,1531606646037,1531606646111,74,10.10.21.7
disparityBoltSub,43,2,1531606646037,1531606646116,79,10.10.21.6
disparityBoltSub,43,3,1531606646039,1531606646117,78,10.10.21.6
disparityBoltSub,43,4,1531606646036,1531606646124,88,10.10.21.6
disparityBoltSub,43,5,1531606646040,1531606646118,78,10.10.21.6
disparityBoltSub,43,6,1531606646039,1531606646110,71,10.10.21.7
disparityBoltSub,43,7,1531606646041,1531606646111,70,10.10.21.6
disparityBoltSub,43,8,1531606646065,1531606646138,73,10.10.21.6
disparityBoltSub,43,9,1531606646041,1531606646112,71,10.10.21.7
disparityBoltSub,43,10,1531606646065,1531606646137,72,10.10.21.6
disparityBoltSub,43,11,1531606646066,1531606646141,75,10.10.21.7
disparityBoltSub,43,12,1531606646066,1531606646181,115,10.10.21.6
disparityBoltSub,43,13,1531606646064,1531606646191,127,10.10.21.6
disparityBoltSub,43,14,1531606646066,1531606646137,71,10.10.21.7
disparityBoltSub,43,15,1531606646067,1531606646139,72,10.10.21.7
disparityBoltSub,43,16,1531606646066,1531606646140,74,10.10.21.6
disparityBoltSub,43,17,1531606646068,1531606646142,74,10.10.21.6
disparityBoltSub,43,18,1531606646066,1531606646143,77,10.10.21.6
disparityBoltSub,43,19,1531606646069,1531606646141,72,10.10.21.6
disparityBoltSub,43,20,1531606646069,1531606646144,75,10.10.21.7
disparityBoltSub,43,21,1531606646070,1531606646141,71,10.10.21.7
disparityBoltSub,43,22,1531606646071,1531606646180,109,10.10.21.7
disparityBoltSub,43,23,1531606646068,1531606646196,128,10.10.21.6
disparityBoltSub,43,24,1531606646071,1531606646142,71,10.10.21.6
disparityBoltSub,43,25,1531606646072,1531606646142,70,10.10.21.6
disparityBoltSub,43,26,1531606646073,1531606646152,79,10.10.21.7
disparityBoltSub,43,27,1531606646073,1531606646143,70,10.10.21.6
disparityBoltSub,43,28,1531606646070,1531606646143,73,10.10.21.6
disparityBoltSub,43,29,1531606646073,1531606646198,125,10.10.21.6
disparityBoltSub,43,30,1531606646074,1531606646178,104,10.10.21.7
disparityBoltSub,43,31,1531606646072,1531606646114,42,10.10.21.6
disparityBolt,43,0,0,0,164,0
mergeBolt,43,0,1531606646199,1531606646215,16,10.10.21.6
reprojectionBolt,43,0,1531606646215,1531606646253,38,null
overall,43,0,1531606645955,1531606646253,298,0
videoSpout,44,0,1531606646460,1531606646465,5,10.10.21.7
rectificationBolt,44,0,1531606646485,1531606646520,35,10.10.21.6
partitionBolt,44,0,1531606646520,1531606646561,41,10.10.21.6
disparityBoltSub,44,0,1531606646568,1531606646609,41,10.10.21.7
disparityBoltSub,44,1,1531606646562,1531606646653,91,10.10.21.6
disparityBoltSub,44,2,1531606646566,1531606646645,79,10.10.21.7
disparityBoltSub,44,3,1531606646567,1531606646641,74,10.10.21.7
disparityBoltSub,44,4,1531606646566,1531606646638,72,10.10.21.6
disparityBoltSub,44,5,1531606646568,1531606646641,73,10.10.21.7
disparityBoltSub,44,6,1531606646569,1531606646679,110,10.10.21.7
disparityBoltSub,44,7,1531606646568,1531606646637,69,10.10.21.6
disparityBoltSub,44,8,1531606646571,1531606646646,75,10.10.21.7
disparityBoltSub,44,9,1531606646569,1531606646641,72,10.10.21.6
disparityBoltSub,44,10,1531606646572,1531606646646,74,10.10.21.7
disparityBoltSub,44,11,1531606646570,1531606646704,134,10.10.21.6
disparityBoltSub,44,12,1531606646571,1531606646662,91,10.10.21.7
disparityBoltSub,44,13,1531606646575,1531606646647,72,10.10.21.7
disparityBoltSub,44,14,1531606646571,1531606646645,74,10.10.21.6
disparityBoltSub,44,15,1531606646572,1531606646706,134,10.10.21.6
disparityBoltSub,44,16,1531606646570,1531606646664,94,10.10.21.6
disparityBoltSub,44,17,1531606646570,1531606646645,75,10.10.21.6
disparityBoltSub,44,18,1531606646571,1531606646645,74,10.10.21.6
disparityBoltSub,44,19,1531606646571,1531606646644,73,10.10.21.6
disparityBoltSub,44,20,1531606646573,1531606646647,74,10.10.21.6
disparityBoltSub,44,21,1531606646571,1531606646645,74,10.10.21.6
disparityBoltSub,44,22,1531606646579,1531606646655,76,10.10.21.7
disparityBoltSub,44,23,1531606646581,1531606646655,74,10.10.21.7
disparityBoltSub,44,24,1531606646574,1531606646647,73,10.10.21.6
disparityBoltSub,44,25,1531606646575,1531606646646,71,10.10.21.6
disparityBoltSub,44,26,1531606646579,1531606646706,127,10.10.21.7
disparityBoltSub,44,27,1531606646577,1531606646695,118,10.10.21.7
disparityBoltSub,44,28,1531606646580,1531606646656,76,10.10.21.7
disparityBoltSub,44,29,1531606646577,1531606646650,73,10.10.21.6
disparityBoltSub,44,30,1531606646582,1531606646656,74,10.10.21.7
disparityBoltSub,44,31,1531606646581,1531606646658,77,10.10.21.7
disparityBolt,44,0,0,0,144,0
mergeBolt,44,0,1531606646708,1531606646724,16,10.10.21.6
reprojectionBolt,44,0,1531606646724,1531606646794,70,null
overall,44,0,1531606646460,1531606646794,334,0
videoSpout,45,0,1531606646965,1531606646970,5,10.10.21.7
rectificationBolt,45,0,1531606646990,1531606647016,26,10.10.21.6
partitionBolt,45,0,1531606647016,1531606647035,19,10.10.21.6
disparityBoltSub,45,0,1531606647037,1531606647083,46,10.10.21.7
disparityBoltSub,45,1,1531606647036,1531606647121,85,10.10.21.6
disparityBoltSub,45,2,1531606647036,1531606647131,95,10.10.21.6
disparityBoltSub,45,3,1531606647042,1531606647113,71,10.10.21.7
disparityBoltSub,45,4,1531606647036,1531606647121,85,10.10.21.6
disparityBoltSub,45,5,1531606647041,1531606647120,79,10.10.21.6
disparityBoltSub,45,6,1531606647040,1531606647128,88,10.10.21.6
disparityBoltSub,45,7,1531606647043,1531606647115,72,10.10.21.7
disparityBoltSub,45,8,1531606647044,1531606647115,71,10.10.21.7
disparityBoltSub,45,9,1531606647042,1531606647118,76,10.10.21.6
disparityBoltSub,45,10,1531606647046,1531606647118,72,10.10.21.7
disparityBoltSub,45,11,1531606647042,1531606647120,78,10.10.21.6
disparityBoltSub,45,12,1531606647048,1531606647120,72,10.10.21.7
disparityBoltSub,45,13,1531606647046,1531606647121,75,10.10.21.6
disparityBoltSub,45,14,1531606647044,1531606647127,83,10.10.21.6
disparityBoltSub,45,15,1531606647047,1531606647119,72,10.10.21.6
disparityBoltSub,45,16,1531606647043,1531606647123,80,10.10.21.6
disparityBoltSub,45,17,1531606647073,1531606647148,75,10.10.21.6
disparityBoltSub,45,18,1531606647071,1531606647145,74,10.10.21.6
disparityBoltSub,45,19,1531606647073,1531606647149,76,10.10.21.6
disparityBoltSub,45,20,1531606647045,1531606647175,130,10.10.21.6
disparityBoltSub,45,21,1531606647048,1531606647122,74,10.10.21.7
disparityBoltSub,45,22,1531606647046,1531606647143,97,10.10.21.6
disparityBoltSub,45,23,1531606647074,1531606647145,71,10.10.21.6
disparityBoltSub,45,24,1531606647070,1531606647191,121,10.10.21.6
disparityBoltSub,45,25,1531606647073,1531606647148,75,10.10.21.7
disparityBoltSub,45,26,1531606647076,1531606647147,71,10.10.21.7
disparityBoltSub,45,27,1531606647075,1531606647147,72,10.10.21.7
disparityBoltSub,45,28,1531606647078,1531606647150,72,10.10.21.7
disparityBoltSub,45,29,1531606647075,1531606647147,72,10.10.21.6
disparityBoltSub,45,30,1531606647076,1531606647152,76,10.10.21.6
disparityBoltSub,45,31,1531606647073,1531606647114,41,10.10.21.6
disparityBolt,45,0,0,0,155,0
mergeBolt,45,0,1531606647191,1531606647206,15,10.10.21.6
reprojectionBolt,45,0,1531606647207,1531606647246,39,null
overall,45,0,1531606646965,1531606647246,281,0
videoSpout,46,0,1531606647470,1531606647474,4,10.10.21.7
rectificationBolt,46,0,1531606647495,1531606647527,32,10.10.21.6
partitionBolt,46,0,1531606647527,1531606647546,19,10.10.21.6
disparityBoltSub,46,0,1531606647578,1531606647622,44,10.10.21.7
disparityBoltSub,46,1,1531606647575,1531606647671,96,10.10.21.6
disparityBoltSub,46,2,1531606647579,1531606647654,75,10.10.21.7
disparityBoltSub,46,3,1531606647580,1531606647654,74,10.10.21.7
disparityBoltSub,46,4,1531606647580,1531606647655,75,10.10.21.7
disparityBoltSub,46,5,1531606647577,1531606647651,74,10.10.21.6
disparityBoltSub,46,6,1531606647582,1531606647656,74,10.10.21.7
disparityBoltSub,46,7,1531606647583,1531606647655,72,10.10.21.7
disparityBoltSub,46,8,1531606647583,1531606647658,75,10.10.21.7
disparityBoltSub,46,9,1531606647584,1531606647660,76,10.10.21.7
disparityBoltSub,46,10,1531606647583,1531606647663,80,10.10.21.6
disparityBoltSub,46,11,1531606647583,1531606647653,70,10.10.21.6
disparityBoltSub,46,12,1531606647584,1531606647657,73,10.10.21.6
disparityBoltSub,46,13,1531606647582,1531606647657,75,10.10.21.6
disparityBoltSub,46,14,1531606647585,1531606647659,74,10.10.21.6
disparityBoltSub,46,15,1531606647587,1531606647678,91,10.10.21.6
disparityBoltSub,46,16,1531606647586,1531606647691,105,10.10.21.7
disparityBoltSub,46,17,1531606647587,1531606647662,75,10.10.21.6
disparityBoltSub,46,18,1531606647585,1531606647658,73,10.10.21.6
disparityBoltSub,46,19,1531606647589,1531606647662,73,10.10.21.6
disparityBoltSub,46,20,1531606647585,1531606647658,73,10.10.21.6
disparityBoltSub,46,21,1531606647586,1531606647660,74,10.10.21.6
disparityBoltSub,46,22,1531606647590,1531606647669,79,10.10.21.6
disparityBoltSub,46,23,1531606647591,1531606647667,76,10.10.21.6
disparityBoltSub,46,24,1531606647592,1531606647666,74,10.10.21.6
disparityBoltSub,46,25,1531606647589,1531606647661,72,10.10.21.6
disparityBoltSub,46,26,1531606647589,1531606647658,69,10.10.21.6
disparityBoltSub,46,27,1531606647593,1531606647667,74,10.10.21.6
disparityBoltSub,46,28,1531606647591,1531606647669,78,10.10.21.7
disparityBoltSub,46,29,1531606647594,1531606647662,68,10.10.21.6
disparityBoltSub,46,30,1531606647590,1531606647658,68,10.10.21.6
disparityBoltSub,46,31,1531606647593,1531606647658,65,10.10.21.7
disparityBolt,46,0,0,0,116,0
mergeBolt,46,0,1531606647692,1531606647707,15,10.10.21.6
reprojectionBolt,46,0,1531606647707,1531606647747,40,null
overall,46,0,1531606647470,1531606647747,277,0
videoSpout,47,0,1531606647975,1531606647980,5,10.10.21.7
rectificationBolt,47,0,1531606648027,1531606648056,29,10.10.21.6
partitionBolt,47,0,1531606648056,1531606648074,18,10.10.21.6
disparityBoltSub,47,0,1531606648075,1531606648121,46,10.10.21.6
disparityBoltSub,47,1,1531606648079,1531606648156,77,10.10.21.7
disparityBoltSub,47,2,1531606648078,1531606648150,72,10.10.21.6
disparityBoltSub,47,3,1531606648079,1531606648156,77,10.10.21.7
disparityBoltSub,47,4,1531606648080,1531606648205,125,10.10.21.7
disparityBoltSub,47,5,1531606648079,1531606648151,72,10.10.21.6
disparityBoltSub,47,6,1531606648077,1531606648148,71,10.10.21.6
disparityBoltSub,47,7,1531606648081,1531606648154,73,10.10.21.6
disparityBoltSub,47,8,1531606648080,1531606648151,71,10.10.21.6
disparityBoltSub,47,9,1531606648082,1531606648157,75,10.10.21.7
disparityBoltSub,47,10,1531606648081,1531606648154,73,10.10.21.7
disparityBoltSub,47,11,1531606648083,1531606648154,71,10.10.21.6
disparityBoltSub,47,12,1531606648084,1531606648159,75,10.10.21.6
disparityBoltSub,47,13,1531606648082,1531606648153,71,10.10.21.6
disparityBoltSub,47,14,1531606648085,1531606648156,71,10.10.21.7
disparityBoltSub,47,15,1531606648085,1531606648154,69,10.10.21.6
disparityBoltSub,47,16,1531606648083,1531606648158,75,10.10.21.6
disparityBoltSub,47,17,1531606648083,1531606648198,115,10.10.21.6
disparityBoltSub,47,18,1531606648086,1531606648160,74,10.10.21.6
disparityBoltSub,47,19,1531606648084,1531606648179,95,10.10.21.6
disparityBoltSub,47,20,1531606648086,1531606648212,126,10.10.21.7
disparityBoltSub,47,21,1531606648084,1531606648158,74,10.10.21.6
disparityBoltSub,47,22,1531606648088,1531606648163,75,10.10.21.7
disparityBoltSub,47,23,1531606648091,1531606648165,74,10.10.21.7
disparityBoltSub,47,24,1531606648089,1531606648163,74,10.10.21.7
disparityBoltSub,47,25,1531606648093,1531606648166,73,10.10.21.7
disparityBoltSub,47,26,1531606648091,1531606648165,74,10.10.21.7
disparityBoltSub,47,27,1531606648090,1531606648161,71,10.10.21.7
disparityBoltSub,47,28,1531606648089,1531606648194,105,10.10.21.6
disparityBoltSub,47,29,1531606648094,1531606648168,74,10.10.21.7
disparityBoltSub,47,30,1531606648096,1531606648169,73,10.10.21.7
disparityBoltSub,47,31,1531606648097,1531606648138,41,10.10.21.7
disparityBolt,47,0,0,0,137,0
mergeBolt,47,0,1531606648214,1531606648230,16,10.10.21.6
reprojectionBolt,47,0,1531606648230,1531606648270,40,null
overall,47,0,1531606647975,1531606648270,295,0
videoSpout,48,0,1531606648480,1531606648485,5,10.10.21.7
rectificationBolt,48,0,1531606648506,1531606648534,28,10.10.21.6
partitionBolt,48,0,1531606648534,1531606648554,20,10.10.21.6
disparityBoltSub,48,0,1531606648556,1531606648604,48,10.10.21.6
disparityBoltSub,48,1,1531606648555,1531606648639,84,10.10.21.6
disparityBoltSub,48,2,1531606648555,1531606648638,83,10.10.21.6
disparityBoltSub,48,3,1531606648558,1531606648629,71,10.10.21.6
disparityBoltSub,48,4,1531606648559,1531606648633,74,10.10.21.7
disparityBoltSub,48,5,1531606648559,1531606648631,72,10.10.21.6
disparityBoltSub,48,6,1531606648561,1531606648633,72,10.10.21.7
disparityBoltSub,48,7,1531606648563,1531606648640,77,10.10.21.7
disparityBoltSub,48,8,1531606648561,1531606648667,106,10.10.21.6
disparityBoltSub,48,9,1531606648560,1531606648640,80,10.10.21.6
disparityBoltSub,48,10,1531606648564,1531606648636,72,10.10.21.7
disparityBoltSub,48,11,1531606648563,1531606648634,71,10.10.21.7
disparityBoltSub,48,12,1531606648560,1531606648637,77,10.10.21.6
disparityBoltSub,48,13,1531606648587,1531606648683,96,10.10.21.7
disparityBoltSub,48,14,1531606648588,1531606648662,74,10.10.21.7
disparityBoltSub,48,15,1531606648564,1531606648640,76,10.10.21.6
disparityBoltSub,48,16,1531606648588,1531606648662,74,10.10.21.6
disparityBoltSub,48,17,1531606648587,1531606648663,76,10.10.21.7
disparityBoltSub,48,18,1531606648588,1531606648665,77,10.10.21.7
disparityBoltSub,48,19,1531606648590,1531606648714,124,10.10.21.7
disparityBoltSub,48,20,1531606648588,1531606648707,119,10.10.21.6
disparityBoltSub,48,21,1531606648592,1531606648677,85,10.10.21.7
disparityBoltSub,48,22,1531606648592,1531606648714,122,10.10.21.7
disparityBoltSub,48,23,1531606648586,1531606648662,76,10.10.21.6
disparityBoltSub,48,24,1531606648589,1531606648667,78,10.10.21.6
disparityBoltSub,48,25,1531606648592,1531606648679,87,10.10.21.6
disparityBoltSub,48,26,1531606648591,1531606648698,107,10.10.21.6
disparityBoltSub,48,27,1531606648592,1531606648666,74,10.10.21.7
disparityBoltSub,48,28,1531606648590,1531606648707,117,10.10.21.6
disparityBoltSub,48,29,1531606648592,1531606648672,80,10.10.21.6
disparityBoltSub,48,30,1531606648594,1531606648678,84,10.10.21.7
disparityBoltSub,48,31,1531606648593,1531606648635,42,10.10.21.7
disparityBolt,48,0,0,0,159,0
mergeBolt,48,0,1531606648716,1531606648732,16,10.10.21.6
reprojectionBolt,48,0,1531606648732,1531606648772,40,null
overall,48,0,1531606648480,1531606648772,292,0
videoSpout,49,0,1531606648985,1531606648990,5,10.10.21.7
rectificationBolt,49,0,1531606649012,1531606649040,28,10.10.21.6
partitionBolt,49,0,1531606649040,1531606649075,35,10.10.21.6
disparityBoltSub,49,0,1531606649076,1531606649116,40,10.10.21.6
disparityBoltSub,49,1,1531606649080,1531606649152,72,10.10.21.7
disparityBoltSub,49,2,1531606649080,1531606649150,70,10.10.21.6
disparityBoltSub,49,3,1531606649081,1531606649155,74,10.10.21.7
disparityBoltSub,49,4,1531606649080,1531606649151,71,10.10.21.6
disparityBoltSub,49,5,1531606649081,1531606649188,107,10.10.21.6
disparityBoltSub,49,6,1531606649083,1531606649157,74,10.10.21.7
disparityBoltSub,49,7,1531606649083,1531606649155,72,10.10.21.7
disparityBoltSub,49,8,1531606649080,1531606649149,69,10.10.21.6
disparityBoltSub,49,9,1531606649082,1531606649210,128,10.10.21.6
disparityBoltSub,49,10,1531606649084,1531606649154,70,10.10.21.6
disparityBoltSub,49,11,1531606649085,1531606649159,74,10.10.21.7
disparityBoltSub,49,12,1531606649086,1531606649155,69,10.10.21.6
disparityBoltSub,49,13,1531606649082,1531606649151,69,10.10.21.6
disparityBoltSub,49,14,1531606649088,1531606649195,107,10.10.21.6
disparityBoltSub,49,15,1531606649086,1531606649156,70,10.10.21.6
disparityBoltSub,49,16,1531606649086,1531606649161,75,10.10.21.7
disparityBoltSub,49,17,1531606649088,1531606649163,75,10.10.21.7
disparityBoltSub,49,18,1531606649085,1531606649218,133,10.10.21.6
disparityBoltSub,49,19,1531606649090,1531606649165,75,10.10.21.6
disparityBoltSub,49,20,1531606649088,1531606649164,76,10.10.21.6
disparityBoltSub,49,21,1531606649085,1531606649219,134,10.10.21.6
disparityBoltSub,49,22,1531606649086,1531606649161,75,10.10.21.6
disparityBoltSub,49,23,1531606649091,1531606649162,71,10.10.21.7
disparityBoltSub,49,24,1531606649089,1531606649163,74,10.10.21.7
disparityBoltSub,49,25,1531606649090,1531606649158,68,10.10.21.6
disparityBoltSub,49,26,1531606649091,1531606649164,73,10.10.21.6
disparityBoltSub,49,27,1531606649093,1531606649164,71,10.10.21.7
disparityBoltSub,49,28,1531606649092,1531606649163,71,10.10.21.6
disparityBoltSub,49,29,1531606649094,1531606649167,73,10.10.21.7
disparityBoltSub,49,30,1531606649093,1531606649222,129,10.10.21.6
disparityBoltSub,49,31,1531606649092,1531606649132,40,10.10.21.6
disparityBolt,49,0,0,0,146,0
mergeBolt,49,0,1531606649223,1531606649240,17,10.10.21.6
reprojectionBolt,49,0,1531606649240,1531606649280,40,null
overall,49,0,1531606648985,1531606649280,295,0
videoSpout,50,0,1531606649491,1531606649496,5,10.10.21.7
rectificationBolt,50,0,1531606649538,1531606649569,31,10.10.21.6
partitionBolt,50,0,1531606649569,1531606649588,19,10.10.21.6
disparityBoltSub,50,0,1531606649591,1531606649636,45,10.10.21.7
disparityBoltSub,50,1,1531606649589,1531606649666,77,10.10.21.6
disparityBoltSub,50,2,1531606649593,1531606649668,75,10.10.21.7
disparityBoltSub,50,3,1531606649593,1531606649699,106,10.10.21.6
disparityBoltSub,50,4,1531606649595,1531606649669,74,10.10.21.7
disparityBoltSub,50,5,1531606649599,1531606649669,70,10.10.21.7
disparityBoltSub,50,6,1531606649592,1531606649714,122,10.10.21.6
disparityBoltSub,50,7,1531606649597,1531606649727,130,10.10.21.7
disparityBoltSub,50,8,1531606649595,1531606649715,120,10.10.21.6
disparityBoltSub,50,9,1531606649595,1531606649724,129,10.10.21.7
disparityBoltSub,50,10,1531606649597,1531606649707,110,10.10.21.6
disparityBoltSub,50,11,1531606649596,1531606649665,69,10.10.21.6
disparityBoltSub,50,12,1531606649594,1531606649666,72,10.10.21.6
disparityBoltSub,50,13,1531606649600,1531606649671,71,10.10.21.7
disparityBoltSub,50,14,1531606649602,1531606649731,129,10.10.21.7
disparityBoltSub,50,15,1531606649598,1531606649672,74,10.10.21.6
disparityBoltSub,50,16,1531606649601,1531606649674,73,10.10.21.7
disparityBoltSub,50,17,1531606649599,1531606649676,77,10.10.21.7
disparityBoltSub,50,18,1531606649604,1531606649733,129,10.10.21.7
disparityBoltSub,50,19,1531606649606,1531606649680,74,10.10.21.7
disparityBoltSub,50,20,1531606649600,1531606649689,89,10.10.21.6
disparityBoltSub,50,21,1531606649608,1531606649686,78,10.10.21.7
disparityBoltSub,50,22,1531606649607,1531606649683,76,10.10.21.7
disparityBoltSub,50,23,1531606649600,1531606649672,72,10.10.21.6
disparityBoltSub,50,24,1531606649614,1531606649684,70,10.10.21.7
disparityBoltSub,50,25,1531606649600,1531606649671,71,10.10.21.6
disparityBoltSub,50,26,1531606649615,1531606649685,70,10.10.21.7
disparityBoltSub,50,27,1531606649604,1531606649681,77,10.10.21.6
disparityBoltSub,50,28,1531606649617,1531606649686,69,10.10.21.7
disparityBoltSub,50,29,1531606649606,1531606649677,71,10.10.21.7
disparityBoltSub,50,30,1531606649603,1531606649673,70,10.10.21.6
disparityBoltSub,50,31,1531606649604,1531606649644,40,10.10.21.6
disparityBolt,50,0,0,0,144,0
mergeBolt,50,0,1531606649734,1531606649750,16,10.10.21.6
reprojectionBolt,50,0,1531606649750,1531606649791,41,null
overall,50,0,1531606649491,1531606649791,300,0
videoSpout,51,0,1531606649996,1531606650001,5,10.10.21.7
rectificationBolt,51,0,1531606650023,1531606650053,30,10.10.21.6
partitionBolt,51,0,1531606650053,1531606650073,20,10.10.21.6
disparityBoltSub,51,0,1531606650077,1531606650142,65,10.10.21.7
disparityBoltSub,51,1,1531606650076,1531606650154,78,10.10.21.6
disparityBoltSub,51,2,1531606650078,1531606650148,70,10.10.21.7
disparityBoltSub,51,3,1531606650075,1531606650158,83,10.10.21.6
disparityBoltSub,51,4,1531606650075,1531606650150,75,10.10.21.6
disparityBoltSub,51,5,1531606650080,1531606650152,72,10.10.21.7
disparityBoltSub,51,6,1531606650076,1531606650183,107,10.10.21.6
disparityBoltSub,51,7,1531606650076,1531606650150,74,10.10.21.6
disparityBoltSub,51,8,1531606650080,1531606650160,80,10.10.21.6
disparityBoltSub,51,9,1531606650081,1531606650168,87,10.10.21.6
disparityBoltSub,51,10,1531606650080,1531606650158,78,10.10.21.7
disparityBoltSub,51,11,1531606650082,1531606650193,111,10.10.21.7
disparityBoltSub,51,12,1531606650081,1531606650155,74,10.10.21.6
disparityBoltSub,51,13,1531606650096,1531606650203,107,10.10.21.7
disparityBoltSub,51,14,1531606650082,1531606650154,72,10.10.21.7
disparityBoltSub,51,15,1531606650098,1531606650193,95,10.10.21.7
disparityBoltSub,51,16,1531606650081,1531606650174,93,10.10.21.6
disparityBoltSub,51,17,1531606650099,1531606650172,73,10.10.21.7
disparityBoltSub,51,18,1531606650097,1531606650172,75,10.10.21.6
disparityBoltSub,51,19,1531606650097,1531606650176,79,10.10.21.6
disparityBoltSub,51,20,1531606650100,1531606650175,75,10.10.21.7
disparityBoltSub,51,21,1531606650101,1531606650175,74,10.10.21.7
disparityBoltSub,51,22,1531606650099,1531606650175,76,10.10.21.6
disparityBoltSub,51,23,1531606650100,1531606650230,130,10.10.21.6
disparityBoltSub,51,24,1531606650099,1531606650189,90,10.10.21.6
disparityBoltSub,51,25,1531606650103,1531606650213,110,10.10.21.6
disparityBoltSub,51,26,1531606650101,1531606650174,73,10.10.21.6
disparityBoltSub,51,27,1531606650103,1531606650212,109,10.10.21.6
disparityBoltSub,51,28,1531606650102,1531606650176,74,10.10.21.7
disparityBoltSub,51,29,1531606650101,1531606650173,72,10.10.21.6
disparityBoltSub,51,30,1531606650101,1531606650173,72,10.10.21.6
disparityBoltSub,51,31,1531606650103,1531606650142,39,10.10.21.7
disparityBolt,51,0,0,0,155,0
mergeBolt,51,0,1531606650231,1531606650247,16,10.10.21.6
reprojectionBolt,51,0,1531606650247,1531606650287,40,null
overall,51,0,1531606649996,1531606650287,291,0
videoSpout,52,0,1531606650501,1531606650506,5,10.10.21.7
rectificationBolt,52,0,1531606650528,1531606650552,24,10.10.21.6
partitionBolt,52,0,1531606650552,1531606650578,26,10.10.21.6
disparityBoltSub,52,0,1531606650582,1531606650625,43,10.10.21.7
disparityBoltSub,52,1,1531606650582,1531606650655,73,10.10.21.7
disparityBoltSub,52,2,1531606650584,1531606650656,72,10.10.21.7
disparityBoltSub,52,3,1531606650582,1531606650693,111,10.10.21.6
disparityBoltSub,52,4,1531606650583,1531606650656,73,10.10.21.6
disparityBoltSub,52,5,1531606650585,1531606650657,72,10.10.21.7
disparityBoltSub,52,6,1531606650587,1531606650658,71,10.10.21.7
disparityBoltSub,52,7,1531606650584,1531606650700,116,10.10.21.6
disparityBoltSub,52,8,1531606650583,1531606650656,73,10.10.21.6
disparityBoltSub,52,9,1531606650590,1531606650659,69,10.10.21.7
disparityBoltSub,52,10,1531606650588,1531606650660,72,10.10.21.7
disparityBoltSub,52,11,1531606650591,1531606650662,71,10.10.21.7
disparityBoltSub,52,12,1531606650585,1531606650711,126,10.10.21.6
disparityBoltSub,52,13,1531606650589,1531606650661,72,10.10.21.6
disparityBoltSub,52,14,1531606650589,1531606650683,94,10.10.21.6
disparityBoltSub,52,15,1531606650588,1531606650662,74,10.10.21.6
disparityBoltSub,52,16,1531606650587,1531606650678,91,10.10.21.6
disparityBoltSub,52,17,1531606650590,1531606650708,118,10.10.21.6
disparityBoltSub,52,18,1531606650587,1531606650668,81,10.10.21.6
disparityBoltSub,52,19,1531606650591,1531606650727,136,10.10.21.7
disparityBoltSub,52,20,1531606650593,1531606650729,136,10.10.21.7
disparityBoltSub,52,21,1531606650594,1531606650730,136,10.10.21.7
disparityBoltSub,52,22,1531606650589,1531606650670,81,10.10.21.6
disparityBoltSub,52,23,1531606650592,1531606650664,72,10.10.21.7
disparityBoltSub,52,24,1531606650594,1531606650668,74,10.10.21.7
disparityBoltSub,52,25,1531606650596,1531606650668,72,10.10.21.7
disparityBoltSub,52,26,1531606650596,1531606650667,71,10.10.21.7
disparityBoltSub,52,27,1531606650598,1531606650731,133,10.10.21.7
disparityBoltSub,52,28,1531606650599,1531606650670,71,10.10.21.7
disparityBoltSub,52,29,1531606650592,1531606650665,73,10.10.21.6
disparityBoltSub,52,30,1531606650600,1531606650677,77,10.10.21.7
disparityBoltSub,52,31,1531606650595,1531606650639,44,10.10.21.6
disparityBolt,52,0,0,0,149,0
mergeBolt,52,0,1531606650732,1531606650747,15,10.10.21.6
reprojectionBolt,52,0,1531606650747,1531606650786,39,null
overall,52,0,1531606650501,1531606650786,285,0
videoSpout,53,0,1531606651006,1531606651011,5,10.10.21.7
rectificationBolt,53,0,1531606651048,1531606651084,36,10.10.21.6
partitionBolt,53,0,1531606651084,1531606651103,19,10.10.21.6
disparityBoltSub,53,0,1531606651107,1531606651157,50,10.10.21.6
disparityBoltSub,53,1,1531606651107,1531606651241,134,10.10.21.7
disparityBoltSub,53,2,1531606651105,1531606651178,73,10.10.21.6
disparityBoltSub,53,3,1531606651107,1531606651230,123,10.10.21.6
disparityBoltSub,53,4,1531606651106,1531606651232,126,10.10.21.6
disparityBoltSub,53,5,1531606651110,1531606651181,71,10.10.21.7
disparityBoltSub,53,6,1531606651108,1531606651184,76,10.10.21.6
disparityBoltSub,53,7,1531606651114,1531606651187,73,10.10.21.7
disparityBoltSub,53,8,1531606651111,1531606651182,71,10.10.21.7
disparityBoltSub,53,9,1531606651117,1531606651248,131,10.10.21.7
disparityBoltSub,53,10,1531606651115,1531606651187,72,10.10.21.7
disparityBoltSub,53,11,1531606651110,1531606651187,77,10.10.21.6
disparityBoltSub,53,12,1531606651118,1531606651247,129,10.10.21.7
disparityBoltSub,53,13,1531606651116,1531606651244,128,10.10.21.7
disparityBoltSub,53,14,1531606651114,1531606651186,72,10.10.21.7
disparityBoltSub,53,15,1531606651116,1531606651208,92,10.10.21.6
disparityBoltSub,53,16,1531606651115,1531606651190,75,10.10.21.6
disparityBoltSub,53,17,1531606651120,1531606651194,74,10.10.21.7
disparityBoltSub,53,18,1531606651117,1531606651201,84,10.10.21.6
disparityBoltSub,53,19,1531606651117,1531606651190,73,10.10.21.7
disparityBoltSub,53,20,1531606651122,1531606651194,72,10.10.21.7
disparityBoltSub,53,21,1531606651124,1531606651230,106,10.10.21.7
disparityBoltSub,53,22,1531606651124,1531606651198,74,10.10.21.7
disparityBoltSub,53,23,1531606651116,1531606651195,79,10.10.21.6
disparityBoltSub,53,24,1531606651126,1531606651232,106,10.10.21.7
disparityBoltSub,53,25,1531606651120,1531606651193,73,10.10.21.7
disparityBoltSub,53,26,1531606651120,1531606651218,98,10.10.21.6
disparityBoltSub,53,27,1531606651120,1531606651202,82,10.10.21.6
disparityBoltSub,53,28,1531606651128,1531606651200,72,10.10.21.7
disparityBoltSub,53,29,1531606651122,1531606651196,74,10.10.21.6
disparityBoltSub,53,30,1531606651120,1531606651195,75,10.10.21.6
disparityBoltSub,53,31,1531606651122,1531606651162,40,10.10.21.7
disparityBolt,53,0,0,0,143,0
mergeBolt,53,0,1531606651249,1531606651264,15,10.10.21.6
reprojectionBolt,53,0,1531606651264,1531606651304,40,null
overall,53,0,1531606651006,1531606651304,298,0
videoSpout,54,0,1531606651511,1531606651516,5,10.10.21.7
rectificationBolt,54,0,1531606651534,1531606651564,30,10.10.21.6
partitionBolt,54,0,1531606651564,1531606651584,20,10.10.21.6
disparityBoltSub,54,0,1531606651588,1531606651632,44,10.10.21.7
disparityBoltSub,54,1,1531606651587,1531606651658,71,10.10.21.7
disparityBoltSub,54,2,1531606651588,1531606651667,79,10.10.21.6
disparityBoltSub,54,3,1531606651587,1531606651658,71,10.10.21.6
disparityBoltSub,54,4,1531606651592,1531606651663,71,10.10.21.7
disparityBoltSub,54,5,1531606651587,1531606651659,72,10.10.21.6
disparityBoltSub,54,6,1531606651591,1531606651664,73,10.10.21.7
disparityBoltSub,54,7,1531606651590,1531606651672,82,10.10.21.6
disparityBoltSub,54,8,1531606651593,1531606651662,69,10.10.21.7
disparityBoltSub,54,9,1531606651594,1531606651665,71,10.10.21.7
disparityBoltSub,54,10,1531606651604,1531606651677,73,10.10.21.7
disparityBoltSub,54,11,1531606651592,1531606651665,73,10.10.21.6
disparityBoltSub,54,12,1531606651593,1531606651672,79,10.10.21.6
disparityBoltSub,54,13,1531606651605,1531606651677,72,10.10.21.7
disparityBoltSub,54,14,1531606651591,1531606651665,74,10.10.21.6
disparityBoltSub,54,15,1531606651607,1531606651716,109,10.10.21.7
disparityBoltSub,54,16,1531606651594,1531606651669,75,10.10.21.6
disparityBoltSub,54,17,1531606651604,1531606651676,72,10.10.21.6
disparityBoltSub,54,18,1531606651603,1531606651680,77,10.10.21.6
disparityBoltSub,54,19,1531606651608,1531606651684,76,10.10.21.7
disparityBoltSub,54,20,1531606651605,1531606651682,77,10.10.21.6
disparityBoltSub,54,21,1531606651606,1531606651681,75,10.10.21.6
disparityBoltSub,54,22,1531606651603,1531606651714,111,10.10.21.6
disparityBoltSub,54,23,1531606651604,1531606651678,74,10.10.21.6
disparityBoltSub,54,24,1531606651604,1531606651673,69,10.10.21.6
disparityBoltSub,54,25,1531606651607,1531606651714,107,10.10.21.7
disparityBoltSub,54,26,1531606651610,1531606651680,70,10.10.21.7
disparityBoltSub,54,27,1531606651608,1531606651680,72,10.10.21.6
disparityBoltSub,54,28,1531606651606,1531606651678,72,10.10.21.6
disparityBoltSub,54,29,1531606651611,1531606651683,72,10.10.21.7
disparityBoltSub,54,30,1531606651610,1531606651679,69,10.10.21.6
disparityBoltSub,54,31,1531606651607,1531606651684,77,10.10.21.6
disparityBolt,54,0,0,0,129,0
mergeBolt,54,0,1531606651717,1531606651733,16,10.10.21.6
reprojectionBolt,54,0,1531606651733,1531606651772,39,null
overall,54,0,1531606651511,1531606651772,261,0
videoSpout,55,0,1531606652016,1531606652021,5,10.10.21.7
rectificationBolt,55,0,1531606652040,1531606652070,30,10.10.21.6
partitionBolt,55,0,1531606652070,1531606652102,32,10.10.21.6
disparityBoltSub,55,0,1531606652106,1531606652147,41,10.10.21.7
disparityBoltSub,55,1,1531606652107,1531606652184,77,10.10.21.6
disparityBoltSub,55,2,1531606652107,1531606652178,71,10.10.21.6
disparityBoltSub,55,3,1531606652108,1531606652182,74,10.10.21.6
disparityBoltSub,55,4,1531606652105,1531606652181,76,10.10.21.6
disparityBoltSub,55,5,1531606652106,1531606652176,70,10.10.21.6
disparityBoltSub,55,6,1531606652110,1531606652186,76,10.10.21.6
disparityBoltSub,55,7,1531606652106,1531606652231,125,10.10.21.6
disparityBoltSub,55,8,1531606652110,1531606652184,74,10.10.21.7
disparityBoltSub,55,9,1531606652112,1531606652240,128,10.10.21.7
disparityBoltSub,55,10,1531606652111,1531606652184,73,10.10.21.7
disparityBoltSub,55,11,1531606652114,1531606652241,127,10.10.21.7
disparityBoltSub,55,12,1531606652116,1531606652189,73,10.10.21.7
disparityBoltSub,55,13,1531606652110,1531606652183,73,10.10.21.6
disparityBoltSub,55,14,1531606652117,1531606652189,72,10.10.21.7
disparityBoltSub,55,15,1531606652112,1531606652235,123,10.10.21.6
disparityBoltSub,55,16,1531606652118,1531606652236,118,10.10.21.7
disparityBoltSub,55,17,1531606652111,1531606652224,113,10.10.21.6
disparityBoltSub,55,18,1531606652120,1531606652196,76,10.10.21.7
disparityBoltSub,55,19,1531606652123,1531606652197,74,10.10.21.7
disparityBoltSub,55,20,1531606652113,1531606652247,134,10.10.21.6
disparityBoltSub,55,21,1531606652122,1531606652197,75,10.10.21.7
disparityBoltSub,55,22,1531606652114,1531606652225,111,10.10.21.6
disparityBoltSub,55,23,1531606652115,1531606652186,71,10.10.21.6
disparityBoltSub,55,24,1531606652123,1531606652197,74,10.10.21.7
disparityBoltSub,55,25,1531606652116,1531606652248,132,10.10.21.6
disparityBoltSub,55,26,1531606652126,1531606652243,117,10.10.21.7
disparityBoltSub,55,27,1531606652118,1531606652192,74,10.10.21.6
disparityBoltSub,55,28,1531606652117,1531606652191,74,10.10.21.6
disparityBoltSub,55,29,1531606652119,1531606652194,75,10.10.21.6
disparityBoltSub,55,30,1531606652126,1531606652197,71,10.10.21.7
disparityBoltSub,55,31,1531606652117,1531606652158,41,10.10.21.6
disparityBolt,55,0,0,0,143,0
mergeBolt,55,0,1531606652249,1531606652265,16,10.10.21.6
reprojectionBolt,55,0,1531606652265,1531606652305,40,null
overall,55,0,1531606652016,1531606652305,289,0
videoSpout,56,0,1531606652521,1531606652525,4,10.10.21.7
rectificationBolt,56,0,1531606652567,1531606652598,31,10.10.21.6
partitionBolt,56,0,1531606652598,1531606652618,20,10.10.21.6
disparityBoltSub,56,0,1531606652621,1531606652664,43,10.10.21.6
disparityBoltSub,56,1,1531606652622,1531606652694,72,10.10.21.7
disparityBoltSub,56,2,1531606652624,1531606652694,70,10.10.21.7
disparityBoltSub,56,3,1531606652623,1531606652697,74,10.10.21.7
disparityBoltSub,56,4,1531606652625,1531606652748,123,10.10.21.7
disparityBoltSub,56,5,1531606652626,1531606652697,71,10.10.21.7
disparityBoltSub,56,6,1531606652623,1531606652705,82,10.10.21.6
disparityBoltSub,56,7,1531606652623,1531606652705,82,10.10.21.6
disparityBoltSub,56,8,1531606652627,1531606652697,70,10.10.21.7
disparityBoltSub,56,9,1531606652629,1531606652700,71,10.10.21.7
disparityBoltSub,56,10,1531606652628,1531606652699,71,10.10.21.7
disparityBoltSub,56,11,1531606652627,1531606652699,72,10.10.21.6
disparityBoltSub,56,12,1531606652628,1531606652700,72,10.10.21.6
disparityBoltSub,56,13,1531606652629,1531606652700,71,10.10.21.7
disparityBoltSub,56,14,1531606652630,1531606652703,73,10.10.21.7
disparityBoltSub,56,15,1531606652627,1531606652756,129,10.10.21.6
disparityBoltSub,56,16,1531606652629,1531606652700,71,10.10.21.6
disparityBoltSub,56,17,1531606652628,1531606652759,131,10.10.21.6
disparityBoltSub,56,18,1531606652629,1531606652705,76,10.10.21.6
disparityBoltSub,56,19,1531606652629,1531606652705,76,10.10.21.6
disparityBoltSub,56,20,1531606652629,1531606652725,96,10.10.21.6
disparityBoltSub,56,21,1531606652629,1531606652711,82,10.10.21.6
disparityBoltSub,56,22,1531606652632,1531606652758,126,10.10.21.7
disparityBoltSub,56,23,1531606652636,1531606652709,73,10.10.21.7
disparityBoltSub,56,24,1531606652634,1531606652708,74,10.10.21.7
disparityBoltSub,56,25,1531606652636,1531606652708,72,10.10.21.7
disparityBoltSub,56,26,1531606652635,1531606652707,72,10.10.21.7
disparityBoltSub,56,27,1531606652635,1531606652735,100,10.10.21.6
disparityBoltSub,56,28,1531606652635,1531606652712,77,10.10.21.6
disparityBoltSub,56,29,1531606652640,1531606652711,71,10.10.21.7
disparityBoltSub,56,30,1531606652638,1531606652712,74,10.10.21.7
disparityBoltSub,56,31,1531606652640,1531606652680,40,10.10.21.7
disparityBolt,56,0,0,0,138,0
mergeBolt,56,0,1531606652760,1531606652776,16,10.10.21.6
reprojectionBolt,56,0,1531606652776,1531606652816,40,null
overall,56,0,1531606652521,1531606652816,295,0
videoSpout,57,0,1531606653026,1531606653031,5,10.10.21.7
rectificationBolt,57,0,1531606653051,1531606653081,30,10.10.21.6
partitionBolt,57,0,1531606653081,1531606653101,20,10.10.21.6
disparityBoltSub,57,0,1531606653102,1531606653151,49,10.10.21.6
disparityBoltSub,57,1,1531606653106,1531606653181,75,10.10.21.7
disparityBoltSub,57,2,1531606653104,1531606653225,121,10.10.21.6
disparityBoltSub,57,3,1531606653107,1531606653206,99,10.10.21.6
disparityBoltSub,57,4,1531606653104,1531606653177,73,10.10.21.6
disparityBoltSub,57,5,1531606653106,1531606653176,70,10.10.21.6
disparityBoltSub,57,6,1531606653108,1531606653182,74,10.10.21.7
disparityBoltSub,57,7,1531606653113,1531606653181,68,10.10.21.6
disparityBoltSub,57,8,1531606653120,1531606653193,73,10.10.21.6
disparityBoltSub,57,9,1531606653121,1531606653231,110,10.10.21.7
disparityBoltSub,57,10,1531606653122,1531606653200,78,10.10.21.6
disparityBoltSub,57,11,1531606653122,1531606653236,114,10.10.21.7
disparityBoltSub,57,12,1531606653122,1531606653193,71,10.10.21.6
disparityBoltSub,57,13,1531606653120,1531606653189,69,10.10.21.6
disparityBoltSub,57,14,1531606653122,1531606653191,69,10.10.21.7
disparityBoltSub,57,15,1531606653124,1531606653194,70,10.10.21.7
disparityBoltSub,57,16,1531606653125,1531606653198,73,10.10.21.6
disparityBoltSub,57,17,1531606653123,1531606653246,123,10.10.21.6
disparityBoltSub,57,18,1531606653122,1531606653196,74,10.10.21.6
disparityBoltSub,57,19,1531606653125,1531606653202,77,10.10.21.6
disparityBoltSub,57,20,1531606653126,1531606653198,72,10.10.21.7
disparityBoltSub,57,21,1531606653126,1531606653201,75,10.10.21.7
disparityBoltSub,57,22,1531606653128,1531606653203,75,10.10.21.7
disparityBoltSub,57,23,1531606653124,1531606653199,75,10.10.21.6
disparityBoltSub,57,24,1531606653127,1531606653198,71,10.10.21.6
disparityBoltSub,57,25,1531606653127,1531606653199,72,10.10.21.6
disparityBoltSub,57,26,1531606653128,1531606653200,72,10.10.21.7
disparityBoltSub,57,27,1531606653129,1531606653207,78,10.10.21.6
disparityBoltSub,57,28,1531606653126,1531606653200,74,10.10.21.6
disparityBoltSub,57,29,1531606653130,1531606653203,73,10.10.21.6
disparityBoltSub,57,30,1531606653129,1531606653202,73,10.10.21.7
disparityBoltSub,57,31,1531606653127,1531606653195,68,10.10.21.6
disparityBolt,57,0,0,0,144,0
mergeBolt,57,0,1531606653248,1531606653264,16,10.10.21.6
reprojectionBolt,57,0,1531606653264,1531606653304,40,null
overall,57,0,1531606653026,1531606653304,278,0
videoSpout,58,0,1531606653531,1531606653536,5,10.10.21.7
rectificationBolt,58,0,1531606653557,1531606653589,32,10.10.21.6
partitionBolt,58,0,1531606653589,1531606653651,62,10.10.21.6
disparityBoltSub,58,0,1531606653656,1531606653696,40,10.10.21.7
disparityBoltSub,58,1,1531606653652,1531606653734,82,10.10.21.6
disparityBoltSub,58,2,1531606653655,1531606653758,103,10.10.21.7
disparityBoltSub,58,3,1531606653656,1531606653730,74,10.10.21.7
disparityBoltSub,58,4,1531606653656,1531606653729,73,10.10.21.6
disparityBoltSub,58,5,1531606653659,1531606653730,71,10.10.21.7
disparityBoltSub,58,6,1531606653658,1531606653729,71,10.10.21.7
disparityBoltSub,58,7,1531606653657,1531606653765,108,10.10.21.6
disparityBoltSub,58,8,1531606653660,1531606653731,71,10.10.21.7
disparityBoltSub,58,9,1531606653659,1531606653734,75,10.10.21.6
disparityBoltSub,58,10,1531606653661,1531606653734,73,10.10.21.7
disparityBoltSub,58,11,1531606653660,1531606653728,68,10.10.21.6
disparityBoltSub,58,12,1531606653661,1531606653734,73,10.10.21.7
disparityBoltSub,58,13,1531606653662,1531606653736,74,10.10.21.7
disparityBoltSub,58,14,1531606653662,1531606653737,75,10.10.21.6
disparityBoltSub,58,15,1531606653660,1531606653737,77,10.10.21.6
disparityBoltSub,58,16,1531606653660,1531606653767,107,10.10.21.6
disparityBoltSub,58,17,1531606653660,1531606653733,73,10.10.21.6
disparityBoltSub,58,18,1531606653661,1531606653735,74,10.10.21.6
disparityBoltSub,58,19,1531606653661,1531606653765,104,10.10.21.6
disparityBoltSub,58,20,1531606653664,1531606653737,73,10.10.21.6
disparityBoltSub,58,21,1531606653661,1531606653734,73,10.10.21.6
disparityBoltSub,58,22,1531606653664,1531606653740,76,10.10.21.7
disparityBoltSub,58,23,1531606653666,1531606653737,71,10.10.21.7
disparityBoltSub,58,24,1531606653663,1531606653755,92,10.10.21.6
disparityBoltSub,58,25,1531606653665,1531606653737,72,10.10.21.6
disparityBoltSub,58,26,1531606653668,1531606653767,99,10.10.21.7
disparityBoltSub,58,27,1531606653666,1531606653743,77,10.10.21.7
disparityBoltSub,58,28,1531606653670,1531606653742,72,10.10.21.7
disparityBoltSub,58,29,1531606653667,1531606653740,73,10.10.21.6
disparityBoltSub,58,30,1531606653672,1531606653746,74,10.10.21.7
disparityBoltSub,58,31,1531606653670,1531606653709,39,10.10.21.7
disparityBolt,58,0,0,0,115,0
mergeBolt,58,0,1531606653768,1531606653783,15,10.10.21.6
reprojectionBolt,58,0,1531606653783,1531606653864,81,null
overall,58,0,1531606653531,1531606653864,333,0
videoSpout,59,0,1531606654036,1531606654041,5,10.10.21.7
rectificationBolt,59,0,1531606654061,1531606654083,22,10.10.21.6
partitionBolt,59,0,1531606654083,1531606654100,17,10.10.21.6
disparityBoltSub,59,0,1531606654103,1531606654149,46,10.10.21.7
disparityBoltSub,59,1,1531606654100,1531606654169,69,10.10.21.6
disparityBoltSub,59,2,1531606654101,1531606654170,69,10.10.21.6
disparityBoltSub,59,3,1531606654104,1531606654177,73,10.10.21.7
disparityBoltSub,59,4,1531606654102,1531606654172,70,10.10.21.6
disparityBoltSub,59,5,1531606654104,1531606654177,73,10.10.21.6
disparityBoltSub,59,6,1531606654106,1531606654226,120,10.10.21.6
disparityBoltSub,59,7,1531606654107,1531606654180,73,10.10.21.7
disparityBoltSub,59,8,1531606654109,1531606654176,67,10.10.21.7
disparityBoltSub,59,9,1531606654106,1531606654177,71,10.10.21.6
disparityBoltSub,59,10,1531606654108,1531606654179,71,10.10.21.7
disparityBoltSub,59,11,1531606654107,1531606654179,72,10.10.21.6
disparityBoltSub,59,12,1531606654111,1531606654183,72,10.10.21.7
disparityBoltSub,59,13,1531606654110,1531606654179,69,10.10.21.6
disparityBoltSub,59,14,1531606654109,1531606654182,73,10.10.21.6
disparityBoltSub,59,15,1531606654121,1531606654190,69,10.10.21.6
disparityBoltSub,59,16,1531606654107,1531606654184,77,10.10.21.6
disparityBoltSub,59,17,1531606654110,1531606654186,76,10.10.21.6
disparityBoltSub,59,18,1531606654121,1531606654195,74,10.10.21.6
disparityBoltSub,59,19,1531606654123,1531606654197,74,10.10.21.6
disparityBoltSub,59,20,1531606654110,1531606654195,85,10.10.21.6
disparityBoltSub,59,21,1531606654119,1531606654196,77,10.10.21.7
disparityBoltSub,59,22,1531606654118,1531606654195,77,10.10.21.6
disparityBoltSub,59,23,1531606654124,1531606654195,71,10.10.21.6
disparityBoltSub,59,24,1531606654119,1531606654239,120,10.10.21.6
disparityBoltSub,59,25,1531606654121,1531606654194,73,10.10.21.7
disparityBoltSub,59,26,1531606654125,1531606654198,73,10.10.21.7
disparityBoltSub,59,27,1531606654122,1531606654197,75,10.10.21.7
disparityBoltSub,59,28,1531606654125,1531606654199,74,10.10.21.7
disparityBoltSub,59,29,1531606654124,1531606654244,120,10.10.21.6
disparityBoltSub,59,30,1531606654126,1531606654246,120,10.10.21.6
disparityBoltSub,59,31,1531606654122,1531606654164,42,10.10.21.6
disparityBolt,59,0,0,0,146,0
mergeBolt,59,0,1531606654248,1531606654264,16,10.10.21.6
reprojectionBolt,59,0,1531606654264,1531606654304,40,null
overall,59,0,1531606654036,1531606654304,268,0
videoSpout,60,0,1531606654541,1531606654546,5,10.10.21.7
rectificationBolt,60,0,1531606654566,1531606654596,30,10.10.21.6
partitionBolt,60,0,1531606654596,1531606654645,49,10.10.21.6
disparityBoltSub,60,0,1531606654648,1531606654728,80,10.10.21.7
disparityBoltSub,60,1,1531606654647,1531606654720,73,10.10.21.6
disparityBoltSub,60,2,1531606654649,1531606654725,76,10.10.21.7
disparityBoltSub,60,3,1531606654651,1531606654762,111,10.10.21.7
disparityBoltSub,60,4,1531606654652,1531606654725,73,10.10.21.7
disparityBoltSub,60,5,1531606654647,1531606654723,76,10.10.21.6
disparityBoltSub,60,6,1531606654655,1531606654727,72,10.10.21.7
disparityBoltSub,60,7,1531606654654,1531606654726,72,10.10.21.7
disparityBoltSub,60,8,1531606654653,1531606654724,71,10.10.21.7
disparityBoltSub,60,9,1531606654654,1531606654725,71,10.10.21.7
disparityBoltSub,60,10,1531606654654,1531606654725,71,10.10.21.6
disparityBoltSub,60,11,1531606654654,1531606654732,78,10.10.21.6
disparityBoltSub,60,12,1531606654655,1531606654726,71,10.10.21.6
disparityBoltSub,60,13,1531606654652,1531606654761,109,10.10.21.6
disparityBoltSub,60,14,1531606654656,1531606654728,72,10.10.21.6
disparityBoltSub,60,15,1531606654657,1531606654727,70,10.10.21.6
disparityBoltSub,60,16,1531606654656,1531606654729,73,10.10.21.7
disparityBoltSub,60,17,1531606654658,1531606654734,76,10.10.21.6
disparityBoltSub,60,18,1531606654655,1531606654728,73,10.10.21.6
disparityBoltSub,60,19,1531606654659,1531606654735,76,10.10.21.6
disparityBoltSub,60,20,1531606654655,1531606654732,77,10.10.21.6
disparityBoltSub,60,21,1531606654655,1531606654730,75,10.10.21.6
disparityBoltSub,60,22,1531606654660,1531606654735,75,10.10.21.6
disparityBoltSub,60,23,1531606654661,1531606654771,110,10.10.21.6
disparityBoltSub,60,24,1531606654662,1531606654735,73,10.10.21.6
disparityBoltSub,60,25,1531606654658,1531606654728,70,10.10.21.6
disparityBoltSub,60,26,1531606654658,1531606654730,72,10.10.21.6
disparityBoltSub,60,27,1531606654662,1531606654736,74,10.10.21.6
disparityBoltSub,60,28,1531606654661,1531606654732,71,10.10.21.7
disparityBoltSub,60,29,1531606654663,1531606654733,70,10.10.21.6
disparityBoltSub,60,30,1531606654660,1531606654734,74,10.10.21.6
disparityBoltSub,60,31,1531606654662,1531606654702,40,10.10.21.7
disparityBolt,60,0,0,0,124,0
mergeBolt,60,0,1531606654773,1531606654788,15,10.10.21.6
reprojectionBolt,60,0,1531606654788,1531606654828,40,null
overall,60,0,1531606654541,1531606654828,287,0
videoSpout,61,0,1531606655046,1531606655051,5,10.10.21.7
rectificationBolt,61,0,1531606655105,1531606655133,28,10.10.21.6
partitionBolt,61,0,1531606655133,1531606655152,19,10.10.21.6
disparityBoltSub,61,0,1531606655153,1531606655200,47,10.10.21.6
disparityBoltSub,61,1,1531606655155,1531606655233,78,10.10.21.7
disparityBoltSub,61,2,1531606655156,1531606655230,74,10.10.21.6
disparityBoltSub,61,3,1531606655158,1531606655236,78,10.10.21.7
disparityBoltSub,61,4,1531606655158,1531606655232,74,10.10.21.7
disparityBoltSub,61,5,1531606655157,1531606655231,74,10.10.21.6
disparityBoltSub,61,6,1531606655155,1531606655228,73,10.10.21.6
disparityBoltSub,61,7,1531606655159,1531606655232,73,10.10.21.6
disparityBoltSub,61,8,1531606655157,1531606655229,72,10.10.21.6
disparityBoltSub,61,9,1531606655159,1531606655233,74,10.10.21.7
disparityBoltSub,61,10,1531606655160,1531606655233,73,10.10.21.7
disparityBoltSub,61,11,1531606655160,1531606655233,73,10.10.21.6
disparityBoltSub,61,12,1531606655161,1531606655234,73,10.10.21.6
disparityBoltSub,61,13,1531606655162,1531606655236,74,10.10.21.6
disparityBoltSub,61,14,1531606655161,1531606655233,72,10.10.21.7
disparityBoltSub,61,15,1531606655163,1531606655234,71,10.10.21.6
disparityBoltSub,61,16,1531606655160,1531606655236,76,10.10.21.6
disparityBoltSub,61,17,1531606655160,1531606655247,87,10.10.21.6
disparityBoltSub,61,18,1531606655164,1531606655244,80,10.10.21.6
disparityBoltSub,61,19,1531606655161,1531606655236,75,10.10.21.6
disparityBoltSub,61,20,1531606655164,1531606655238,74,10.10.21.7
disparityBoltSub,61,21,1531606655162,1531606655239,77,10.10.21.6
disparityBoltSub,61,22,1531606655168,1531606655242,74,10.10.21.7
disparityBoltSub,61,23,1531606655166,1531606655242,76,10.10.21.7
disparityBoltSub,61,24,1531606655171,1531606655243,72,10.10.21.7
disparityBoltSub,61,25,1531606655169,1531606655243,74,10.10.21.7
disparityBoltSub,61,26,1531606655168,1531606655242,74,10.10.21.7
disparityBoltSub,61,27,1531606655167,1531606655238,71,10.10.21.7
disparityBoltSub,61,28,1531606655169,1531606655253,84,10.10.21.6
disparityBoltSub,61,29,1531606655172,1531606655244,72,10.10.21.7
disparityBoltSub,61,30,1531606655174,1531606655246,72,10.10.21.7
disparityBoltSub,61,31,1531606655174,1531606655215,41,10.10.21.7
disparityBolt,61,0,0,0,100,0
mergeBolt,61,0,1531606655254,1531606655270,16,10.10.21.6
reprojectionBolt,61,0,1531606655270,1531606655310,40,null
overall,61,0,1531606655046,1531606655310,264,0
videoSpout,62,0,1531606655551,1531606655556,5,10.10.21.7
rectificationBolt,62,0,1531606655574,1531606655605,31,10.10.21.6
partitionBolt,62,0,1531606655605,1531606655623,18,10.10.21.6
disparityBoltSub,62,0,1531606655626,1531606655674,48,10.10.21.6
disparityBoltSub,62,1,1531606655625,1531606655701,76,10.10.21.6
disparityBoltSub,62,2,1531606655625,1531606655698,73,10.10.21.6
disparityBoltSub,62,3,1531606655627,1531606655697,70,10.10.21.6
disparityBoltSub,62,4,1531606655630,1531606655766,136,10.10.21.7
disparityBoltSub,62,5,1531606655629,1531606655701,72,10.10.21.6
disparityBoltSub,62,6,1531606655631,1531606655704,73,10.10.21.7
disparityBoltSub,62,7,1531606655630,1531606655715,85,10.10.21.7
disparityBoltSub,62,8,1531606655630,1531606655699,69,10.10.21.6
disparityBoltSub,62,9,1531606655628,1531606655703,75,10.10.21.6
disparityBoltSub,62,10,1531606655632,1531606655767,135,10.10.21.7
disparityBoltSub,62,11,1531606655633,1531606655705,72,10.10.21.7
disparityBoltSub,62,12,1531606655630,1531606655701,71,10.10.21.6
disparityBoltSub,62,13,1531606655644,1531606655722,78,10.10.21.7
disparityBoltSub,62,14,1531606655634,1531606655709,75,10.10.21.7
disparityBoltSub,62,15,1531606655643,1531606655718,75,10.10.21.6
disparityBoltSub,62,16,1531606655633,1531606655707,74,10.10.21.6
disparityBoltSub,62,17,1531606655646,1531606655722,76,10.10.21.7
disparityBoltSub,62,18,1531606655644,1531606655755,111,10.10.21.7
disparityBoltSub,62,19,1531606655646,1531606655725,79,10.10.21.7
disparityBoltSub,62,20,1531606655644,1531606655722,78,10.10.21.6
disparityBoltSub,62,21,1531606655649,1531606655724,75,10.10.21.7
disparityBoltSub,62,22,1531606655650,1531606655762,112,10.10.21.7
disparityBoltSub,62,23,1531606655643,1531606655719,76,10.10.21.6
disparityBoltSub,62,24,1531606655646,1531606655717,71,10.10.21.6
disparityBoltSub,62,25,1531606655648,1531606655728,80,10.10.21.6
disparityBoltSub,62,26,1531606655646,1531606655721,75,10.10.21.6
disparityBoltSub,62,27,1531606655648,1531606655721,73,10.10.21.7
disparityBoltSub,62,28,1531606655645,1531606655719,74,10.10.21.6
disparityBoltSub,62,29,1531606655647,1531606655720,73,10.10.21.6
disparityBoltSub,62,30,1531606655650,1531606655722,72,10.10.21.7
disparityBoltSub,62,31,1531606655651,1531606655692,41,10.10.21.7
disparityBolt,62,0,0,0,142,0
mergeBolt,62,0,1531606655768,1531606655784,16,10.10.21.6
reprojectionBolt,62,0,1531606655785,1531606655825,40,null
overall,62,0,1531606655551,1531606655825,274,0
videoSpout,63,0,1531606656056,1531606656061,5,10.10.21.7
rectificationBolt,63,0,1531606656082,1531606656111,29,10.10.21.6
partitionBolt,63,0,1531606656111,1531606656140,29,10.10.21.6
disparityBoltSub,63,0,1531606656140,1531606656182,42,10.10.21.6
disparityBoltSub,63,1,1531606656144,1531606656216,72,10.10.21.7
disparityBoltSub,63,2,1531606656144,1531606656214,70,10.10.21.6
disparityBoltSub,63,3,1531606656146,1531606656216,70,10.10.21.7
disparityBoltSub,63,4,1531606656145,1531606656223,78,10.10.21.6
disparityBoltSub,63,5,1531606656146,1531606656219,73,10.10.21.6
disparityBoltSub,63,6,1531606656147,1531606656222,75,10.10.21.7
disparityBoltSub,63,7,1531606656147,1531606656219,72,10.10.21.7
disparityBoltSub,63,8,1531606656144,1531606656273,129,10.10.21.6
disparityBoltSub,63,9,1531606656147,1531606656219,72,10.10.21.6
disparityBoltSub,63,10,1531606656148,1531606656221,73,10.10.21.6
disparityBoltSub,63,11,1531606656150,1531606656259,109,10.10.21.7
disparityBoltSub,63,12,1531606656149,1531606656277,128,10.10.21.6
disparityBoltSub,63,13,1531606656148,1531606656224,76,10.10.21.6
disparityBoltSub,63,14,1531606656150,1531606656221,71,10.10.21.6
disparityBoltSub,63,15,1531606656151,1531606656225,74,10.10.21.6
disparityBoltSub,63,16,1531606656151,1531606656226,75,10.10.21.7
disparityBoltSub,63,17,1531606656152,1531606656227,75,10.10.21.7
disparityBoltSub,63,18,1531606656150,1531606656226,76,10.10.21.6
disparityBoltSub,63,19,1531606656153,1531606656246,93,10.10.21.6
disparityBoltSub,63,20,1531606656153,1531606656247,94,10.10.21.6
disparityBoltSub,63,21,1531606656151,1531606656227,76,10.10.21.6
disparityBoltSub,63,22,1531606656151,1531606656228,77,10.10.21.6
disparityBoltSub,63,23,1531606656154,1531606656227,73,10.10.21.7
disparityBoltSub,63,24,1531606656156,1531606656228,72,10.10.21.7
disparityBoltSub,63,25,1531606656155,1531606656235,80,10.10.21.6
disparityBoltSub,63,26,1531606656156,1531606656229,73,10.10.21.6
disparityBoltSub,63,27,1531606656157,1531606656229,72,10.10.21.7
disparityBoltSub,63,28,1531606656157,1531606656231,74,10.10.21.6
disparityBoltSub,63,29,1531606656158,1531606656264,106,10.10.21.7
disparityBoltSub,63,30,1531606656158,1531606656230,72,10.10.21.6
disparityBoltSub,63,31,1531606656158,1531606656202,44,10.10.21.6
disparityBolt,63,0,0,0,137,0
mergeBolt,63,0,1531606656278,1531606656294,16,10.10.21.6
reprojectionBolt,63,0,1531606656294,1531606656333,39,null
overall,63,0,1531606656056,1531606656333,277,0
videoSpout,64,0,1531606656561,1531606656566,5,10.10.21.7
rectificationBolt,64,0,1531606656591,1531606656621,30,10.10.21.6
partitionBolt,64,0,1531606656622,1531606656642,20,10.10.21.6
disparityBoltSub,64,0,1531606656646,1531606656687,41,10.10.21.7
disparityBoltSub,64,1,1531606656643,1531606656717,74,10.10.21.6
disparityBoltSub,64,2,1531606656647,1531606656726,79,10.10.21.7
disparityBoltSub,64,3,1531606656646,1531606656720,74,10.10.21.6
disparityBoltSub,64,4,1531606656649,1531606656725,76,10.10.21.7
disparityBoltSub,64,5,1531606656651,1531606656724,73,10.10.21.7
disparityBoltSub,64,6,1531606656645,1531606656718,73,10.10.21.6
disparityBoltSub,64,7,1531606656652,1531606656725,73,10.10.21.7
disparityBoltSub,64,8,1531606656649,1531606656720,71,10.10.21.6
disparityBoltSub,64,9,1531606656651,1531606656720,69,10.10.21.7
disparityBoltSub,64,10,1531606656650,1531606656724,74,10.10.21.6
disparityBoltSub,64,11,1531606656650,1531606656724,74,10.10.21.6
disparityBoltSub,64,12,1531606656649,1531606656722,73,10.10.21.6
disparityBoltSub,64,13,1531606656654,1531606656724,70,10.10.21.7
disparityBoltSub,64,14,1531606656655,1531606656728,73,10.10.21.7
disparityBoltSub,64,15,1531606656651,1531606656727,76,10.10.21.6
disparityBoltSub,64,16,1531606656657,1531606656732,75,10.10.21.7
disparityBoltSub,64,17,1531606656654,1531606656731,77,10.10.21.7
disparityBoltSub,64,18,1531606656658,1531606656763,105,10.10.21.7
disparityBoltSub,64,19,1531606656656,1531606656732,76,10.10.21.7
disparityBoltSub,64,20,1531606656656,1531606656733,77,10.10.21.6
disparityBoltSub,64,21,1531606656659,1531606656737,78,10.10.21.7
disparityBoltSub,64,22,1531606656661,1531606656736,75,10.10.21.7
disparityBoltSub,64,23,1531606656655,1531606656728,73,10.10.21.6
disparityBoltSub,64,24,1531606656662,1531606656735,73,10.10.21.7
disparityBoltSub,64,25,1531606656656,1531606656726,70,10.10.21.6
disparityBoltSub,64,26,1531606656663,1531606656732,69,10.10.21.7
disparityBoltSub,64,27,1531606656659,1531606656737,78,10.10.21.6
disparityBoltSub,64,28,1531606656665,1531606656764,99,10.10.21.7
disparityBoltSub,64,29,1531606656660,1531606656731,71,10.10.21.7
disparityBoltSub,64,30,1531606656658,1531606656746,88,10.10.21.6
disparityBoltSub,64,31,1531606656658,1531606656698,40,10.10.21.6
disparityBolt,64,0,0,0,121,0
mergeBolt,64,0,1531606656765,1531606656780,15,10.10.21.6
reprojectionBolt,64,0,1531606656780,1531606656821,41,null
overall,64,0,1531606656561,1531606656821,260,0
videoSpout,65,0,1531606657066,1531606657071,5,10.10.21.7
rectificationBolt,65,0,1531606657091,1531606657121,30,10.10.21.6
partitionBolt,65,0,1531606657121,1531606657140,19,10.10.21.6
disparityBoltSub,65,0,1531606657142,1531606657185,43,10.10.21.7
disparityBoltSub,65,1,1531606657144,1531606657224,80,10.10.21.6
disparityBoltSub,65,2,1531606657144,1531606657218,74,10.10.21.7
disparityBoltSub,65,3,1531606657142,1531606657225,83,10.10.21.6
disparityBoltSub,65,4,1531606657142,1531606657217,75,10.10.21.6
disparityBoltSub,65,5,1531606657145,1531606657218,73,10.10.21.7
disparityBoltSub,65,6,1531606657143,1531606657219,76,10.10.21.6
disparityBoltSub,65,7,1531606657143,1531606657219,76,10.10.21.6
disparityBoltSub,65,8,1531606657146,1531606657262,116,10.10.21.6
disparityBoltSub,65,9,1531606657147,1531606657228,81,10.10.21.6
disparityBoltSub,65,10,1531606657148,1531606657221,73,10.10.21.7
disparityBoltSub,65,11,1531606657149,1531606657221,72,10.10.21.7
disparityBoltSub,65,12,1531606657168,1531606657285,117,10.10.21.6
disparityBoltSub,65,13,1531606657169,1531606657241,72,10.10.21.7
disparityBoltSub,65,14,1531606657169,1531606657252,83,10.10.21.7
disparityBoltSub,65,15,1531606657170,1531606657244,74,10.10.21.7
disparityBoltSub,65,16,1531606657147,1531606657221,74,10.10.21.6
disparityBoltSub,65,17,1531606657172,1531606657247,75,10.10.21.7
disparityBoltSub,65,18,1531606657168,1531606657244,76,10.10.21.6
disparityBoltSub,65,19,1531606657170,1531606657246,76,10.10.21.6
disparityBoltSub,65,20,1531606657173,1531606657247,74,10.10.21.7
disparityBoltSub,65,21,1531606657183,1531606657257,74,10.10.21.7
disparityBoltSub,65,22,1531606657171,1531606657249,78,10.10.21.6
disparityBoltSub,65,23,1531606657174,1531606657249,75,10.10.21.6
disparityBoltSub,65,24,1531606657174,1531606657259,85,10.10.21.6
disparityBoltSub,65,25,1531606657172,1531606657244,72,10.10.21.6
disparityBoltSub,65,26,1531606657175,1531606657249,74,10.10.21.6
disparityBoltSub,65,27,1531606657175,1531606657247,72,10.10.21.6
disparityBoltSub,65,28,1531606657171,1531606657243,72,10.10.21.7
disparityBoltSub,65,29,1531606657169,1531606657257,88,10.10.21.6
disparityBoltSub,65,30,1531606657175,1531606657250,75,10.10.21.6
disparityBoltSub,65,31,1531606657184,1531606657236,52,10.10.21.7
disparityBolt,65,0,0,0,143,0
mergeBolt,65,0,1531606657286,1531606657302,16,10.10.21.6
reprojectionBolt,65,0,1531606657302,1531606657341,39,null
overall,65,0,1531606657066,1531606657341,275,0
videoSpout,66,0,1531606657571,1531606657576,5,10.10.21.7
rectificationBolt,66,0,1531606657597,1531606657622,25,10.10.21.6
partitionBolt,66,0,1531606657622,1531606657650,28,10.10.21.6
disparityBoltSub,66,0,1531606657654,1531606657701,47,10.10.21.7
disparityBoltSub,66,1,1531606657655,1531606657727,72,10.10.21.7
disparityBoltSub,66,2,1531606657657,1531606657734,77,10.10.21.7
disparityBoltSub,66,3,1531606657655,1531606657731,76,10.10.21.6
disparityBoltSub,66,4,1531606657656,1531606657728,72,10.10.21.6
disparityBoltSub,66,5,1531606657658,1531606657734,76,10.10.21.7
disparityBoltSub,66,6,1531606657659,1531606657734,75,10.10.21.7
disparityBoltSub,66,7,1531606657657,1531606657729,72,10.10.21.6
disparityBoltSub,66,8,1531606657656,1531606657729,73,10.10.21.6
disparityBoltSub,66,9,1531606657663,1531606657734,71,10.10.21.7
disparityBoltSub,66,10,1531606657661,1531606657735,74,10.10.21.7
disparityBoltSub,66,11,1531606657665,1531606657733,68,10.10.21.7
disparityBoltSub,66,12,1531606657657,1531606657729,72,10.10.21.6
disparityBoltSub,66,13,1531606657659,1531606657729,70,10.10.21.6
disparityBoltSub,66,14,1531606657662,1531606657741,79,10.10.21.6
disparityBoltSub,66,15,1531606657660,1531606657733,73,10.10.21.6
disparityBoltSub,66,16,1531606657660,1531606657730,70,10.10.21.6
disparityBoltSub,66,17,1531606657661,1531606657736,75,10.10.21.6
disparityBoltSub,66,18,1531606657660,1531606657735,75,10.10.21.6
disparityBoltSub,66,19,1531606657664,1531606657737,73,10.10.21.7
disparityBoltSub,66,20,1531606657667,1531606657740,73,10.10.21.7
disparityBoltSub,66,21,1531606657668,1531606657743,75,10.10.21.7
disparityBoltSub,66,22,1531606657662,1531606657742,80,10.10.21.6
disparityBoltSub,66,23,1531606657673,1531606657764,91,10.10.21.7
disparityBoltSub,66,24,1531606657671,1531606657740,69,10.10.21.7
disparityBoltSub,66,25,1531606657674,1531606657745,71,10.10.21.7
disparityBoltSub,66,26,1531606657669,1531606657740,71,10.10.21.7
disparityBoltSub,66,27,1531606657671,1531606657745,74,10.10.21.7
disparityBoltSub,66,28,1531606657672,1531606657742,70,10.10.21.7
disparityBoltSub,66,29,1531606657666,1531606657739,73,10.10.21.6
disparityBoltSub,66,30,1531606657674,1531606657765,91,10.10.21.7
disparityBoltSub,66,31,1531606657667,1531606657707,40,10.10.21.6
disparityBolt,66,0,0,0,111,0
mergeBolt,66,0,1531606657766,1531606657781,15,10.10.21.6
reprojectionBolt,66,0,1531606657781,1531606657820,39,null
overall,66,0,1531606657571,1531606657820,249,0
videoSpout,67,0,1531606658077,1531606658081,4,10.10.21.7
rectificationBolt,67,0,1531606658142,1531606658176,34,10.10.21.6
partitionBolt,67,0,1531606658176,1531606658195,19,10.10.21.6
disparityBoltSub,67,0,1531606658199,1531606658244,45,10.10.21.6
disparityBoltSub,67,1,1531606658200,1531606658277,77,10.10.21.7
disparityBoltSub,67,2,1531606658197,1531606658270,73,10.10.21.6
disparityBoltSub,67,3,1531606658201,1531606658272,71,10.10.21.6
disparityBoltSub,67,4,1531606658199,1531606658270,71,10.10.21.6
disparityBoltSub,67,5,1531606658202,1531606658272,70,10.10.21.7
disparityBoltSub,67,6,1531606658202,1531606658296,94,10.10.21.6
disparityBoltSub,67,7,1531606658204,1531606658308,104,10.10.21.7
disparityBoltSub,67,8,1531606658205,1531606658276,71,10.10.21.7
disparityBoltSub,67,9,1531606658207,1531606658277,70,10.10.21.7
disparityBoltSub,67,10,1531606658209,1531606658280,71,10.10.21.7
disparityBoltSub,67,11,1531606658203,1531606658304,101,10.10.21.6
disparityBoltSub,67,12,1531606658210,1531606658281,71,10.10.21.7
disparityBoltSub,67,13,1531606658208,1531606658278,70,10.10.21.7
disparityBoltSub,67,14,1531606658207,1531606658277,70,10.10.21.7
disparityBoltSub,67,15,1531606658207,1531606658283,76,10.10.21.6
disparityBoltSub,67,16,1531606658207,1531606658329,122,10.10.21.6
disparityBoltSub,67,17,1531606658212,1531606658290,78,10.10.21.7
disparityBoltSub,67,18,1531606658208,1531606658309,101,10.10.21.6
disparityBoltSub,67,19,1531606658210,1531606658283,73,10.10.21.7
disparityBoltSub,67,20,1531606658213,1531606658285,72,10.10.21.7
disparityBoltSub,67,21,1531606658217,1531606658289,72,10.10.21.7
disparityBoltSub,67,22,1531606658215,1531606658311,96,10.10.21.7
disparityBoltSub,67,23,1531606658209,1531606658304,95,10.10.21.6
disparityBoltSub,67,24,1531606658218,1531606658288,70,10.10.21.7
disparityBoltSub,67,25,1531606658212,1531606658281,69,10.10.21.7
disparityBoltSub,67,26,1531606658214,1531606658340,126,10.10.21.6
disparityBoltSub,67,27,1531606658213,1531606658285,72,10.10.21.6
disparityBoltSub,67,28,1531606658219,1531606658289,70,10.10.21.7
disparityBoltSub,67,29,1531606658221,1531606658305,84,10.10.21.6
disparityBoltSub,67,30,1531606658212,1531606658304,92,10.10.21.6
disparityBoltSub,67,31,1531606658214,1531606658255,41,10.10.21.7
disparityBolt,67,0,0,0,143,0
mergeBolt,67,0,1531606658342,1531606658357,15,10.10.21.6
reprojectionBolt,67,0,1531606658357,1531606658396,39,null
overall,67,0,1531606658077,1531606658396,319,0
videoSpout,68,0,1531606658581,1531606658587,6,10.10.21.7
rectificationBolt,68,0,1531606658607,1531606658636,29,10.10.21.6
partitionBolt,68,0,1531606658636,1531606658655,19,10.10.21.6
disparityBoltSub,68,0,1531606658659,1531606658704,45,10.10.21.7
disparityBoltSub,68,1,1531606658660,1531606658778,118,10.10.21.7
disparityBoltSub,68,2,1531606658660,1531606658742,82,10.10.21.6
disparityBoltSub,68,3,1531606658658,1531606658731,73,10.10.21.6
disparityBoltSub,68,4,1531606658660,1531606658732,72,10.10.21.7
disparityBoltSub,68,5,1531606658658,1531606658732,74,10.10.21.6
disparityBoltSub,68,6,1531606658662,1531606658780,118,10.10.21.7
disparityBoltSub,68,7,1531606658661,1531606658731,70,10.10.21.6
disparityBoltSub,68,8,1531606658674,1531606658746,72,10.10.21.7
disparityBoltSub,68,9,1531606658662,1531606658735,73,10.10.21.7
disparityBoltSub,68,10,1531606658675,1531606658747,72,10.10.21.7
disparityBoltSub,68,11,1531606658674,1531606658748,74,10.10.21.6
disparityBoltSub,68,12,1531606658676,1531606658750,74,10.10.21.6
disparityBoltSub,68,13,1531606658678,1531606658751,73,10.10.21.7
disparityBoltSub,68,14,1531606658673,1531606658747,74,10.10.21.6
disparityBoltSub,68,15,1531606658677,1531606658752,75,10.10.21.7
disparityBoltSub,68,16,1531606658677,1531606658756,79,10.10.21.6
disparityBoltSub,68,17,1531606658679,1531606658754,75,10.10.21.6
disparityBoltSub,68,18,1531606658680,1531606658754,74,10.10.21.6
disparityBoltSub,68,19,1531606658679,1531606658754,75,10.10.21.7
disparityBoltSub,68,20,1531606658682,1531606658758,76,10.10.21.6
disparityBoltSub,68,21,1531606658682,1531606658757,75,10.10.21.6
disparityBoltSub,68,22,1531606658676,1531606658751,75,10.10.21.6
disparityBoltSub,68,23,1531606658677,1531606658754,77,10.10.21.6
disparityBoltSub,68,24,1531606658677,1531606658751,74,10.10.21.6
disparityBoltSub,68,25,1531606658679,1531606658753,74,10.10.21.7
disparityBoltSub,68,26,1531606658682,1531606658752,70,10.10.21.7
disparityBoltSub,68,27,1531606658683,1531606658760,77,10.10.21.6
disparityBoltSub,68,28,1531606658679,1531606658750,71,10.10.21.6
disparityBoltSub,68,29,1531606658683,1531606658753,70,10.10.21.7
disparityBoltSub,68,30,1531606658684,1531606658755,71,10.10.21.6
disparityBoltSub,68,31,1531606658680,1531606658721,41,10.10.21.6
disparityBolt,68,0,0,0,122,0
mergeBolt,68,0,1531606658781,1531606658798,17,10.10.21.6
reprojectionBolt,68,0,1531606658797,1531606658838,41,null
overall,68,0,1531606658581,1531606658838,257,0
videoSpout,69,0,1531606659087,1531606659091,4,10.10.21.7
rectificationBolt,69,0,1531606659112,1531606659141,29,10.10.21.6
partitionBolt,69,0,1531606659141,1531606659179,38,10.10.21.6
disparityBoltSub,69,0,1531606659182,1531606659226,44,10.10.21.7
disparityBoltSub,69,1,1531606659183,1531606659301,118,10.10.21.6
disparityBoltSub,69,2,1531606659184,1531606659255,71,10.10.21.6
disparityBoltSub,69,3,1531606659184,1531606659256,72,10.10.21.6
disparityBoltSub,69,4,1531606659182,1531606659289,107,10.10.21.6
disparityBoltSub,69,5,1531606659182,1531606659253,71,10.10.21.6
disparityBoltSub,69,6,1531606659186,1531606659257,71,10.10.21.6
disparityBoltSub,69,7,1531606659183,1531606659253,70,10.10.21.6
disparityBoltSub,69,8,1531606659186,1531606659258,72,10.10.21.7
disparityBoltSub,69,9,1531606659188,1531606659263,75,10.10.21.7
disparityBoltSub,69,10,1531606659188,1531606659260,72,10.10.21.7
disparityBoltSub,69,11,1531606659190,1531606659261,71,10.10.21.7
disparityBoltSub,69,12,1531606659191,1531606659265,74,10.10.21.7
disparityBoltSub,69,13,1531606659186,1531606659256,70,10.10.21.6
disparityBoltSub,69,14,1531606659193,1531606659266,73,10.10.21.7
disparityBoltSub,69,15,1531606659189,1531606659257,68,10.10.21.6
disparityBoltSub,69,16,1531606659194,1531606659266,72,10.10.21.7
disparityBoltSub,69,17,1531606659187,1531606659264,77,10.10.21.6
disparityBoltSub,69,18,1531606659196,1531606659272,76,10.10.21.7
disparityBoltSub,69,19,1531606659197,1531606659273,76,10.10.21.7
disparityBoltSub,69,20,1531606659188,1531606659259,71,10.10.21.6
disparityBoltSub,69,21,1531606659199,1531606659274,75,10.10.21.7
disparityBoltSub,69,22,1531606659189,1531606659304,115,10.10.21.6
disparityBoltSub,69,23,1531606659191,1531606659269,78,10.10.21.6
disparityBoltSub,69,24,1531606659201,1531606659332,131,10.10.21.7
disparityBoltSub,69,25,1531606659192,1531606659266,74,10.10.21.6
disparityBoltSub,69,26,1531606659202,1531606659273,71,10.10.21.7
disparityBoltSub,69,27,1531606659194,1531606659266,72,10.10.21.6
disparityBoltSub,69,28,1531606659196,1531606659323,127,10.10.21.6
disparityBoltSub,69,29,1531606659195,1531606659325,130,10.10.21.6
disparityBoltSub,69,30,1531606659203,1531606659334,131,10.10.21.7
disparityBoltSub,69,31,1531606659193,1531606659270,77,10.10.21.6
disparityBolt,69,0,0,0,152,0
mergeBolt,69,0,1531606659335,1531606659350,15,10.10.21.6
reprojectionBolt,69,0,1531606659350,1531606659421,71,null
overall,69,0,1531606659087,1531606659421,334,0
videoSpout,70,0,1531606659591,1531606659596,5,10.10.21.7
rectificationBolt,70,0,1531606659617,1531606659647,30,10.10.21.6
partitionBolt,70,0,1531606659647,1531606659668,21,10.10.21.6
disparityBoltSub,70,0,1531606659672,1531606659714,42,10.10.21.6
disparityBoltSub,70,1,1531606659673,1531606659750,77,10.10.21.7
disparityBoltSub,70,2,1531606659681,1531606659753,72,10.10.21.7
disparityBoltSub,70,3,1531606659675,1531606659745,70,10.10.21.7
disparityBoltSub,70,4,1531606659676,1531606659751,75,10.10.21.7
disparityBoltSub,70,5,1531606659690,1531606659759,69,10.10.21.7
disparityBoltSub,70,6,1531606659673,1531606659793,120,10.10.21.6
disparityBoltSub,70,7,1531606659674,1531606659794,120,10.10.21.6
disparityBoltSub,70,8,1531606659692,1531606659761,69,10.10.21.7
disparityBoltSub,70,9,1531606659678,1531606659749,71,10.10.21.7
disparityBoltSub,70,10,1531606659680,1531606659749,69,10.10.21.7
disparityBoltSub,70,11,1531606659677,1531606659753,76,10.10.21.6
disparityBoltSub,70,12,1531606659679,1531606659751,72,10.10.21.6
disparityBoltSub,70,13,1531606659693,1531606659766,73,10.10.21.7
disparityBoltSub,70,14,1531606659695,1531606659766,71,10.10.21.7
disparityBoltSub,70,15,1531606659678,1531606659750,72,10.10.21.6
disparityBoltSub,70,16,1531606659680,1531606659755,75,10.10.21.6
disparityBoltSub,70,17,1531606659678,1531606659755,77,10.10.21.6
disparityBoltSub,70,18,1531606659679,1531606659755,76,10.10.21.6
disparityBoltSub,70,19,1531606659679,1531606659758,79,10.10.21.6
disparityBoltSub,70,20,1531606659679,1531606659756,77,10.10.21.6
disparityBoltSub,70,21,1531606659679,1531606659760,81,10.10.21.6
disparityBoltSub,70,22,1531606659696,1531606659772,76,10.10.21.7
disparityBoltSub,70,23,1531606659691,1531606659764,73,10.10.21.7
disparityBoltSub,70,24,1531606659692,1531606659763,71,10.10.21.7
disparityBoltSub,70,25,1531606659697,1531606659770,73,10.10.21.7
disparityBoltSub,70,26,1531606659698,1531606659769,71,10.10.21.7
disparityBoltSub,70,27,1531606659694,1531606659774,80,10.10.21.6
disparityBoltSub,70,28,1531606659693,1531606659771,78,10.10.21.6
disparityBoltSub,70,29,1531606659701,1531606659770,69,10.10.21.7
disparityBoltSub,70,30,1531606659702,1531606659774,72,10.10.21.7
disparityBoltSub,70,31,1531606659702,1531606659742,40,10.10.21.7
disparityBolt,70,0,0,0,122,0
mergeBolt,70,0,1531606659794,1531606659809,15,10.10.21.6
reprojectionBolt,70,0,1531606659809,1531606659848,39,null
overall,70,0,1531606659591,1531606659848,257,0
videoSpout,71,0,1531606660096,1531606660101,5,10.10.21.7
rectificationBolt,71,0,1531606660121,1531606660151,30,10.10.21.6
partitionBolt,71,0,1531606660151,1531606660169,18,10.10.21.6
disparityBoltSub,71,0,1531606660195,1531606660244,49,10.10.21.6
disparityBoltSub,71,1,1531606660198,1531606660272,74,10.10.21.7
disparityBoltSub,71,2,1531606660198,1531606660276,78,10.10.21.6
disparityBoltSub,71,3,1531606660199,1531606660320,121,10.10.21.6
disparityBoltSub,71,4,1531606660197,1531606660269,72,10.10.21.6
disparityBoltSub,71,5,1531606660200,1531606660312,112,10.10.21.6
disparityBoltSub,71,6,1531606660200,1531606660273,73,10.10.21.7
disparityBoltSub,71,7,1531606660201,1531606660271,70,10.10.21.6
disparityBoltSub,71,8,1531606660201,1531606660272,71,10.10.21.6
disparityBoltSub,71,9,1531606660202,1531606660273,71,10.10.21.7
disparityBoltSub,71,10,1531606660203,1531606660273,70,10.10.21.6
disparityBoltSub,71,11,1531606660203,1531606660276,73,10.10.21.7
disparityBoltSub,71,12,1531606660204,1531606660276,72,10.10.21.6
disparityBoltSub,71,13,1531606660201,1531606660313,112,10.10.21.6
disparityBoltSub,71,14,1531606660204,1531606660276,72,10.10.21.7
disparityBoltSub,71,15,1531606660206,1531606660276,70,10.10.21.7
disparityBoltSub,71,16,1531606660206,1531606660293,87,10.10.21.6
disparityBoltSub,71,17,1531606660205,1531606660342,137,10.10.21.6
disparityBoltSub,71,18,1531606660204,1531606660330,126,10.10.21.6
disparityBoltSub,71,19,1531606660207,1531606660282,75,10.10.21.6
disparityBoltSub,71,20,1531606660208,1531606660283,75,10.10.21.7
disparityBoltSub,71,21,1531606660208,1531606660281,73,10.10.21.7
disparityBoltSub,71,22,1531606660209,1531606660286,77,10.10.21.7
disparityBoltSub,71,23,1531606660207,1531606660324,117,10.10.21.6
disparityBoltSub,71,24,1531606660210,1531606660342,132,10.10.21.6
disparityBoltSub,71,25,1531606660210,1531606660325,115,10.10.21.6
disparityBoltSub,71,26,1531606660211,1531606660285,74,10.10.21.7
disparityBoltSub,71,27,1531606660211,1531606660294,83,10.10.21.6
disparityBoltSub,71,28,1531606660209,1531606660284,75,10.10.21.6
disparityBoltSub,71,29,1531606660212,1531606660289,77,10.10.21.6
disparityBoltSub,71,30,1531606660212,1531606660283,71,10.10.21.7
disparityBoltSub,71,31,1531606660211,1531606660252,41,10.10.21.6
disparityBolt,71,0,0,0,147,0
mergeBolt,71,0,1531606660344,1531606660358,14,10.10.21.6
reprojectionBolt,71,0,1531606660359,1531606660398,39,null
overall,71,0,1531606660096,1531606660398,302,0
videoSpout,72,0,1531606660601,1531606660606,5,10.10.21.7
rectificationBolt,72,0,1531606660633,1531606660663,30,10.10.21.6
partitionBolt,72,0,1531606660663,1531606660683,20,10.10.21.6
disparityBoltSub,72,0,1531606660689,1531606660734,45,10.10.21.7
disparityBoltSub,72,1,1531606660684,1531606660759,75,10.10.21.6
disparityBoltSub,72,2,1531606660688,1531606660762,74,10.10.21.7
disparityBoltSub,72,3,1531606660689,1531606660766,77,10.10.21.7
disparityBoltSub,72,4,1531606660688,1531606660797,109,10.10.21.6
disparityBoltSub,72,5,1531606660690,1531606660766,76,10.10.21.7
disparityBoltSub,72,6,1531606660690,1531606660762,72,10.10.21.7
disparityBoltSub,72,7,1531606660689,1531606660797,108,10.10.21.6
disparityBoltSub,72,8,1531606660692,1531606660765,73,10.10.21.7
disparityBoltSub,72,9,1531606660690,1531606660764,74,10.10.21.6
disparityBoltSub,72,10,1531606660695,1531606660797,102,10.10.21.7
disparityBoltSub,72,11,1531606660691,1531606660817,126,10.10.21.6
disparityBoltSub,72,12,1531606660693,1531606660821,128,10.10.21.7
disparityBoltSub,72,13,1531606660696,1531606660825,129,10.10.21.7
disparityBoltSub,72,14,1531606660692,1531606660818,126,10.10.21.6
disparityBoltSub,72,15,1531606660694,1531606660762,68,10.10.21.6
disparityBoltSub,72,16,1531606660692,1531606660765,73,10.10.21.6
disparityBoltSub,72,17,1531606660692,1531606660769,77,10.10.21.6
disparityBoltSub,72,18,1531606660692,1531606660765,73,10.10.21.6
disparityBoltSub,72,19,1531606660692,1531606660765,73,10.10.21.6
disparityBoltSub,72,20,1531606660694,1531606660767,73,10.10.21.6
disparityBoltSub,72,21,1531606660693,1531606660765,72,10.10.21.6
disparityBoltSub,72,22,1531606660696,1531606660822,126,10.10.21.7
disparityBoltSub,72,23,1531606660698,1531606660771,73,10.10.21.7
disparityBoltSub,72,24,1531606660695,1531606660766,71,10.10.21.6
disparityBoltSub,72,25,1531606660696,1531606660767,71,10.10.21.6
disparityBoltSub,72,26,1531606660700,1531606660778,78,10.10.21.7
disparityBoltSub,72,27,1531606660698,1531606660801,103,10.10.21.7
disparityBoltSub,72,28,1531606660702,1531606660826,124,10.10.21.7
disparityBoltSub,72,29,1531606660699,1531606660770,71,10.10.21.6
disparityBoltSub,72,30,1531606660704,1531606660778,74,10.10.21.7
disparityBoltSub,72,31,1531606660703,1531606660746,43,10.10.21.7
disparityBolt,72,0,0,0,142,0
mergeBolt,72,0,1531606660828,1531606660843,15,10.10.21.6
reprojectionBolt,72,0,1531606660843,1531606660883,40,null
overall,72,0,1531606660601,1531606660883,282,0
videoSpout,73,0,1531606661106,1531606661111,5,10.10.21.7
rectificationBolt,73,0,1531606661132,1531606661158,26,10.10.21.6
partitionBolt,73,0,1531606661158,1531606661176,18,10.10.21.6
disparityBoltSub,73,0,1531606661179,1531606661224,45,10.10.21.7
disparityBoltSub,73,1,1531606661177,1531606661250,73,10.10.21.6
disparityBoltSub,73,2,1531606661177,1531606661250,73,10.10.21.6
disparityBoltSub,73,3,1531606661181,1531606661252,71,10.10.21.7
disparityBoltSub,73,4,1531606661178,1531606661246,68,10.10.21.6
disparityBoltSub,73,5,1531606661180,1531606661252,72,10.10.21.6
disparityBoltSub,73,6,1531606661183,1531606661257,74,10.10.21.6
disparityBoltSub,73,7,1531606661182,1531606661258,76,10.10.21.7
disparityBoltSub,73,8,1531606661183,1531606661256,73,10.10.21.7
disparityBoltSub,73,9,1531606661182,1531606661252,70,10.10.21.6
disparityBoltSub,73,10,1531606661185,1531606661257,72,10.10.21.7
disparityBoltSub,73,11,1531606661183,1531606661253,70,10.10.21.6
disparityBoltSub,73,12,1531606661194,1531606661265,71,10.10.21.7
disparityBoltSub,73,13,1531606661184,1531606661253,69,10.10.21.6
disparityBoltSub,73,14,1531606661184,1531606661258,74,10.10.21.6
disparityBoltSub,73,15,1531606661193,1531606661303,110,10.10.21.6
disparityBoltSub,73,16,1531606661184,1531606661264,80,10.10.21.6
disparityBoltSub,73,17,1531606661198,1531606661274,76,10.10.21.6
disparityBoltSub,73,18,1531606661199,1531606661273,74,10.10.21.6
disparityBoltSub,73,19,1531606661200,1531606661309,109,10.10.21.6
disparityBoltSub,73,20,1531606661193,1531606661272,79,10.10.21.6
disparityBoltSub,73,21,1531606661197,1531606661273,76,10.10.21.7
disparityBoltSub,73,22,1531606661194,1531606661267,73,10.10.21.6
disparityBoltSub,73,23,1531606661201,1531606661272,71,10.10.21.6
disparityBoltSub,73,24,1531606661195,1531606661265,70,10.10.21.6
disparityBoltSub,73,25,1531606661197,1531606661269,72,10.10.21.7
disparityBoltSub,73,26,1531606661198,1531606661271,73,10.10.21.7
disparityBoltSub,73,27,1531606661199,1531606661272,73,10.10.21.7
disparityBoltSub,73,28,1531606661201,1531606661273,72,10.10.21.7
disparityBoltSub,73,29,1531606661202,1531606661274,72,10.10.21.6
disparityBoltSub,73,30,1531606661203,1531606661274,71,10.10.21.6
disparityBoltSub,73,31,1531606661198,1531606661240,42,10.10.21.6
disparityBolt,73,0,0,0,132,0
mergeBolt,73,0,1531606661310,1531606661325,15,10.10.21.6
reprojectionBolt,73,0,1531606661325,1531606661365,40,null
overall,73,0,1531606661106,1531606661365,259,0
videoSpout,74,0,1531606661611,1531606661616,5,10.10.21.7
rectificationBolt,74,0,1531606661637,1531606661668,31,10.10.21.6
partitionBolt,74,0,1531606661668,1531606661703,35,10.10.21.6
disparityBoltSub,74,0,1531606661707,1531606661753,46,10.10.21.7
disparityBoltSub,74,1,1531606661704,1531606661822,118,10.10.21.6
disparityBoltSub,74,2,1531606661708,1531606661784,76,10.10.21.7
disparityBoltSub,74,3,1531606661710,1531606661783,73,10.10.21.7
disparityBoltSub,74,4,1531606661709,1531606661790,81,10.10.21.7
disparityBoltSub,74,5,1531606661706,1531606661779,73,10.10.21.6
disparityBoltSub,74,6,1531606661718,1531606661790,72,10.10.21.7
disparityBoltSub,74,7,1531606661719,1531606661790,71,10.10.21.7
disparityBoltSub,74,8,1531606661712,1531606661788,76,10.10.21.7
disparityBoltSub,74,9,1531606661714,1531606661786,72,10.10.21.7
disparityBoltSub,74,10,1531606661711,1531606661784,73,10.10.21.6
disparityBoltSub,74,11,1531606661713,1531606661784,71,10.10.21.6
disparityBoltSub,74,12,1531606661711,1531606661835,124,10.10.21.6
disparityBoltSub,74,13,1531606661710,1531606661782,72,10.10.21.6
disparityBoltSub,74,14,1531606661714,1531606661784,70,10.10.21.6
disparityBoltSub,74,15,1531606661714,1531606661784,70,10.10.21.6
disparityBoltSub,74,16,1531606661715,1531606661788,73,10.10.21.7
disparityBoltSub,74,17,1531606661716,1531606661792,76,10.10.21.6
disparityBoltSub,74,18,1531606661713,1531606661847,134,10.10.21.6
disparityBoltSub,74,19,1531606661716,1531606661859,143,10.10.21.6
disparityBoltSub,74,20,1531606661714,1531606661841,127,10.10.21.6
disparityBoltSub,74,21,1531606661714,1531606661789,75,10.10.21.6
disparityBoltSub,74,22,1531606661716,1531606661803,87,10.10.21.6
disparityBoltSub,74,23,1531606661718,1531606661790,72,10.10.21.6
disparityBoltSub,74,24,1531606661718,1531606661830,112,10.10.21.6
disparityBoltSub,74,25,1531606661716,1531606661847,131,10.10.21.6
disparityBoltSub,74,26,1531606661716,1531606661786,70,10.10.21.6
disparityBoltSub,74,27,1531606661719,1531606661790,71,10.10.21.6
disparityBoltSub,74,28,1531606661720,1531606661792,72,10.10.21.7
disparityBoltSub,74,29,1531606661720,1531606661859,139,10.10.21.6
disparityBoltSub,74,30,1531606661718,1531606661798,80,10.10.21.6
disparityBoltSub,74,31,1531606661720,1531606661764,44,10.10.21.7
disparityBolt,74,0,0,0,155,0
mergeBolt,74,0,1531606661860,1531606661875,15,10.10.21.6
reprojectionBolt,74,0,1531606661875,1531606661914,39,null
overall,74,0,1531606661611,1531606661914,303,0
videoSpout,75,0,1531606662116,1531606662121,5,10.10.21.7
rectificationBolt,75,0,1531606662155,1531606662185,30,10.10.21.6
partitionBolt,75,0,1531606662185,1531606662203,18,10.10.21.6
disparityBoltSub,75,0,1531606662204,1531606662245,41,10.10.21.6
disparityBoltSub,75,1,1531606662208,1531606662283,75,10.10.21.7
disparityBoltSub,75,2,1531606662208,1531606662280,72,10.10.21.6
disparityBoltSub,75,3,1531606662209,1531606662284,75,10.10.21.7
disparityBoltSub,75,4,1531606662210,1531606662283,73,10.10.21.7
disparityBoltSub,75,5,1531606662208,1531606662279,71,10.10.21.6
disparityBoltSub,75,6,1531606662207,1531606662277,70,10.10.21.6
disparityBoltSub,75,7,1531606662209,1531606662279,70,10.10.21.6
disparityBoltSub,75,8,1531606662211,1531606662284,73,10.10.21.6
disparityBoltSub,75,9,1531606662211,1531606662284,73,10.10.21.7
disparityBoltSub,75,10,1531606662212,1531606662285,73,10.10.21.7
disparityBoltSub,75,11,1531606662212,1531606662282,70,10.10.21.6
disparityBoltSub,75,12,1531606662213,1531606662284,71,10.10.21.6
disparityBoltSub,75,13,1531606662212,1531606662282,70,10.10.21.6
disparityBoltSub,75,14,1531606662213,1531606662285,72,10.10.21.7
disparityBoltSub,75,15,1531606662214,1531606662322,108,10.10.21.6
disparityBoltSub,75,16,1531606662212,1531606662325,113,10.10.21.6
disparityBoltSub,75,17,1531606662212,1531606662312,100,10.10.21.6
disparityBoltSub,75,18,1531606662215,1531606662287,72,10.10.21.6
disparityBoltSub,75,19,1531606662212,1531606662290,78,10.10.21.6
disparityBoltSub,75,20,1531606662216,1531606662290,74,10.10.21.7
disparityBoltSub,75,21,1531606662214,1531606662308,94,10.10.21.6
disparityBoltSub,75,22,1531606662218,1531606662294,76,10.10.21.7
disparityBoltSub,75,23,1531606662221,1531606662296,75,10.10.21.7
disparityBoltSub,75,24,1531606662220,1531606662297,77,10.10.21.7
disparityBoltSub,75,25,1531606662223,1531606662336,113,10.10.21.7
disparityBoltSub,75,26,1531606662219,1531606662290,71,10.10.21.7
disparityBoltSub,75,27,1531606662220,1531606662294,74,10.10.21.7
disparityBoltSub,75,28,1531606662219,1531606662291,72,10.10.21.6
disparityBoltSub,75,29,1531606662224,1531606662298,74,10.10.21.7
disparityBoltSub,75,30,1531606662226,1531606662298,72,10.10.21.7
disparityBoltSub,75,31,1531606662227,1531606662306,79,10.10.21.7
disparityBolt,75,0,0,0,132,0
mergeBolt,75,0,1531606662337,1531606662353,16,10.10.21.6
reprojectionBolt,75,0,1531606662353,1531606662392,39,null
overall,75,0,1531606662116,1531606662392,276,0
videoSpout,76,0,1531606662621,1531606662626,5,10.10.21.7
rectificationBolt,76,0,1531606662647,1531606662677,30,10.10.21.6
partitionBolt,76,0,1531606662677,1531606662697,20,10.10.21.6
disparityBoltSub,76,0,1531606662701,1531606662778,77,10.10.21.6
disparityBoltSub,76,1,1531606662700,1531606662798,98,10.10.21.6
disparityBoltSub,76,2,1531606662700,1531606662793,93,10.10.21.6
disparityBoltSub,76,3,1531606662704,1531606662777,73,10.10.21.6
disparityBoltSub,76,4,1531606662704,1531606662778,74,10.10.21.7
disparityBoltSub,76,5,1531606662704,1531606662789,85,10.10.21.6
disparityBoltSub,76,6,1531606662706,1531606662778,72,10.10.21.7
disparityBoltSub,76,7,1531606662707,1531606662783,76,10.10.21.7
disparityBoltSub,76,8,1531606662707,1531606662814,107,10.10.21.6
disparityBoltSub,76,9,1531606662705,1531606662805,100,10.10.21.6
disparityBoltSub,76,10,1531606662744,1531606662818,74,10.10.21.7
disparityBoltSub,76,11,1531606662744,1531606662817,73,10.10.21.7
disparityBoltSub,76,12,1531606662742,1531606662813,71,10.10.21.6
disparityBoltSub,76,13,1531606662746,1531606662862,116,10.10.21.7
disparityBoltSub,76,14,1531606662747,1531606662821,74,10.10.21.7
disparityBoltSub,76,15,1531606662747,1531606662827,80,10.10.21.6
disparityBoltSub,76,16,1531606662747,1531606662824,77,10.10.21.6
disparityBoltSub,76,17,1531606662749,1531606662827,78,10.10.21.7
disparityBoltSub,76,18,1531606662748,1531606662822,74,10.10.21.7
disparityBoltSub,76,19,1531606662748,1531606662827,79,10.10.21.7
disparityBoltSub,76,20,1531606662748,1531606662821,73,10.10.21.6
disparityBoltSub,76,21,1531606662751,1531606662825,74,10.10.21.7
disparityBoltSub,76,22,1531606662750,1531606662826,76,10.10.21.7
disparityBoltSub,76,23,1531606662748,1531606662820,72,10.10.21.6
disparityBoltSub,76,24,1531606662750,1531606662826,76,10.10.21.6
disparityBoltSub,76,25,1531606662754,1531606662835,81,10.10.21.6
disparityBoltSub,76,26,1531606662751,1531606662825,74,10.10.21.6
disparityBoltSub,76,27,1531606662754,1531606662829,75,10.10.21.7
disparityBoltSub,76,28,1531606662750,1531606662827,77,10.10.21.6
disparityBoltSub,76,29,1531606662754,1531606662837,83,10.10.21.6
disparityBoltSub,76,30,1531606662755,1531606662870,115,10.10.21.7
disparityBoltSub,76,31,1531606662754,1531606662799,45,10.10.21.7
disparityBolt,76,0,0,0,170,0
mergeBolt,76,0,1531606662871,1531606662888,17,10.10.21.6
reprojectionBolt,76,0,1531606662888,1531606662928,40,null
overall,76,0,1531606662621,1531606662928,307,0
videoSpout,77,0,1531606663127,1531606663131,4,10.10.21.7
rectificationBolt,77,0,1531606663149,1531606663179,30,10.10.21.6
partitionBolt,77,0,1531606663179,1531606663220,41,10.10.21.6
disparityBoltSub,77,0,1531606663221,1531606663262,41,10.10.21.6
disparityBoltSub,77,1,1531606663224,1531606663298,74,10.10.21.7
disparityBoltSub,77,2,1531606663224,1531606663297,73,10.10.21.6
disparityBoltSub,77,3,1531606663225,1531606663298,73,10.10.21.7
disparityBoltSub,77,4,1531606663224,1531606663293,69,10.10.21.6
disparityBoltSub,77,5,1531606663226,1531606663294,68,10.10.21.6
disparityBoltSub,77,6,1531606663227,1531606663298,71,10.10.21.7
disparityBoltSub,77,7,1531606663227,1531606663299,72,10.10.21.7
disparityBoltSub,77,8,1531606663225,1531606663336,111,10.10.21.6
disparityBoltSub,77,9,1531606663227,1531606663329,102,10.10.21.6
disparityBoltSub,77,10,1531606663228,1531606663297,69,10.10.21.6
disparityBoltSub,77,11,1531606663229,1531606663304,75,10.10.21.7
disparityBoltSub,77,12,1531606663229,1531606663331,102,10.10.21.6
disparityBoltSub,77,13,1531606663227,1531606663301,74,10.10.21.6
disparityBoltSub,77,14,1531606663230,1531606663299,69,10.10.21.6
disparityBoltSub,77,15,1531606663230,1531606663300,70,10.10.21.6
disparityBoltSub,77,16,1531606663232,1531606663312,80,10.10.21.7
disparityBoltSub,77,17,1531606663234,1531606663309,75,10.10.21.7
disparityBoltSub,77,18,1531606663230,1531606663305,75,10.10.21.6
disparityBoltSub,77,19,1531606663233,1531606663307,74,10.10.21.6
disparityBoltSub,77,20,1531606663232,1531606663307,75,10.10.21.6
disparityBoltSub,77,21,1531606663232,1531606663303,71,10.10.21.6
disparityBoltSub,77,22,1531606663232,1531606663305,73,10.10.21.6
disparityBoltSub,77,23,1531606663237,1531606663315,78,10.10.21.7
disparityBoltSub,77,24,1531606663236,1531606663316,80,10.10.21.7
disparityBoltSub,77,25,1531606663234,1531606663303,69,10.10.21.6
disparityBoltSub,77,26,1531606663236,1531606663308,72,10.10.21.6
disparityBoltSub,77,27,1531606663238,1531606663310,72,10.10.21.7
disparityBoltSub,77,28,1531606663237,1531606663306,69,10.10.21.6
disparityBoltSub,77,29,1531606663240,1531606663309,69,10.10.21.7
disparityBoltSub,77,30,1531606663237,1531606663305,68,10.10.21.6
disparityBoltSub,77,31,1531606663238,1531606663319,81,10.10.21.6
disparityBolt,77,0,0,0,115,0
mergeBolt,77,0,1531606663336,1531606663350,14,10.10.21.6
reprojectionBolt,77,0,1531606663350,1531606663391,41,null
overall,77,0,1531606663127,1531606663391,264,0
videoSpout,78,0,1531606663631,1531606663636,5,10.10.21.7
rectificationBolt,78,0,1531606663680,1531606663711,31,10.10.21.6
partitionBolt,78,0,1531606663711,1531606663731,20,10.10.21.6
disparityBoltSub,78,0,1531606663734,1531606663779,45,10.10.21.7
disparityBoltSub,78,1,1531606663732,1531606663807,75,10.10.21.6
disparityBoltSub,78,2,1531606663736,1531606663812,76,10.10.21.7
disparityBoltSub,78,3,1531606663735,1531606663811,76,10.10.21.6
disparityBoltSub,78,4,1531606663737,1531606663814,77,10.10.21.7
disparityBoltSub,78,5,1531606663739,1531606663812,73,10.10.21.7
disparityBoltSub,78,6,1531606663735,1531606663856,121,10.10.21.6
disparityBoltSub,78,7,1531606663741,1531606663815,74,10.10.21.7
disparityBoltSub,78,8,1531606663738,1531606663866,128,10.10.21.6
disparityBoltSub,78,9,1531606663738,1531606663812,74,10.10.21.7
disparityBoltSub,78,10,1531606663744,1531606663863,119,10.10.21.6
disparityBoltSub,78,11,1531606663746,1531606663862,116,10.10.21.6
disparityBoltSub,78,12,1531606663737,1531606663858,121,10.10.21.6
disparityBoltSub,78,13,1531606663744,1531606663814,70,10.10.21.7
disparityBoltSub,78,14,1531606663743,1531606663816,73,10.10.21.7
disparityBoltSub,78,15,1531606663747,1531606663817,70,10.10.21.6
disparityBoltSub,78,16,1531606663742,1531606663817,75,10.10.21.7
disparityBoltSub,78,17,1531606663744,1531606663820,76,10.10.21.7
disparityBoltSub,78,18,1531606663746,1531606663819,73,10.10.21.7
disparityBoltSub,78,19,1531606663748,1531606663822,74,10.10.21.7
disparityBoltSub,78,20,1531606663748,1531606663854,106,10.10.21.6
disparityBoltSub,78,21,1531606663751,1531606663826,75,10.10.21.7
disparityBoltSub,78,22,1531606663750,1531606663830,80,10.10.21.7
disparityBoltSub,78,23,1531606663743,1531606663831,88,10.10.21.6
disparityBoltSub,78,24,1531606663751,1531606663820,69,10.10.21.7
disparityBoltSub,78,25,1531606663744,1531606663883,139,10.10.21.6
disparityBoltSub,78,26,1531606663752,1531606663825,73,10.10.21.7
disparityBoltSub,78,27,1531606663747,1531606663859,112,10.10.21.6
disparityBoltSub,78,28,1531606663754,1531606663829,75,10.10.21.7
disparityBoltSub,78,29,1531606663750,1531606663822,72,10.10.21.7
disparityBoltSub,78,30,1531606663746,1531606663831,85,10.10.21.6
disparityBoltSub,78,31,1531606663747,1531606663786,39,10.10.21.6
disparityBolt,78,0,0,0,151,0
mergeBolt,78,0,1531606663883,1531606663899,16,10.10.21.6
reprojectionBolt,78,0,1531606663899,1531606663940,41,null
overall,78,0,1531606663631,1531606663940,309,0
videoSpout,79,0,1531606664136,1531606664141,5,10.10.21.7
rectificationBolt,79,0,1531606664161,1531606664193,32,10.10.21.6
partitionBolt,79,0,1531606664193,1531606664212,19,10.10.21.6
disparityBoltSub,79,0,1531606664217,1531606664260,43,10.10.21.7
disparityBoltSub,79,1,1531606664216,1531606664359,143,10.10.21.6
disparityBoltSub,79,2,1531606664218,1531606664290,72,10.10.21.7
disparityBoltSub,79,3,1531606664214,1531606664305,91,10.10.21.6
disparityBoltSub,79,4,1531606664215,1531606664302,87,10.10.21.6
disparityBoltSub,79,5,1531606664252,1531606664323,71,10.10.21.7
disparityBoltSub,79,6,1531606664216,1531606664357,141,10.10.21.6
disparityBoltSub,79,7,1531606664216,1531606664345,129,10.10.21.6
disparityBoltSub,79,8,1531606664249,1531606664321,72,10.10.21.6
disparityBoltSub,79,9,1531606664252,1531606664335,83,10.10.21.6
disparityBoltSub,79,10,1531606664253,1531606664325,72,10.10.21.7
disparityBoltSub,79,11,1531606664254,1531606664325,71,10.10.21.7
disparityBoltSub,79,12,1531606664253,1531606664327,74,10.10.21.6
disparityBoltSub,79,13,1531606664255,1531606664325,70,10.10.21.7
disparityBoltSub,79,14,1531606664253,1531606664325,72,10.10.21.7
disparityBoltSub,79,15,1531606664255,1531606664328,73,10.10.21.7
disparityBoltSub,79,16,1531606664251,1531606664329,78,10.10.21.6
disparityBoltSub,79,17,1531606664256,1531606664334,78,10.10.21.7
disparityBoltSub,79,18,1531606664254,1531606664328,74,10.10.21.6
disparityBoltSub,79,19,1531606664254,1531606664330,76,10.10.21.6
disparityBoltSub,79,20,1531606664257,1531606664329,72,10.10.21.7
disparityBoltSub,79,21,1531606664259,1531606664350,91,10.10.21.7
disparityBoltSub,79,22,1531606664255,1531606664331,76,10.10.21.6
disparityBoltSub,79,23,1531606664258,1531606664331,73,10.10.21.6
disparityBoltSub,79,24,1531606664257,1531606664331,74,10.10.21.6
disparityBoltSub,79,25,1531606664261,1531606664330,69,10.10.21.6
disparityBoltSub,79,26,1531606664259,1531606664331,72,10.10.21.6
disparityBoltSub,79,27,1531606664261,1531606664332,71,10.10.21.6
disparityBoltSub,79,28,1531606664259,1531606664331,72,10.10.21.7
disparityBoltSub,79,29,1531606664257,1531606664371,114,10.10.21.6
disparityBoltSub,79,30,1531606664258,1531606664328,70,10.10.21.6
disparityBoltSub,79,31,1531606664259,1531606664300,41,10.10.21.7
disparityBolt,79,0,0,0,157,0
mergeBolt,79,0,1531606664371,1531606664386,15,10.10.21.6
reprojectionBolt,79,0,1531606664386,1531606664426,40,null
overall,79,0,1531606664136,1531606664426,290,0
videoSpout,80,0,1531606664641,1531606664646,5,10.10.21.7
rectificationBolt,80,0,1531606664667,1531606664691,24,10.10.21.6
partitionBolt,80,0,1531606664691,1531606664751,60,10.10.21.6
disparityBoltSub,80,0,1531606664754,1531606664802,48,10.10.21.7
disparityBoltSub,80,1,1531606664758,1531606664826,68,10.10.21.7
disparityBoltSub,80,2,1531606664756,1531606664833,77,10.10.21.7
disparityBoltSub,80,3,1531606664757,1531606664830,73,10.10.21.6
disparityBoltSub,80,4,1531606664757,1531606664835,78,10.10.21.6
disparityBoltSub,80,5,1531606664759,1531606664830,71,10.10.21.7
disparityBoltSub,80,6,1531606664760,1531606664830,70,10.10.21.7
disparityBoltSub,80,7,1531606664758,1531606664831,73,10.10.21.6
disparityBoltSub,80,8,1531606664755,1531606664827,72,10.10.21.6
disparityBoltSub,80,9,1531606664761,1531606664832,71,10.10.21.7
disparityBoltSub,80,10,1531606664764,1531606664835,71,10.10.21.7
disparityBoltSub,80,11,1531606664765,1531606664835,70,10.10.21.7
disparityBoltSub,80,12,1531606664757,1531606664832,75,10.10.21.6
disparityBoltSub,80,13,1531606664760,1531606664827,67,10.10.21.6
disparityBoltSub,80,14,1531606664760,1531606664845,85,10.10.21.6
disparityBoltSub,80,15,1531606664761,1531606664839,78,10.10.21.6
disparityBoltSub,80,16,1531606664759,1531606664835,76,10.10.21.6
disparityBoltSub,80,17,1531606664762,1531606664838,76,10.10.21.6
disparityBoltSub,80,18,1531606664760,1531606664832,72,10.10.21.6
disparityBoltSub,80,19,1531606664763,1531606664837,74,10.10.21.7
disparityBoltSub,80,20,1531606664766,1531606664841,75,10.10.21.7
disparityBoltSub,80,21,1531606664768,1531606664844,76,10.10.21.7
disparityBoltSub,80,22,1531606664763,1531606664847,84,10.10.21.6
disparityBoltSub,80,23,1531606664765,1531606664838,73,10.10.21.7
disparityBoltSub,80,24,1531606664767,1531606664837,70,10.10.21.7
disparityBoltSub,80,25,1531606664769,1531606664844,75,10.10.21.7
disparityBoltSub,80,26,1531606664771,1531606664841,70,10.10.21.7
disparityBoltSub,80,27,1531606664770,1531606664843,73,10.10.21.7
disparityBoltSub,80,28,1531606664775,1531606664844,69,10.10.21.7
disparityBoltSub,80,29,1531606664765,1531606664842,77,10.10.21.6
disparityBoltSub,80,30,1531606664773,1531606664845,72,10.10.21.7
disparityBoltSub,80,31,1531606664768,1531606664810,42,10.10.21.6
disparityBolt,80,0,0,0,93,0
mergeBolt,80,0,1531606664847,1531606664862,15,10.10.21.6
reprojectionBolt,80,0,1531606664862,1531606664945,83,null
overall,80,0,1531606664641,1531606664945,304,0
videoSpout,81,0,1531606665146,1531606665151,5,10.10.21.7
rectificationBolt,81,0,1531606665173,1531606665205,32,10.10.21.6
partitionBolt,81,0,1531606665205,1531606665225,20,10.10.21.6
disparityBoltSub,81,0,1531606665228,1531606665272,44,10.10.21.6
disparityBoltSub,81,1,1531606665230,1531606665304,74,10.10.21.7
disparityBoltSub,81,2,1531606665227,1531606665318,91,10.10.21.6
disparityBoltSub,81,3,1531606665230,1531606665309,79,10.10.21.6
disparityBoltSub,81,4,1531606665228,1531606665318,90,10.10.21.6
disparityBoltSub,81,5,1531606665230,1531606665351,121,10.10.21.7
disparityBoltSub,81,6,1531606665231,1531606665309,78,10.10.21.6
disparityBoltSub,81,7,1531606665232,1531606665351,119,10.10.21.7
disparityBoltSub,81,8,1531606665240,1531606665312,72,10.10.21.7
disparityBoltSub,81,9,1531606665267,1531606665337,70,10.10.21.7
disparityBoltSub,81,10,1531606665265,1531606665338,73,10.10.21.7
disparityBoltSub,81,11,1531606665231,1531606665320,89,10.10.21.6
disparityBoltSub,81,12,1531606665269,1531606665339,70,10.10.21.7
disparityBoltSub,81,13,1531606665235,1531606665307,72,10.10.21.7
disparityBoltSub,81,14,1531606665234,1531606665306,72,10.10.21.7
disparityBoltSub,81,15,1531606665235,1531606665316,81,10.10.21.6
disparityBoltSub,81,16,1531606665235,1531606665320,85,10.10.21.6
disparityBoltSub,81,17,1531606665271,1531606665343,72,10.10.21.7
disparityBoltSub,81,18,1531606665237,1531606665334,97,10.10.21.6
disparityBoltSub,81,19,1531606665236,1531606665316,80,10.10.21.7
disparityBoltSub,81,20,1531606665273,1531606665348,75,10.10.21.7
disparityBoltSub,81,21,1531606665272,1531606665347,75,10.10.21.7
disparityBoltSub,81,22,1531606665275,1531606665349,74,10.10.21.7
disparityBoltSub,81,23,1531606665236,1531606665337,101,10.10.21.6
disparityBoltSub,81,24,1531606665276,1531606665345,69,10.10.21.7
disparityBoltSub,81,25,1531606665268,1531606665342,74,10.10.21.7
disparityBoltSub,81,26,1531606665268,1531606665338,70,10.10.21.6
disparityBoltSub,81,27,1531606665268,1531606665342,74,10.10.21.6
disparityBoltSub,81,28,1531606665277,1531606665350,73,10.10.21.7
disparityBoltSub,81,29,1531606665269,1531606665342,73,10.10.21.6
disparityBoltSub,81,30,1531606665267,1531606665341,74,10.10.21.6
disparityBoltSub,81,31,1531606665269,1531606665311,42,10.10.21.7
disparityBolt,81,0,0,0,124,0
mergeBolt,81,0,1531606665353,1531606665368,15,10.10.21.6
reprojectionBolt,81,0,1531606665368,1531606665408,40,null
overall,81,0,1531606665146,1531606665408,262,0
videoSpout,82,0,1531606665651,1531606665656,5,10.10.21.7
rectificationBolt,82,0,1531606665676,1531606665706,30,10.10.21.6
partitionBolt,82,0,1531606665706,1531606665726,20,10.10.21.6
disparityBoltSub,82,0,1531606665740,1531606665786,46,10.10.21.7
disparityBoltSub,82,1,1531606665740,1531606665815,75,10.10.21.7
disparityBoltSub,82,2,1531606665740,1531606665821,81,10.10.21.6
disparityBoltSub,82,3,1531606665738,1531606665815,77,10.10.21.6
disparityBoltSub,82,4,1531606665741,1531606665813,72,10.10.21.7
disparityBoltSub,82,5,1531606665738,1531606665807,69,10.10.21.6
disparityBoltSub,82,6,1531606665743,1531606665822,79,10.10.21.7
disparityBoltSub,82,7,1531606665742,1531606665874,132,10.10.21.6
disparityBoltSub,82,8,1531606665746,1531606665868,122,10.10.21.7
disparityBoltSub,82,9,1531606665744,1531606665828,84,10.10.21.7
disparityBoltSub,82,10,1531606665748,1531606665825,77,10.10.21.7
disparityBoltSub,82,11,1531606665743,1531606665818,75,10.10.21.6
disparityBoltSub,82,12,1531606665744,1531606665833,89,10.10.21.6
disparityBoltSub,82,13,1531606665749,1531606665821,72,10.10.21.7
disparityBoltSub,82,14,1531606665743,1531606665816,73,10.10.21.6
disparityBoltSub,82,15,1531606665751,1531606665830,79,10.10.21.7
disparityBoltSub,82,16,1531606665745,1531606665823,78,10.10.21.6
disparityBoltSub,82,17,1531606665748,1531606665828,80,10.10.21.6
disparityBoltSub,82,18,1531606665747,1531606665822,75,10.10.21.6
disparityBoltSub,82,19,1531606665752,1531606665881,129,10.10.21.7
disparityBoltSub,82,20,1531606665748,1531606665824,76,10.10.21.6
disparityBoltSub,82,21,1531606665749,1531606665824,75,10.10.21.6
disparityBoltSub,82,22,1531606665747,1531606665820,73,10.10.21.6
disparityBoltSub,82,23,1531606665747,1531606665822,75,10.10.21.6
disparityBoltSub,82,24,1531606665747,1531606665821,74,10.10.21.6
disparityBoltSub,82,25,1531606665750,1531606665825,75,10.10.21.7
disparityBoltSub,82,26,1531606665753,1531606665827,74,10.10.21.7
disparityBoltSub,82,27,1531606665751,1531606665827,76,10.10.21.6
disparityBoltSub,82,28,1531606665749,1531606665861,112,10.10.21.6
disparityBoltSub,82,29,1531606665755,1531606665830,75,10.10.21.7
disparityBoltSub,82,30,1531606665752,1531606665822,70,10.10.21.6
disparityBoltSub,82,31,1531606665751,1531606665792,41,10.10.21.6
disparityBolt,82,0,0,0,143,0
mergeBolt,82,0,1531606665883,1531606665899,16,10.10.21.6
reprojectionBolt,82,0,1531606665899,1531606665938,39,null
overall,82,0,1531606665651,1531606665938,287,0
videoSpout,83,0,1531606666156,1531606666160,4,10.10.21.7
rectificationBolt,83,0,1531606666181,1531606666243,62,10.10.21.6
partitionBolt,83,0,1531606666243,1531606666261,18,10.10.21.6
disparityBoltSub,83,0,1531606666265,1531606666314,49,10.10.21.7
disparityBoltSub,83,1,1531606666265,1531606666339,74,10.10.21.6
disparityBoltSub,83,2,1531606666267,1531606666338,71,10.10.21.6
disparityBoltSub,83,3,1531606666266,1531606666384,118,10.10.21.6
disparityBoltSub,83,4,1531606666265,1531606666336,71,10.10.21.6
disparityBoltSub,83,5,1531606666265,1531606666379,114,10.10.21.6
disparityBoltSub,83,6,1531606666268,1531606666340,72,10.10.21.6
disparityBoltSub,83,7,1531606666266,1531606666334,68,10.10.21.6
disparityBoltSub,83,8,1531606666269,1531606666390,121,10.10.21.7
disparityBoltSub,83,9,1531606666269,1531606666392,123,10.10.21.7
disparityBoltSub,83,10,1531606666271,1531606666342,71,10.10.21.7
disparityBoltSub,83,11,1531606666272,1531606666342,70,10.10.21.7
disparityBoltSub,83,12,1531606666275,1531606666349,74,10.10.21.7
disparityBoltSub,83,13,1531606666268,1531606666339,71,10.10.21.6
disparityBoltSub,83,14,1531606666274,1531606666347,73,10.10.21.7
disparityBoltSub,83,15,1531606666272,1531606666342,70,10.10.21.6
disparityBoltSub,83,16,1531606666277,1531606666381,104,10.10.21.7
disparityBoltSub,83,17,1531606666270,1531606666342,72,10.10.21.6
disparityBoltSub,83,18,1531606666280,1531606666383,103,10.10.21.7
disparityBoltSub,83,19,1531606666278,1531606666356,78,10.10.21.7
disparityBoltSub,83,20,1531606666271,1531606666341,70,10.10.21.6
disparityBoltSub,83,21,1531606666281,1531606666357,76,10.10.21.7
disparityBoltSub,83,22,1531606666271,1531606666347,76,10.10.21.6
disparityBoltSub,83,23,1531606666274,1531606666343,69,10.10.21.6
disparityBoltSub,83,24,1531606666282,1531606666354,72,10.10.21.7
disparityBoltSub,83,25,1531606666275,1531606666393,118,10.10.21.6
disparityBoltSub,83,26,1531606666283,1531606666359,76,10.10.21.7
disparityBoltSub,83,27,1531606666277,1531606666347,70,10.10.21.6
disparityBoltSub,83,28,1531606666276,1531606666346,70,10.10.21.6
disparityBoltSub,83,29,1531606666278,1531606666347,69,10.10.21.6
disparityBoltSub,83,30,1531606666285,1531606666357,72,10.10.21.7
disparityBoltSub,83,31,1531606666276,1531606666356,80,10.10.21.6
disparityBolt,83,0,0,0,128,0
mergeBolt,83,0,1531606666395,1531606666427,32,10.10.21.6
reprojectionBolt,83,0,1531606666427,1531606666466,39,null
overall,83,0,1531606666156,1531606666466,310,0
videoSpout,84,0,1531606666660,1531606666665,5,10.10.21.7
rectificationBolt,84,0,1531606666686,1531606666718,32,10.10.21.6
partitionBolt,84,0,1531606666718,1531606666737,19,10.10.21.6
disparityBoltSub,84,0,1531606666740,1531606666781,41,10.10.21.6
disparityBoltSub,84,1,1531606666742,1531606666815,73,10.10.21.7
disparityBoltSub,84,2,1531606666743,1531606666817,74,10.10.21.7
disparityBoltSub,84,3,1531606666743,1531606666817,74,10.10.21.7
disparityBoltSub,84,4,1531606666745,1531606666817,72,10.10.21.7
disparityBoltSub,84,5,1531606666745,1531606666817,72,10.10.21.7
disparityBoltSub,84,6,1531606666741,1531606666825,84,10.10.21.6
disparityBoltSub,84,7,1531606666741,1531606666828,87,10.10.21.6
disparityBoltSub,84,8,1531606666747,1531606666818,71,10.10.21.7
disparityBoltSub,84,9,1531606666746,1531606666836,90,10.10.21.7
disparityBoltSub,84,10,1531606666748,1531606666819,71,10.10.21.7
disparityBoltSub,84,11,1531606666746,1531606666833,87,10.10.21.6
disparityBoltSub,84,12,1531606666747,1531606666821,74,10.10.21.6
disparityBoltSub,84,13,1531606666748,1531606666835,87,10.10.21.7
disparityBoltSub,84,14,1531606666773,1531606666844,71,10.10.21.7
disparityBoltSub,84,15,1531606666746,1531606666826,80,10.10.21.6
disparityBoltSub,84,16,1531606666749,1531606666821,72,10.10.21.6
disparityBoltSub,84,17,1531606666747,1531606666829,82,10.10.21.6
disparityBoltSub,84,18,1531606666747,1531606666831,84,10.10.21.6
disparityBoltSub,84,19,1531606666747,1531606666829,82,10.10.21.6
disparityBoltSub,84,20,1531606666748,1531606666847,99,10.10.21.6
disparityBoltSub,84,21,1531606666748,1531606666847,99,10.10.21.6
disparityBoltSub,84,22,1531606666774,1531606666850,76,10.10.21.7
disparityBoltSub,84,23,1531606666777,1531606666851,74,10.10.21.7
disparityBoltSub,84,24,1531606666774,1531606666845,71,10.10.21.7
disparityBoltSub,84,25,1531606666777,1531606666849,72,10.10.21.7
disparityBoltSub,84,26,1531606666776,1531606666850,74,10.10.21.7
disparityBoltSub,84,27,1531606666777,1531606666858,81,10.10.21.6
disparityBoltSub,84,28,1531606666776,1531606666852,76,10.10.21.6
disparityBoltSub,84,29,1531606666781,1531606666852,71,10.10.21.7
disparityBoltSub,84,30,1531606666779,1531606666856,77,10.10.21.7
disparityBoltSub,84,31,1531606666781,1531606666823,42,10.10.21.7
disparityBolt,84,0,0,0,118,0
mergeBolt,84,0,1531606666860,1531606666875,15,10.10.21.6
reprojectionBolt,84,0,1531606666875,1531606666917,42,null
overall,84,0,1531606666660,1531606666917,257,0
videoSpout,85,0,1531606667165,1531606667170,5,10.10.21.7
rectificationBolt,85,0,1531606667190,1531606667220,30,10.10.21.6
partitionBolt,85,0,1531606667220,1531606667264,44,10.10.21.6
disparityBoltSub,85,0,1531606667265,1531606667315,50,10.10.21.6
disparityBoltSub,85,1,1531606667269,1531606667340,71,10.10.21.7
disparityBoltSub,85,2,1531606667268,1531606667344,76,10.10.21.6
disparityBoltSub,85,3,1531606667275,1531606667347,72,10.10.21.6
disparityBoltSub,85,4,1531606667268,1531606667339,71,10.10.21.6
disparityBoltSub,85,5,1531606667269,1531606667350,81,10.10.21.6
disparityBoltSub,85,6,1531606667270,1531606667345,75,10.10.21.7
disparityBoltSub,85,7,1531606667276,1531606667346,70,10.10.21.6
disparityBoltSub,85,8,1531606667276,1531606667347,71,10.10.21.6
disparityBoltSub,85,9,1531606667273,1531606667343,70,10.10.21.7
disparityBoltSub,85,10,1531606667277,1531606667346,69,10.10.21.6
disparityBoltSub,85,11,1531606667275,1531606667356,81,10.10.21.7
disparityBoltSub,85,12,1531606667278,1531606667352,74,10.10.21.6
disparityBoltSub,85,13,1531606667272,1531606667405,133,10.10.21.6
disparityBoltSub,85,14,1531606667276,1531606667347,71,10.10.21.7
disparityBoltSub,85,15,1531606667277,1531606667347,70,10.10.21.7
disparityBoltSub,85,16,1531606667279,1531606667351,72,10.10.21.6
disparityBoltSub,85,17,1531606667280,1531606667357,77,10.10.21.6
disparityBoltSub,85,18,1531606667275,1531606667351,76,10.10.21.6
disparityBoltSub,85,19,1531606667281,1531606667375,94,10.10.21.6
disparityBoltSub,85,20,1531606667279,1531606667352,73,10.10.21.7
disparityBoltSub,85,21,1531606667279,1531606667356,77,10.10.21.7
disparityBoltSub,85,22,1531606667281,1531606667362,81,10.10.21.7
disparityBoltSub,85,23,1531606667278,1531606667411,133,10.10.21.6
disparityBoltSub,85,24,1531606667281,1531606667359,78,10.10.21.6
disparityBoltSub,85,25,1531606667282,1531606667406,124,10.10.21.6
disparityBoltSub,85,26,1531606667281,1531606667352,71,10.10.21.7
disparityBoltSub,85,27,1531606667282,1531606667405,123,10.10.21.6
disparityBoltSub,85,28,1531606667280,1531606667361,81,10.10.21.6
disparityBoltSub,85,29,1531606667283,1531606667358,75,10.10.21.6
disparityBoltSub,85,30,1531606667282,1531606667356,74,10.10.21.7
disparityBoltSub,85,31,1531606667281,1531606667328,47,10.10.21.6
disparityBolt,85,0,0,0,146,0
mergeBolt,85,0,1531606667411,1531606667426,15,10.10.21.6
reprojectionBolt,85,0,1531606667426,1531606667466,40,null
overall,85,0,1531606667165,1531606667466,301,0
videoSpout,86,0,1531606667670,1531606667675,5,10.10.21.7
rectificationBolt,86,0,1531606667721,1531606667753,32,10.10.21.6
partitionBolt,86,0,1531606667753,1531606667772,19,10.10.21.6
disparityBoltSub,86,0,1531606667775,1531606667824,49,10.10.21.7
disparityBoltSub,86,1,1531606667773,1531606667848,75,10.10.21.6
disparityBoltSub,86,2,1531606667777,1531606667848,71,10.10.21.7
disparityBoltSub,86,3,1531606667777,1531606667850,73,10.10.21.7
disparityBoltSub,86,4,1531606667777,1531606667888,111,10.10.21.6
disparityBoltSub,86,5,1531606667778,1531606667850,72,10.10.21.7
disparityBoltSub,86,6,1531606667788,1531606667892,104,10.10.21.7
disparityBoltSub,86,7,1531606667777,1531606667849,72,10.10.21.6
disparityBoltSub,86,8,1531606667789,1531606667865,76,10.10.21.7
disparityBoltSub,86,9,1531606667779,1531606667872,93,10.10.21.6
disparityBoltSub,86,10,1531606667790,1531606667865,75,10.10.21.7
disparityBoltSub,86,11,1531606667781,1531606667851,70,10.10.21.6
disparityBoltSub,86,12,1531606667780,1531606667851,71,10.10.21.7
disparityBoltSub,86,13,1531606667791,1531606667867,76,10.10.21.7
disparityBoltSub,86,14,1531606667782,1531606667854,72,10.10.21.6
disparityBoltSub,86,15,1531606667783,1531606667855,72,10.10.21.6
disparityBoltSub,86,16,1531606667781,1531606667903,122,10.10.21.6
disparityBoltSub,86,17,1531606667780,1531606667855,75,10.10.21.6
disparityBoltSub,86,18,1531606667780,1531606667859,79,10.10.21.6
disparityBoltSub,86,19,1531606667781,1531606667856,75,10.10.21.6
disparityBoltSub,86,20,1531606667785,1531606667859,74,10.10.21.6
disparityBoltSub,86,21,1531606667782,1531606667903,121,10.10.21.6
disparityBoltSub,86,22,1531606667786,1531606667897,111,10.10.21.7
disparityBoltSub,86,23,1531606667785,1531606667860,75,10.10.21.7
disparityBoltSub,86,24,1531606667783,1531606667855,72,10.10.21.6
disparityBoltSub,86,25,1531606667786,1531606667863,77,10.10.21.6
disparityBoltSub,86,26,1531606667794,1531606667874,80,10.10.21.7
disparityBoltSub,86,27,1531606667793,1531606667867,74,10.10.21.7
disparityBoltSub,86,28,1531606667792,1531606667864,72,10.10.21.7
disparityBoltSub,86,29,1531606667787,1531606667861,74,10.10.21.6
disparityBoltSub,86,30,1531606667795,1531606667869,74,10.10.21.7
disparityBoltSub,86,31,1531606667796,1531606667840,44,10.10.21.7
disparityBolt,86,0,0,0,130,0
mergeBolt,86,0,1531606667906,1531606667920,14,10.10.21.6
reprojectionBolt,86,0,1531606667921,1531606667959,38,null
overall,86,0,1531606667670,1531606667959,289,0
videoSpout,87,0,1531606668175,1531606668180,5,10.10.21.7
rectificationBolt,87,0,1531606668201,1531606668226,25,10.10.21.6
partitionBolt,87,0,1531606668226,1531606668243,17,10.10.21.6
disparityBoltSub,87,0,1531606668246,1531606668288,42,10.10.21.7
disparityBoltSub,87,1,1531606668244,1531606668329,85,10.10.21.6
disparityBoltSub,87,2,1531606668245,1531606668323,78,10.10.21.6
disparityBoltSub,87,3,1531606668247,1531606668320,73,10.10.21.7
disparityBoltSub,87,4,1531606668246,1531606668325,79,10.10.21.6
disparityBoltSub,87,5,1531606668248,1531606668323,75,10.10.21.6
disparityBoltSub,87,6,1531606668249,1531606668322,73,10.10.21.6
disparityBoltSub,87,7,1531606668251,1531606668326,75,10.10.21.7
disparityBoltSub,87,8,1531606668252,1531606668325,73,10.10.21.7
disparityBoltSub,87,9,1531606668250,1531606668320,70,10.10.21.6
disparityBoltSub,87,10,1531606668253,1531606668326,73,10.10.21.7
disparityBoltSub,87,11,1531606668251,1531606668326,75,10.10.21.6
disparityBoltSub,87,12,1531606668255,1531606668328,73,10.10.21.7
disparityBoltSub,87,13,1531606668252,1531606668322,70,10.10.21.6
disparityBoltSub,87,14,1531606668254,1531606668337,83,10.10.21.6
disparityBoltSub,87,15,1531606668254,1531606668330,76,10.10.21.6
disparityBoltSub,87,16,1531606668253,1531606668344,91,10.10.21.6
disparityBoltSub,87,17,1531606668273,1531606668347,74,10.10.21.6
disparityBoltSub,87,18,1531606668274,1531606668350,76,10.10.21.6
disparityBoltSub,87,19,1531606668274,1531606668356,82,10.10.21.6
disparityBoltSub,87,20,1531606668273,1531606668350,77,10.10.21.6
disparityBoltSub,87,21,1531606668276,1531606668350,74,10.10.21.7
disparityBoltSub,87,22,1531606668274,1531606668389,115,10.10.21.6
disparityBoltSub,87,23,1531606668276,1531606668350,74,10.10.21.6
disparityBoltSub,87,24,1531606668274,1531606668347,73,10.10.21.6
disparityBoltSub,87,25,1531606668277,1531606668349,72,10.10.21.7
disparityBoltSub,87,26,1531606668279,1531606668350,71,10.10.21.7
disparityBoltSub,87,27,1531606668279,1531606668351,72,10.10.21.7
disparityBoltSub,87,28,1531606668281,1531606668351,70,10.10.21.7
disparityBoltSub,87,29,1531606668279,1531606668352,73,10.10.21.6
disparityBoltSub,87,30,1531606668280,1531606668374,94,10.10.21.6
disparityBoltSub,87,31,1531606668278,1531606668317,39,10.10.21.6
disparityBolt,87,0,0,0,145,0
mergeBolt,87,0,1531606668389,1531606668404,15,10.10.21.6
reprojectionBolt,87,0,1531606668404,1531606668444,40,null
overall,87,0,1531606668175,1531606668444,269,0
videoSpout,88,0,1531606668680,1531606668684,4,10.10.21.7
rectificationBolt,88,0,1531606668702,1531606668734,32,10.10.21.6
partitionBolt,88,0,1531606668734,1531606668796,62,10.10.21.6
disparityBoltSub,88,0,1531606668800,1531606668845,45,10.10.21.7
disparityBoltSub,88,1,1531606668797,1531606668878,81,10.10.21.6
disparityBoltSub,88,2,1531606668803,1531606668879,76,10.10.21.7
disparityBoltSub,88,3,1531606668801,1531606668872,71,10.10.21.7
disparityBoltSub,88,4,1531606668802,1531606668878,76,10.10.21.7
disparityBoltSub,88,5,1531606668799,1531606668871,72,10.10.21.6
disparityBoltSub,88,6,1531606668806,1531606668879,73,10.10.21.7
disparityBoltSub,88,7,1531606668804,1531606668880,76,10.10.21.7
disparityBoltSub,88,8,1531606668804,1531606668877,73,10.10.21.7
disparityBoltSub,88,9,1531606668806,1531606668876,70,10.10.21.7
disparityBoltSub,88,10,1531606668804,1531606668879,75,10.10.21.6
disparityBoltSub,88,11,1531606668808,1531606668878,70,10.10.21.6
disparityBoltSub,88,12,1531606668806,1531606668914,108,10.10.21.6
disparityBoltSub,88,13,1531606668803,1531606668874,71,10.10.21.6
disparityBoltSub,88,14,1531606668807,1531606668879,72,10.10.21.6
disparityBoltSub,88,15,1531606668809,1531606668879,70,10.10.21.6
disparityBoltSub,88,16,1531606668809,1531606668878,69,10.10.21.7
disparityBoltSub,88,17,1531606668810,1531606668886,76,10.10.21.6
disparityBoltSub,88,18,1531606668805,1531606668880,75,10.10.21.6
disparityBoltSub,88,19,1531606668811,1531606668884,73,10.10.21.6
disparityBoltSub,88,20,1531606668807,1531606668882,75,10.10.21.6
disparityBoltSub,88,21,1531606668806,1531606668912,106,10.10.21.6
disparityBoltSub,88,22,1531606668811,1531606668924,113,10.10.21.6
disparityBoltSub,88,23,1531606668812,1531606668884,72,10.10.21.6
disparityBoltSub,88,24,1531606668813,1531606668884,71,10.10.21.6
disparityBoltSub,88,25,1531606668809,1531606668878,69,10.10.21.6
disparityBoltSub,88,26,1531606668809,1531606668878,69,10.10.21.6
disparityBoltSub,88,27,1531606668813,1531606668885,72,10.10.21.6
disparityBoltSub,88,28,1531606668813,1531606668883,70,10.10.21.7
disparityBoltSub,88,29,1531606668814,1531606668883,69,10.10.21.6
disparityBoltSub,88,30,1531606668811,1531606668916,105,10.10.21.6
disparityBoltSub,88,31,1531606668814,1531606668854,40,10.10.21.7
disparityBolt,88,0,0,0,127,0
mergeBolt,88,0,1531606668925,1531606668940,15,10.10.21.6
reprojectionBolt,88,0,1531606668940,1531606668981,41,null
overall,88,0,1531606668680,1531606668981,301,0
videoSpout,89,0,1531606669184,1531606669189,5,10.10.21.7
rectificationBolt,89,0,1531606669242,1531606669274,32,10.10.21.6
partitionBolt,89,0,1531606669274,1531606669295,21,10.10.21.6
disparityBoltSub,89,0,1531606669295,1531606669338,43,10.10.21.6
disparityBoltSub,89,1,1531606669299,1531606669372,73,10.10.21.7
disparityBoltSub,89,2,1531606669298,1531606669369,71,10.10.21.6
disparityBoltSub,89,3,1531606669300,1531606669376,76,10.10.21.7
disparityBoltSub,89,4,1531606669300,1531606669389,89,10.10.21.7
disparityBoltSub,89,5,1531606669299,1531606669369,70,10.10.21.6
disparityBoltSub,89,6,1531606669299,1531606669371,72,10.10.21.6
disparityBoltSub,89,7,1531606669301,1531606669384,83,10.10.21.6
disparityBoltSub,89,8,1531606669302,1531606669373,71,10.10.21.6
disparityBoltSub,89,9,1531606669302,1531606669373,71,10.10.21.7
disparityBoltSub,89,10,1531606669304,1531606669375,71,10.10.21.7
disparityBoltSub,89,11,1531606669304,1531606669376,72,10.10.21.6
disparityBoltSub,89,12,1531606669305,1531606669384,79,10.10.21.6
disparityBoltSub,89,13,1531606669305,1531606669384,79,10.10.21.6
disparityBoltSub,89,14,1531606669307,1531606669379,72,10.10.21.7
disparityBoltSub,89,15,1531606669307,1531606669384,77,10.10.21.6
disparityBoltSub,89,16,1531606669306,1531606669389,83,10.10.21.6
disparityBoltSub,89,17,1531606669305,1531606669423,118,10.10.21.6
disparityBoltSub,89,18,1531606669308,1531606669383,75,10.10.21.6
disparityBoltSub,89,19,1531606669307,1531606669387,80,10.10.21.6
disparityBoltSub,89,20,1531606669310,1531606669386,76,10.10.21.7
disparityBoltSub,89,21,1531606669308,1531606669423,115,10.10.21.6
disparityBoltSub,89,22,1531606669314,1531606669389,75,10.10.21.7
disparityBoltSub,89,23,1531606669311,1531606669384,73,10.10.21.7
disparityBoltSub,89,24,1531606669317,1531606669389,72,10.10.21.7
disparityBoltSub,89,25,1531606669316,1531606669389,73,10.10.21.7
disparityBoltSub,89,26,1531606669315,1531606669386,71,10.10.21.7
disparityBoltSub,89,27,1531606669313,1531606669384,71,10.10.21.7
disparityBoltSub,89,28,1531606669314,1531606669386,72,10.10.21.6
disparityBoltSub,89,29,1531606669320,1531606669411,91,10.10.21.7
disparityBoltSub,89,30,1531606669318,1531606669389,71,10.10.21.7
disparityBoltSub,89,31,1531606669320,1531606669363,43,10.10.21.7
disparityBolt,89,0,0,0,128,0
mergeBolt,89,0,1531606669423,1531606669438,15,10.10.21.6
reprojectionBolt,89,0,1531606669439,1531606669481,42,null
overall,89,0,1531606669184,1531606669481,297,0
videoSpout,90,0,1531606669689,1531606669700,11,10.10.21.7
rectificationBolt,90,0,1531606669721,1531606669753,32,10.10.21.6
partitionBolt,90,0,1531606669753,1531606669773,20,10.10.21.6
disparityBoltSub,90,0,1531606669776,1531606669822,46,10.10.21.6
disparityBoltSub,90,1,1531606669774,1531606669850,76,10.10.21.6
disparityBoltSub,90,2,1531606669774,1531606669853,79,10.10.21.6
disparityBoltSub,90,3,1531606669776,1531606669848,72,10.10.21.6
disparityBoltSub,90,4,1531606669778,1531606669852,74,10.10.21.7
disparityBoltSub,90,5,1531606669777,1531606669851,74,10.10.21.6
disparityBoltSub,90,6,1531606669780,1531606669851,71,10.10.21.7
disparityBoltSub,90,7,1531606669779,1531606669852,73,10.10.21.7
disparityBoltSub,90,8,1531606669780,1531606669855,75,10.10.21.6
disparityBoltSub,90,9,1531606669778,1531606669857,79,10.10.21.6
disparityBoltSub,90,10,1531606669800,1531606669869,69,10.10.21.7
disparityBoltSub,90,11,1531606669801,1531606669880,79,10.10.21.7
disparityBoltSub,90,12,1531606669779,1531606669873,94,10.10.21.6
disparityBoltSub,90,13,1531606669802,1531606669927,125,10.10.21.7
disparityBoltSub,90,14,1531606669803,1531606669930,127,10.10.21.7
disparityBoltSub,90,15,1531606669804,1531606669875,71,10.10.21.6
disparityBoltSub,90,16,1531606669803,1531606669901,98,10.10.21.6
disparityBoltSub,90,17,1531606669804,1531606669881,77,10.10.21.7
disparityBoltSub,90,18,1531606669806,1531606669885,79,10.10.21.7
disparityBoltSub,90,19,1531606669806,1531606669880,74,10.10.21.7
disparityBoltSub,90,20,1531606669806,1531606669886,80,10.10.21.6
disparityBoltSub,90,21,1531606669807,1531606669880,73,10.10.21.7
disparityBoltSub,90,22,1531606669808,1531606669882,74,10.10.21.7
disparityBoltSub,90,23,1531606669806,1531606669877,71,10.10.21.6
disparityBoltSub,90,24,1531606669808,1531606669878,70,10.10.21.6
disparityBoltSub,90,25,1531606669810,1531606669923,113,10.10.21.6
disparityBoltSub,90,26,1531606669810,1531606669901,91,10.10.21.6
disparityBoltSub,90,27,1531606669809,1531606669879,70,10.10.21.7
disparityBoltSub,90,28,1531606669809,1531606669919,110,10.10.21.6
disparityBoltSub,90,29,1531606669810,1531606669884,74,10.10.21.6
disparityBoltSub,90,30,1531606669812,1531606669884,72,10.10.21.7
disparityBoltSub,90,31,1531606669811,1531606669850,39,10.10.21.7
disparityBolt,90,0,0,0,156,0
mergeBolt,90,0,1531606669932,1531606669948,16,10.10.21.6
reprojectionBolt,90,0,1531606669948,1531606669987,39,null
overall,90,0,1531606669689,1531606669987,298,0
videoSpout,91,0,1531606670200,1531606670205,5,10.10.21.7
rectificationBolt,91,0,1531606670225,1531606670253,28,10.10.21.6
partitionBolt,91,0,1531606670253,1531606670287,34,10.10.21.6
disparityBoltSub,91,0,1531606670288,1531606670330,42,10.10.21.6
disparityBoltSub,91,1,1531606670291,1531606670365,74,10.10.21.7
disparityBoltSub,91,2,1531606670291,1531606670364,73,10.10.21.6
disparityBoltSub,91,3,1531606670293,1531606670364,71,10.10.21.7
disparityBoltSub,91,4,1531606670291,1531606670363,72,10.10.21.6
disparityBoltSub,91,5,1531606670292,1531606670368,76,10.10.21.6
disparityBoltSub,91,6,1531606670293,1531606670365,72,10.10.21.7
disparityBoltSub,91,7,1531606670294,1531606670362,68,10.10.21.7
disparityBoltSub,91,8,1531606670291,1531606670372,81,10.10.21.6
disparityBoltSub,91,9,1531606670293,1531606670366,73,10.10.21.6
disparityBoltSub,91,10,1531606670295,1531606670370,75,10.10.21.6
disparityBoltSub,91,11,1531606670296,1531606670383,87,10.10.21.7
disparityBoltSub,91,12,1531606670295,1531606670365,70,10.10.21.6
disparityBoltSub,91,13,1531606670295,1531606670369,74,10.10.21.6
disparityBoltSub,91,14,1531606670296,1531606670368,72,10.10.21.6
disparityBoltSub,91,15,1531606670297,1531606670367,70,10.10.21.6
disparityBoltSub,91,16,1531606670298,1531606670368,70,10.10.21.7
disparityBoltSub,91,17,1531606670299,1531606670376,77,10.10.21.7
disparityBoltSub,91,18,1531606670297,1531606670372,75,10.10.21.6
disparityBoltSub,91,19,1531606670301,1531606670378,77,10.10.21.6
disparityBoltSub,91,20,1531606670299,1531606670374,75,10.10.21.6
disparityBoltSub,91,21,1531606670298,1531606670373,75,10.10.21.6
disparityBoltSub,91,22,1531606670299,1531606670379,80,10.10.21.6
disparityBoltSub,91,23,1531606670302,1531606670374,72,10.10.21.7
disparityBoltSub,91,24,1531606670303,1531606670377,74,10.10.21.7
disparityBoltSub,91,25,1531606670302,1531606670390,88,10.10.21.6
disparityBoltSub,91,26,1531606670303,1531606670379,76,10.10.21.6
disparityBoltSub,91,27,1531606670304,1531606670391,87,10.10.21.7
disparityBoltSub,91,28,1531606670305,1531606670379,74,10.10.21.6
disparityBoltSub,91,29,1531606670306,1531606670377,71,10.10.21.7
disparityBoltSub,91,30,1531606670306,1531606670397,91,10.10.21.6
disparityBoltSub,91,31,1531606670306,1531606670385,79,10.10.21.6
disparityBolt,91,0,0,0,109,0
mergeBolt,91,0,1531606670398,1531606670414,16,10.10.21.6
reprojectionBolt,91,0,1531606670414,1531606670455,41,null
overall,91,0,1531606670200,1531606670455,255,0
videoSpout,92,0,1531606670705,1531606670709,4,10.10.21.7
rectificationBolt,92,0,1531606670757,1531606670787,30,10.10.21.6
partitionBolt,92,0,1531606670787,1531606670807,20,10.10.21.6
disparityBoltSub,92,0,1531606670811,1531606670857,46,10.10.21.7
disparityBoltSub,92,1,1531606670808,1531606670888,80,10.10.21.6
disparityBoltSub,92,2,1531606670814,1531606670887,73,10.10.21.7
disparityBoltSub,92,3,1531606670811,1531606670882,71,10.10.21.6
disparityBoltSub,92,4,1531606670812,1531606670887,75,10.10.21.7
disparityBoltSub,92,5,1531606670815,1531606670886,71,10.10.21.7
disparityBoltSub,92,6,1531606670810,1531606670888,78,10.10.21.6
disparityBoltSub,92,7,1531606670817,1531606670897,80,10.10.21.7
disparityBoltSub,92,8,1531606670813,1531606670928,115,10.10.21.6
disparityBoltSub,92,9,1531606670815,1531606670889,74,10.10.21.7
disparityBoltSub,92,10,1531606670815,1531606670887,72,10.10.21.6
disparityBoltSub,92,11,1531606670814,1531606670887,73,10.10.21.6
disparityBoltSub,92,12,1531606670813,1531606670890,77,10.10.21.6
disparityBoltSub,92,13,1531606670823,1531606670895,72,10.10.21.7
disparityBoltSub,92,14,1531606670824,1531606670897,73,10.10.21.7
disparityBoltSub,92,15,1531606670816,1531606670886,70,10.10.21.6
disparityBoltSub,92,16,1531606670820,1531606670893,73,10.10.21.7
disparityBoltSub,92,17,1531606670818,1531606670949,131,10.10.21.7
disparityBoltSub,92,18,1531606670826,1531606670900,74,10.10.21.7
disparityBoltSub,92,19,1531606670827,1531606670901,74,10.10.21.7
disparityBoltSub,92,20,1531606670819,1531606670895,76,10.10.21.6
disparityBoltSub,92,21,1531606670830,1531606670904,74,10.10.21.7
disparityBoltSub,92,22,1531606670828,1531606670905,77,10.10.21.7
disparityBoltSub,92,23,1531606670819,1531606670935,116,10.10.21.6
disparityBoltSub,92,24,1531606670832,1531606670904,72,10.10.21.7
disparityBoltSub,92,25,1531606670819,1531606670895,76,10.10.21.6
disparityBoltSub,92,26,1531606670833,1531606670903,70,10.10.21.7
disparityBoltSub,92,27,1531606670823,1531606670899,76,10.10.21.6
disparityBoltSub,92,28,1531606670834,1531606670905,71,10.10.21.7
disparityBoltSub,92,29,1531606670824,1531606670951,127,10.10.21.7
disparityBoltSub,92,30,1531606670821,1531606670894,73,10.10.21.6
disparityBoltSub,92,31,1531606670822,1531606670863,41,10.10.21.6
disparityBolt,92,0,0,0,143,0
mergeBolt,92,0,1531606670952,1531606670968,16,10.10.21.6
reprojectionBolt,92,0,1531606670968,1531606671007,39,null
overall,92,0,1531606670705,1531606671007,302,0
videoSpout,93,0,1531606671210,1531606671214,4,10.10.21.7
rectificationBolt,93,0,1531606671234,1531606671263,29,10.10.21.6
partitionBolt,93,0,1531606671263,1531606671281,18,10.10.21.6
disparityBoltSub,93,0,1531606671284,1531606671325,41,10.10.21.7
disparityBoltSub,93,1,1531606671285,1531606671355,70,10.10.21.6
disparityBoltSub,93,2,1531606671285,1531606671355,70,10.10.21.7
disparityBoltSub,93,3,1531606671284,1531606671360,76,10.10.21.6
disparityBoltSub,93,4,1531606671284,1531606671399,115,10.10.21.6
disparityBoltSub,93,5,1531606671288,1531606671359,71,10.10.21.7
disparityBoltSub,93,6,1531606671285,1531606671359,74,10.10.21.6
disparityBoltSub,93,7,1531606671285,1531606671395,110,10.10.21.6
disparityBoltSub,93,8,1531606671288,1531606671359,71,10.10.21.6
disparityBoltSub,93,9,1531606671297,1531606671375,78,10.10.21.6
disparityBoltSub,93,10,1531606671296,1531606671403,107,10.10.21.7
disparityBoltSub,93,11,1531606671297,1531606671367,70,10.10.21.7
disparityBoltSub,93,12,1531606671297,1531606671373,76,10.10.21.6
disparityBoltSub,93,13,1531606671299,1531606671370,71,10.10.21.7
disparityBoltSub,93,14,1531606671299,1531606671404,105,10.10.21.7
disparityBoltSub,93,15,1531606671301,1531606671373,72,10.10.21.7
disparityBoltSub,93,16,1531606671296,1531606671374,78,10.10.21.6
disparityBoltSub,93,17,1531606671302,1531606671374,72,10.10.21.7
disparityBoltSub,93,18,1531606671300,1531606671372,72,10.10.21.6
disparityBoltSub,93,19,1531606671300,1531606671409,109,10.10.21.6
disparityBoltSub,93,20,1531606671305,1531606671381,76,10.10.21.7
disparityBoltSub,93,21,1531606671304,1531606671377,73,10.10.21.7
disparityBoltSub,93,22,1531606671302,1531606671377,75,10.10.21.6
disparityBoltSub,93,23,1531606671303,1531606671375,72,10.10.21.6
disparityBoltSub,93,24,1531606671305,1531606671377,72,10.10.21.6
disparityBoltSub,93,25,1531606671304,1531606671379,75,10.10.21.6
disparityBoltSub,93,26,1531606671307,1531606671381,74,10.10.21.6
disparityBoltSub,93,27,1531606671307,1531606671377,70,10.10.21.6
disparityBoltSub,93,28,1531606671306,1531606671377,71,10.10.21.7
disparityBoltSub,93,29,1531606671304,1531606671413,109,10.10.21.6
disparityBoltSub,93,30,1531606671305,1531606671375,70,10.10.21.6
disparityBoltSub,93,31,1531606671307,1531606671348,41,10.10.21.7
disparityBolt,93,0,0,0,129,0
mergeBolt,93,0,1531606671414,1531606671429,15,10.10.21.6
reprojectionBolt,93,0,1531606671429,1531606671468,39,null
overall,93,0,1531606671210,1531606671468,258,0
videoSpout,94,0,1531606671714,1531606671723,9,10.10.21.7
rectificationBolt,94,0,1531606671741,1531606671768,27,10.10.21.6
partitionBolt,94,0,1531606671768,1531606671826,58,10.10.21.6
disparityBoltSub,94,0,1531606671828,1531606671870,42,10.10.21.7
disparityBoltSub,94,1,1531606671832,1531606671901,69,10.10.21.7
disparityBoltSub,94,2,1531606671830,1531606671946,116,10.10.21.7
disparityBoltSub,94,3,1531606671831,1531606671909,78,10.10.21.6
disparityBoltSub,94,4,1531606671832,1531606671905,73,10.10.21.6
disparityBoltSub,94,5,1531606671834,1531606671906,72,10.10.21.7
disparityBoltSub,94,6,1531606671835,1531606671905,70,10.10.21.7
disparityBoltSub,94,7,1531606671833,1531606671904,71,10.10.21.6
disparityBoltSub,94,8,1531606671832,1531606671905,73,10.10.21.6
disparityBoltSub,94,9,1531606671836,1531606671906,70,10.10.21.7
disparityBoltSub,94,10,1531606671838,1531606671911,73,10.10.21.7
disparityBoltSub,94,11,1531606671838,1531606671968,130,10.10.21.7
disparityBoltSub,94,12,1531606671833,1531606671905,72,10.10.21.6
disparityBoltSub,94,13,1531606671836,1531606671945,109,10.10.21.6
disparityBoltSub,94,14,1531606671838,1531606671913,75,10.10.21.6
disparityBoltSub,94,15,1531606671837,1531606671910,73,10.10.21.6
disparityBoltSub,94,16,1531606671836,1531606671912,76,10.10.21.6
disparityBoltSub,94,17,1531606671838,1531606671915,77,10.10.21.6
disparityBoltSub,94,18,1531606671837,1531606671911,74,10.10.21.6
disparityBoltSub,94,19,1531606671840,1531606671915,75,10.10.21.7
disparityBoltSub,94,20,1531606671841,1531606671956,115,10.10.21.7
disparityBoltSub,94,21,1531606671844,1531606671919,75,10.10.21.7
disparityBoltSub,94,22,1531606671839,1531606671918,79,10.10.21.6
disparityBoltSub,94,23,1531606671844,1531606671914,70,10.10.21.7
disparityBoltSub,94,24,1531606671842,1531606671911,69,10.10.21.7
disparityBoltSub,94,25,1531606671845,1531606671918,73,10.10.21.7
disparityBoltSub,94,26,1531606671847,1531606671916,69,10.10.21.7
disparityBoltSub,94,27,1531606671845,1531606671976,131,10.10.21.7
disparityBoltSub,94,28,1531606671848,1531606671918,70,10.10.21.7
disparityBoltSub,94,29,1531606671843,1531606671914,71,10.10.21.6
disparityBoltSub,94,30,1531606671849,1531606671921,72,10.10.21.7
disparityBoltSub,94,31,1531606671845,1531606671922,77,10.10.21.6
disparityBolt,94,0,0,0,148,0
mergeBolt,94,0,1531606671978,1531606671993,15,10.10.21.6
reprojectionBolt,94,0,1531606671993,1531606672044,51,null
overall,94,0,1531606671714,1531606672044,330,0
videoSpout,95,0,1531606672223,1531606672227,4,10.10.21.7
rectificationBolt,95,0,1531606672244,1531606672274,30,10.10.21.6
partitionBolt,95,0,1531606672274,1531606672293,19,10.10.21.6
disparityBoltSub,95,0,1531606672294,1531606672348,54,10.10.21.6
disparityBoltSub,95,1,1531606672297,1531606672374,77,10.10.21.7
disparityBoltSub,95,2,1531606672294,1531606672384,90,10.10.21.6
disparityBoltSub,95,3,1531606672296,1531606672374,78,10.10.21.6
disparityBoltSub,95,4,1531606672295,1531606672382,87,10.10.21.6
disparityBoltSub,95,5,1531606672301,1531606672375,74,10.10.21.7
disparityBoltSub,95,6,1531606672304,1531606672381,77,10.10.21.6
disparityBoltSub,95,7,1531606672305,1531606672378,73,10.10.21.7
disparityBoltSub,95,8,1531606672304,1531606672374,70,10.10.21.7
disparityBoltSub,95,9,1531606672331,1531606672402,71,10.10.21.7
disparityBoltSub,95,10,1531606672330,1531606672404,74,10.10.21.7
disparityBoltSub,95,11,1531606672299,1531606672417,118,10.10.21.6
disparityBoltSub,95,12,1531606672333,1531606672403,70,10.10.21.7
disparityBoltSub,95,13,1531606672307,1531606672378,71,10.10.21.7
disparityBoltSub,95,14,1531606672304,1531606672375,71,10.10.21.7
disparityBoltSub,95,15,1531606672304,1531606672387,83,10.10.21.6
disparityBoltSub,95,16,1531606672304,1531606672386,82,10.10.21.6
disparityBoltSub,95,17,1531606672335,1531606672407,72,10.10.21.7
disparityBoltSub,95,18,1531606672305,1531606672396,91,10.10.21.6
disparityBoltSub,95,19,1531606672331,1531606672405,74,10.10.21.7
disparityBoltSub,95,20,1531606672336,1531606672464,128,10.10.21.7
disparityBoltSub,95,21,1531606672338,1531606672413,75,10.10.21.7
disparityBoltSub,95,22,1531606672337,1531606672412,75,10.10.21.7
disparityBoltSub,95,23,1531606672329,1531606672399,70,10.10.21.6
disparityBoltSub,95,24,1531606672340,1531606672467,127,10.10.21.7
disparityBoltSub,95,25,1531606672334,1531606672405,71,10.10.21.7
disparityBoltSub,95,26,1531606672332,1531606672403,71,10.10.21.6
disparityBoltSub,95,27,1531606672333,1531606672404,71,10.10.21.6
disparityBoltSub,95,28,1531606672343,1531606672412,69,10.10.21.7
disparityBoltSub,95,29,1531606672334,1531606672441,107,10.10.21.6
disparityBoltSub,95,30,1531606672332,1531606672405,73,10.10.21.6
disparityBoltSub,95,31,1531606672335,1531606672379,44,10.10.21.7
disparityBolt,95,0,0,0,173,0
mergeBolt,95,0,1531606672468,1531606672484,16,10.10.21.6
reprojectionBolt,95,0,1531606672484,1531606672523,39,null
overall,95,0,1531606672223,1531606672523,300,0
videoSpout,96,0,1531606672727,1531606672731,4,10.10.21.7
rectificationBolt,96,0,1531606672750,1531606672779,29,10.10.21.6
partitionBolt,96,0,1531606672779,1531606672798,19,10.10.21.6
disparityBoltSub,96,0,1531606672815,1531606672857,42,10.10.21.7
disparityBoltSub,96,1,1531606672816,1531606672889,73,10.10.21.7
disparityBoltSub,96,2,1531606672817,1531606672897,80,10.10.21.6
disparityBoltSub,96,3,1531606672814,1531606672889,75,10.10.21.6
disparityBoltSub,96,4,1531606672816,1531606672887,71,10.10.21.7
disparityBoltSub,96,5,1531606672815,1531606672888,73,10.10.21.6
disparityBoltSub,96,6,1531606672818,1531606672896,78,10.10.21.7
disparityBoltSub,96,7,1531606672818,1531606672890,72,10.10.21.6
disparityBoltSub,96,8,1531606672821,1531606672892,71,10.10.21.7
disparityBoltSub,96,9,1531606672819,1531606672892,73,10.10.21.7
disparityBoltSub,96,10,1531606672823,1531606672896,73,10.10.21.7
disparityBoltSub,96,11,1531606672820,1531606672904,84,10.10.21.6
disparityBoltSub,96,12,1531606672831,1531606672904,73,10.10.21.6
disparityBoltSub,96,13,1531606672823,1531606672894,71,10.10.21.7
disparityBoltSub,96,14,1531606672820,1531606672892,72,10.10.21.6
disparityBoltSub,96,15,1531606672825,1531606672901,76,10.10.21.7
disparityBoltSub,96,16,1531606672832,1531606672906,74,10.10.21.6
disparityBoltSub,96,17,1531606672832,1531606672912,80,10.10.21.6
disparityBoltSub,96,18,1531606672833,1531606672948,115,10.10.21.6
disparityBoltSub,96,19,1531606672826,1531606672901,75,10.10.21.7
disparityBoltSub,96,20,1531606672835,1531606672908,73,10.10.21.6
disparityBoltSub,96,21,1531606672834,1531606672910,76,10.10.21.6
disparityBoltSub,96,22,1531606672824,1531606672901,77,10.10.21.6
disparityBoltSub,96,23,1531606672824,1531606672899,75,10.10.21.6
disparityBoltSub,96,24,1531606672824,1531606672897,73,10.10.21.6
disparityBoltSub,96,25,1531606672827,1531606672901,74,10.10.21.7
disparityBoltSub,96,26,1531606672828,1531606672905,77,10.10.21.7
disparityBoltSub,96,27,1531606672837,1531606672914,77,10.10.21.6
disparityBoltSub,96,28,1531606672826,1531606672939,113,10.10.21.6
disparityBoltSub,96,29,1531606672829,1531606672905,76,10.10.21.7
disparityBoltSub,96,30,1531606672838,1531606672910,72,10.10.21.6
disparityBoltSub,96,31,1531606672827,1531606672869,42,10.10.21.6
disparityBolt,96,0,0,0,134,0
mergeBolt,96,0,1531606672950,1531606672965,15,10.10.21.6
reprojectionBolt,96,0,1531606672965,1531606673003,38,null
overall,96,0,1531606672727,1531606673003,276,0
videoSpout,97,0,1531606673232,1531606673236,4,10.10.21.7
rectificationBolt,97,0,1531606673256,1531606673309,53,10.10.21.6
partitionBolt,97,0,1531606673309,1531606673328,19,10.10.21.6
disparityBoltSub,97,0,1531606673331,1531606673373,42,10.10.21.7
disparityBoltSub,97,1,1531606673332,1531606673406,74,10.10.21.6
disparityBoltSub,97,2,1531606673333,1531606673404,71,10.10.21.6
disparityBoltSub,97,3,1531606673334,1531606673406,72,10.10.21.6
disparityBoltSub,97,4,1531606673330,1531606673402,72,10.10.21.6
disparityBoltSub,97,5,1531606673331,1531606673400,69,10.10.21.6
disparityBoltSub,97,6,1531606673335,1531606673405,70,10.10.21.6
disparityBoltSub,97,7,1531606673332,1531606673401,69,10.10.21.6
disparityBoltSub,97,8,1531606673335,1531606673407,72,10.10.21.7
disparityBoltSub,97,9,1531606673338,1531606673444,106,10.10.21.7
disparityBoltSub,97,10,1531606673336,1531606673412,76,10.10.21.7
disparityBoltSub,97,11,1531606673339,1531606673412,73,10.10.21.7
disparityBoltSub,97,12,1531606673341,1531606673416,75,10.10.21.7
disparityBoltSub,97,13,1531606673335,1531606673406,71,10.10.21.6
disparityBoltSub,97,14,1531606673342,1531606673448,106,10.10.21.7
disparityBoltSub,97,15,1531606673338,1531606673423,85,10.10.21.6
disparityBoltSub,97,16,1531606673344,1531606673415,71,10.10.21.7
disparityBoltSub,97,17,1531606673336,1531606673411,75,10.10.21.6
disparityBoltSub,97,18,1531606673347,1531606673421,74,10.10.21.7
disparityBoltSub,97,19,1531606673345,1531606673419,74,10.10.21.7
disparityBoltSub,97,20,1531606673337,1531606673413,76,10.10.21.6
disparityBoltSub,97,21,1531606673348,1531606673425,77,10.10.21.7
disparityBoltSub,97,22,1531606673339,1531606673431,92,10.10.21.6
disparityBoltSub,97,23,1531606673341,1531606673414,73,10.10.21.6
disparityBoltSub,97,24,1531606673349,1531606673421,72,10.10.21.7
disparityBoltSub,97,25,1531606673341,1531606673412,71,10.10.21.6
disparityBoltSub,97,26,1531606673350,1531606673424,74,10.10.21.7
disparityBoltSub,97,27,1531606673342,1531606673416,74,10.10.21.6
disparityBoltSub,97,28,1531606673344,1531606673416,72,10.10.21.6
disparityBoltSub,97,29,1531606673344,1531606673416,72,10.10.21.6
disparityBoltSub,97,30,1531606673351,1531606673421,70,10.10.21.7
disparityBoltSub,97,31,1531606673343,1531606673382,39,10.10.21.6
disparityBolt,97,0,0,0,118,0
mergeBolt,97,0,1531606673450,1531606673479,29,10.10.21.6
reprojectionBolt,97,0,1531606673479,1531606673519,40,null
overall,97,0,1531606673232,1531606673519,287,0
videoSpout,98,0,1531606673736,1531606673748,12,10.10.21.7
rectificationBolt,98,0,1531606673766,1531606673796,30,10.10.21.6
partitionBolt,98,0,1531606673796,1531606673815,19,10.10.21.6
disparityBoltSub,98,0,1531606673818,1531606673864,46,10.10.21.6
disparityBoltSub,98,1,1531606673820,1531606673891,71,10.10.21.7
disparityBoltSub,98,2,1531606673822,1531606673899,77,10.10.21.7
disparityBoltSub,98,3,1531606673820,1531606673894,74,10.10.21.7
disparityBoltSub,98,4,1531606673822,1531606673894,72,10.10.21.7
disparityBoltSub,98,5,1531606673823,1531606673891,68,10.10.21.7
disparityBoltSub,98,6,1531606673819,1531606673904,85,10.10.21.6
disparityBoltSub,98,7,1531606673819,1531606673907,88,10.10.21.6
disparityBoltSub,98,8,1531606673825,1531606673908,83,10.10.21.7
disparityBoltSub,98,9,1531606673824,1531606673895,71,10.10.21.7
disparityBoltSub,98,10,1531606673826,1531606673896,70,10.10.21.7
disparityBoltSub,98,11,1531606673822,1531606673905,83,10.10.21.6
disparityBoltSub,98,12,1531606673823,1531606673905,82,10.10.21.6
disparityBoltSub,98,13,1531606673827,1531606673900,73,10.10.21.7
disparityBoltSub,98,14,1531606673852,1531606673922,70,10.10.21.7
disparityBoltSub,98,15,1531606673823,1531606673945,122,10.10.21.6
disparityBoltSub,98,16,1531606673825,1531606673948,123,10.10.21.6
disparityBoltSub,98,17,1531606673824,1531606673907,83,10.10.21.6
disparityBoltSub,98,18,1531606673824,1531606673947,123,10.10.21.6
disparityBoltSub,98,19,1531606673824,1531606673908,84,10.10.21.6
disparityBoltSub,98,20,1531606673825,1531606673926,101,10.10.21.6
disparityBoltSub,98,21,1531606673824,1531606673968,144,10.10.21.6
disparityBoltSub,98,22,1531606673853,1531606673931,78,10.10.21.7
disparityBoltSub,98,23,1531606673855,1531606673962,107,10.10.21.7
disparityBoltSub,98,24,1531606673853,1531606673927,74,10.10.21.7
disparityBoltSub,98,25,1531606673857,1531606673927,70,10.10.21.7
disparityBoltSub,98,26,1531606673855,1531606673927,72,10.10.21.7
disparityBoltSub,98,27,1531606673855,1531606673936,81,10.10.21.6
disparityBoltSub,98,28,1531606673855,1531606673931,76,10.10.21.6
disparityBoltSub,98,29,1531606673860,1531606673930,70,10.10.21.7
disparityBoltSub,98,30,1531606673859,1531606673964,105,10.10.21.7
disparityBoltSub,98,31,1531606673862,1531606673902,40,10.10.21.7
disparityBolt,98,0,0,0,150,0
mergeBolt,98,0,1531606673968,1531606673984,16,10.10.21.6
reprojectionBolt,98,0,1531606673984,1531606674024,40,null
overall,98,0,1531606673736,1531606674024,288,0
videoSpout,99,0,1531606674249,1531606674254,5,10.10.21.7
rectificationBolt,99,0,1531606674275,1531606674311,36,10.10.21.6
partitionBolt,99,0,1531606674311,1531606674343,32,10.10.21.6
disparityBoltSub,99,0,1531606674344,1531606674395,51,10.10.21.6
disparityBoltSub,99,1,1531606674349,1531606674427,78,10.10.21.7
disparityBoltSub,99,2,1531606674347,1531606674427,80,10.10.21.6
disparityBoltSub,99,3,1531606674348,1531606674424,76,10.10.21.6
disparityBoltSub,99,4,1531606674346,1531606674417,71,10.10.21.6
disparityBoltSub,99,5,1531606674349,1531606674421,72,10.10.21.6
disparityBoltSub,99,6,1531606674350,1531606674425,75,10.10.21.7
disparityBoltSub,99,7,1531606674350,1531606674426,76,10.10.21.6
disparityBoltSub,99,8,1531606674351,1531606674425,74,10.10.21.6
disparityBoltSub,99,9,1531606674352,1531606674424,72,10.10.21.7
disparityBoltSub,99,10,1531606674352,1531606674429,77,10.10.21.6
disparityBoltSub,99,11,1531606674352,1531606674424,72,10.10.21.7
disparityBoltSub,99,12,1531606674352,1531606674493,141,10.10.21.6
disparityBoltSub,99,13,1531606674350,1531606674443,93,10.10.21.6
disparityBoltSub,99,14,1531606674353,1531606674424,71,10.10.21.7
disparityBoltSub,99,15,1531606674354,1531606674423,69,10.10.21.7
disparityBoltSub,99,16,1531606674354,1531606674428,74,10.10.21.6
disparityBoltSub,99,17,1531606674354,1531606674432,78,10.10.21.6
disparityBoltSub,99,18,1531606674352,1531606674427,75,10.10.21.6
disparityBoltSub,99,19,1531606674355,1531606674431,76,10.10.21.6
disparityBoltSub,99,20,1531606674357,1531606674428,71,10.10.21.7
disparityBoltSub,99,21,1531606674357,1531606674488,131,10.10.21.7
disparityBoltSub,99,22,1531606674359,1531606674490,131,10.10.21.7
disparityBoltSub,99,23,1531606674355,1531606674429,74,10.10.21.6
disparityBoltSub,99,24,1531606674356,1531606674431,75,10.10.21.6
disparityBoltSub,99,25,1531606674359,1531606674453,94,10.10.21.6
disparityBoltSub,99,26,1531606674359,1531606674433,74,10.10.21.7
disparityBoltSub,99,27,1531606674359,1531606674433,74,10.10.21.6
disparityBoltSub,99,28,1531606674358,1531606674496,138,10.10.21.6
disparityBoltSub,99,29,1531606674360,1531606674433,73,10.10.21.6
disparityBoltSub,99,30,1531606674360,1531606674432,72,10.10.21.7
disparityBoltSub,99,31,1531606674359,1531606674401,42,10.10.21.6
disparityBolt,99,0,0,0,152,0
mergeBolt,99,0,1531606674496,1531606674511,15,10.10.21.6
reprojectionBolt,99,0,1531606674511,1531606674551,40,null
overall,99,0,1531606674249,1531606674551,302,0
videoSpout,100,0,1531606674754,1531606674758,4,10.10.21.7
rectificationBolt,100,0,1531606674811,1531606674842,31,10.10.21.6
partitionBolt,100,0,1531606674842,1531606674861,19,10.10.21.6
disparityBoltSub,100,0,1531606674864,1531606674914,50,10.10.21.7
disparityBoltSub,100,1,1531606674863,1531606674937,74,10.10.21.6
disparityBoltSub,100,2,1531606674866,1531606674940,74,10.10.21.7
disparityBoltSub,100,3,1531606674866,1531606674944,78,10.10.21.7
disparityBoltSub,100,4,1531606674867,1531606674939,72,10.10.21.6
disparityBoltSub,100,5,1531606674868,1531606674941,73,10.10.21.7
disparityBoltSub,100,6,1531606674868,1531606674943,75,10.10.21.7
disparityBoltSub,100,7,1531606674867,1531606674939,72,10.10.21.6
disparityBoltSub,100,8,1531606674871,1531606674943,72,10.10.21.7
disparityBoltSub,100,9,1531606674868,1531606674941,73,10.10.21.6
disparityBoltSub,100,10,1531606674873,1531606674948,75,10.10.21.7
disparityBoltSub,100,11,1531606674869,1531606674942,73,10.10.21.6
disparityBoltSub,100,12,1531606674872,1531606674948,76,10.10.21.7
disparityBoltSub,100,13,1531606674873,1531606674952,79,10.10.21.7
disparityBoltSub,100,14,1531606674871,1531606674942,71,10.10.21.6
disparityBoltSub,100,15,1531606674871,1531606674942,71,10.10.21.6
disparityBoltSub,100,16,1531606674870,1531606674956,86,10.10.21.6
disparityBoltSub,100,17,1531606674870,1531606674946,76,10.10.21.6
disparityBoltSub,100,18,1531606674870,1531606674945,75,10.10.21.6
disparityBoltSub,100,19,1531606674871,1531606674946,75,10.10.21.6
disparityBoltSub,100,20,1531606674873,1531606674950,77,10.10.21.6
disparityBoltSub,100,21,1531606674872,1531606674956,84,10.10.21.6
disparityBoltSub,100,22,1531606674874,1531606674958,84,10.10.21.7
disparityBoltSub,100,23,1531606674877,1531606674953,76,10.10.21.7
disparityBoltSub,100,24,1531606674873,1531606674945,72,10.10.21.6
disparityBoltSub,100,25,1531606674875,1531606674949,74,10.10.21.6
disparityBoltSub,100,26,1531606674879,1531606674951,72,10.10.21.7
disparityBoltSub,100,27,1531606674877,1531606674950,73,10.10.21.7
disparityBoltSub,100,28,1531606674881,1531606674989,108,10.10.21.7
disparityBoltSub,100,29,1531606674877,1531606674947,70,10.10.21.6
disparityBoltSub,100,30,1531606674884,1531606674991,107,10.10.21.7
disparityBoltSub,100,31,1531606674883,1531606674924,41,10.10.21.7
disparityBolt,100,0,0,0,128,0
mergeBolt,100,0,1531606674993,1531606675008,15,10.10.21.6
reprojectionBolt,100,0,1531606675008,1531606675047,39,null
overall,100,0,1531606674754,1531606675047,293,0
videoSpout,101,0,1531606675258,1531606675263,5,10.10.21.7
rectificationBolt,101,0,1531606675282,1531606675304,22,10.10.21.6
partitionBolt,101,0,1531606675304,1531606675323,19,10.10.21.6
disparityBoltSub,101,0,1531606675325,1531606675370,45,10.10.21.7
disparityBoltSub,101,1,1531606675324,1531606675415,91,10.10.21.6
disparityBoltSub,101,2,1531606675325,1531606675419,94,10.10.21.6
disparityBoltSub,101,3,1531606675327,1531606675399,72,10.10.21.7
disparityBoltSub,101,4,1531606675326,1531606675446,120,10.10.21.6
disparityBoltSub,101,5,1531606675329,1531606675453,124,10.10.21.6
disparityBoltSub,101,6,1531606675330,1531606675413,83,10.10.21.6
disparityBoltSub,101,7,1531606675331,1531606675405,74,10.10.21.7
disparityBoltSub,101,8,1531606675332,1531606675407,75,10.10.21.7
disparityBoltSub,101,9,1531606675331,1531606675412,81,10.10.21.6
disparityBoltSub,101,10,1531606675334,1531606675405,71,10.10.21.7
disparityBoltSub,101,11,1531606675333,1531606675419,86,10.10.21.6
disparityBoltSub,101,12,1531606675336,1531606675440,104,10.10.21.7
disparityBoltSub,101,13,1531606675334,1531606675405,71,10.10.21.6
disparityBoltSub,101,14,1531606675335,1531606675406,71,10.10.21.6
disparityBoltSub,101,15,1531606675336,1531606675458,122,10.10.21.6
disparityBoltSub,101,16,1531606675334,1531606675435,101,10.10.21.6
disparityBoltSub,101,17,1531606675365,1531606675441,76,10.10.21.6
disparityBoltSub,101,18,1531606675366,1531606675440,74,10.10.21.6
disparityBoltSub,101,19,1531606675366,1531606675441,75,10.10.21.6
disparityBoltSub,101,20,1531606675364,1531606675442,78,10.10.21.6
disparityBoltSub,101,21,1531606675367,1531606675441,74,10.10.21.7
disparityBoltSub,101,22,1531606675365,1531606675439,74,10.10.21.6
disparityBoltSub,101,23,1531606675368,1531606675467,99,10.10.21.6
disparityBoltSub,101,24,1531606675366,1531606675440,74,10.10.21.6
disparityBoltSub,101,25,1531606675369,1531606675439,70,10.10.21.7
disparityBoltSub,101,26,1531606675370,1531606675441,71,10.10.21.7
disparityBoltSub,101,27,1531606675369,1531606675475,106,10.10.21.7
disparityBoltSub,101,28,1531606675372,1531606675440,68,10.10.21.7
disparityBoltSub,101,29,1531606675370,1531606675445,75,10.10.21.6
disparityBoltSub,101,30,1531606675370,1531606675446,76,10.10.21.6
disparityBoltSub,101,31,1531606675369,1531606675409,40,10.10.21.6
disparityBolt,101,0,0,0,151,0
mergeBolt,101,0,1531606675477,1531606675493,16,10.10.21.6
reprojectionBolt,101,0,1531606675493,1531606675532,39,null
overall,101,0,1531606675258,1531606675532,274,0
videoSpout,102,0,1531606675763,1531606675768,5,10.10.21.7
rectificationBolt,102,0,1531606675786,1531606675818,32,10.10.21.6
partitionBolt,102,0,1531606675818,1531606675867,49,10.10.21.6
disparityBoltSub,102,0,1531606675872,1531606675914,42,10.10.21.7
disparityBoltSub,102,1,1531606675868,1531606675948,80,10.10.21.6
disparityBoltSub,102,2,1531606675871,1531606675946,75,10.10.21.7
disparityBoltSub,102,3,1531606675874,1531606675949,75,10.10.21.7
disparityBoltSub,102,4,1531606675873,1531606675947,74,10.10.21.7
disparityBoltSub,102,5,1531606675869,1531606675970,101,10.10.21.6
disparityBoltSub,102,6,1531606675875,1531606676009,134,10.10.21.7
disparityBoltSub,102,7,1531606675873,1531606676008,135,10.10.21.7
disparityBoltSub,102,8,1531606675875,1531606675948,73,10.10.21.7
disparityBoltSub,102,9,1531606675876,1531606675947,71,10.10.21.7
disparityBoltSub,102,10,1531606675874,1531606675945,71,10.10.21.6
disparityBoltSub,102,11,1531606675876,1531606675959,83,10.10.21.6
disparityBoltSub,102,12,1531606675877,1531606675953,76,10.10.21.6
disparityBoltSub,102,13,1531606675873,1531606675947,74,10.10.21.6
disparityBoltSub,102,14,1531606675877,1531606675950,73,10.10.21.6
disparityBoltSub,102,15,1531606675877,1531606675948,71,10.10.21.6
disparityBoltSub,102,16,1531606675878,1531606675951,73,10.10.21.7
disparityBoltSub,102,17,1531606675878,1531606676001,123,10.10.21.6
disparityBoltSub,102,18,1531606675876,1531606675973,97,10.10.21.6
disparityBoltSub,102,19,1531606675879,1531606676003,124,10.10.21.6
disparityBoltSub,102,20,1531606675876,1531606676000,124,10.10.21.6
disparityBoltSub,102,21,1531606675877,1531606675978,101,10.10.21.6
disparityBoltSub,102,22,1531606675880,1531606675955,75,10.10.21.6
disparityBoltSub,102,23,1531606675881,1531606675957,76,10.10.21.6
disparityBoltSub,102,24,1531606675881,1531606675956,75,10.10.21.6
disparityBoltSub,102,25,1531606675879,1531606675951,72,10.10.21.6
disparityBoltSub,102,26,1531606675880,1531606675952,72,10.10.21.6
disparityBoltSub,102,27,1531606675882,1531606675954,72,10.10.21.6
disparityBoltSub,102,28,1531606675883,1531606675961,78,10.10.21.7
disparityBoltSub,102,29,1531606675883,1531606675977,94,10.10.21.6
disparityBoltSub,102,30,1531606675882,1531606675971,89,10.10.21.6
disparityBoltSub,102,31,1531606675890,1531606675930,40,10.10.21.7
disparityBolt,102,0,0,0,141,0
mergeBolt,102,0,1531606676010,1531606676025,15,10.10.21.6
reprojectionBolt,102,0,1531606676025,1531606676066,41,null
overall,102,0,1531606675763,1531606676066,303,0
videoSpout,103,0,1531606676268,1531606676272,4,10.10.21.7
rectificationBolt,103,0,1531606676328,1531606676356,28,10.10.21.6
partitionBolt,103,0,1531606676356,1531606676374,18,10.10.21.6
disparityBoltSub,103,0,1531606676375,1531606676425,50,10.10.21.6
disparityBoltSub,103,1,1531606676378,1531606676452,74,10.10.21.7
disparityBoltSub,103,2,1531606676378,1531606676451,73,10.10.21.6
disparityBoltSub,103,3,1531606676380,1531606676453,73,10.10.21.7
disparityBoltSub,103,4,1531606676379,1531606676453,74,10.10.21.7
disparityBoltSub,103,5,1531606676380,1531606676453,73,10.10.21.6
disparityBoltSub,103,6,1531606676378,1531606676450,72,10.10.21.6
disparityBoltSub,103,7,1531606676381,1531606676452,71,10.10.21.6
disparityBoltSub,103,8,1531606676381,1531606676489,108,10.10.21.6
disparityBoltSub,103,9,1531606676382,1531606676456,74,10.10.21.7
disparityBoltSub,103,10,1531606676382,1531606676453,71,10.10.21.7
disparityBoltSub,103,11,1531606676382,1531606676457,75,10.10.21.6
disparityBoltSub,103,12,1531606676384,1531606676493,109,10.10.21.6
disparityBoltSub,103,13,1531606676384,1531606676493,109,10.10.21.6
disparityBoltSub,103,14,1531606676385,1531606676519,134,10.10.21.7
disparityBoltSub,103,15,1531606676385,1531606676454,69,10.10.21.6
disparityBoltSub,103,16,1531606676383,1531606676468,85,10.10.21.6
disparityBoltSub,103,17,1531606676384,1531606676468,84,10.10.21.6
disparityBoltSub,103,18,1531606676386,1531606676458,72,10.10.21.6
disparityBoltSub,103,19,1531606676384,1531606676468,84,10.10.21.6
disparityBoltSub,103,20,1531606676387,1531606676463,76,10.10.21.7
disparityBoltSub,103,21,1531606676385,1531606676504,119,10.10.21.6
disparityBoltSub,103,22,1531606676390,1531606676464,74,10.10.21.7
disparityBoltSub,103,23,1531606676389,1531606676490,101,10.10.21.7
disparityBoltSub,103,24,1531606676393,1531606676465,72,10.10.21.7
disparityBoltSub,103,25,1531606676392,1531606676464,72,10.10.21.7
disparityBoltSub,103,26,1531606676392,1531606676466,74,10.10.21.7
disparityBoltSub,103,27,1531606676391,1531606676524,133,10.10.21.7
disparityBoltSub,103,28,1531606676390,1531606676461,71,10.10.21.6
disparityBoltSub,103,29,1531606676395,1531606676493,98,10.10.21.7
disparityBoltSub,103,30,1531606676397,1531606676467,70,10.10.21.7
disparityBoltSub,103,31,1531606676398,1531606676440,42,10.10.21.7
disparityBolt,103,0,0,0,149,0
mergeBolt,103,0,1531606676526,1531606676542,16,10.10.21.6
reprojectionBolt,103,0,1531606676542,1531606676582,40,null
overall,103,0,1531606676268,1531606676582,314,0
videoSpout,104,0,1531606676772,1531606676776,4,10.10.21.7
rectificationBolt,104,0,1531606676797,1531606676827,30,10.10.21.6
partitionBolt,104,0,1531606676827,1531606676847,20,10.10.21.6
disparityBoltSub,104,0,1531606676850,1531606676929,79,10.10.21.6
disparityBoltSub,104,1,1531606676848,1531606676921,73,10.10.21.6
disparityBoltSub,104,2,1531606676848,1531606676960,112,10.10.21.6
disparityBoltSub,104,3,1531606676852,1531606676971,119,10.10.21.6
disparityBoltSub,104,4,1531606676852,1531606676931,79,10.10.21.7
disparityBoltSub,104,5,1531606676852,1531606676922,70,10.10.21.6
disparityBoltSub,104,6,1531606676855,1531606676923,68,10.10.21.7
disparityBoltSub,104,7,1531606676854,1531606676926,72,10.10.21.7
disparityBoltSub,104,8,1531606676853,1531606676925,72,10.10.21.6
disparityBoltSub,104,9,1531606676851,1531606676927,76,10.10.21.6
disparityBoltSub,104,10,1531606676864,1531606676935,71,10.10.21.7
disparityBoltSub,104,11,1531606676865,1531606676935,70,10.10.21.7
disparityBoltSub,104,12,1531606676853,1531606676981,128,10.10.21.6
disparityBoltSub,104,13,1531606676866,1531606676935,69,10.10.21.7
disparityBoltSub,104,14,1531606676868,1531606676941,73,10.10.21.7
disparityBoltSub,104,15,1531606676865,1531606676936,71,10.10.21.6
disparityBoltSub,104,16,1531606676867,1531606676941,74,10.10.21.6
disparityBoltSub,104,17,1531606676867,1531606676942,75,10.10.21.7
disparityBoltSub,104,18,1531606676869,1531606676944,75,10.10.21.7
disparityBoltSub,104,19,1531606676870,1531606676946,76,10.10.21.7
disparityBoltSub,104,20,1531606676869,1531606676946,77,10.10.21.6
disparityBoltSub,104,21,1531606676874,1531606676947,73,10.10.21.7
disparityBoltSub,104,22,1531606676872,1531606676948,76,10.10.21.7
disparityBoltSub,104,23,1531606676867,1531606676942,75,10.10.21.6
disparityBoltSub,104,24,1531606676869,1531606676940,71,10.10.21.6
disparityBoltSub,104,25,1531606676872,1531606676950,78,10.10.21.6
disparityBoltSub,104,26,1531606676871,1531606676943,72,10.10.21.6
disparityBoltSub,104,27,1531606676873,1531606676942,69,10.10.21.7
disparityBoltSub,104,28,1531606676870,1531606676941,71,10.10.21.6
disparityBoltSub,104,29,1531606676872,1531606676945,73,10.10.21.6
disparityBoltSub,104,30,1531606676874,1531606676944,70,10.10.21.7
disparityBoltSub,104,31,1531606676875,1531606676916,41,10.10.21.7
disparityBolt,104,0,0,0,133,0
mergeBolt,104,0,1531606676981,1531606676998,17,10.10.21.6
reprojectionBolt,104,0,1531606676998,1531606677038,40,null
overall,104,0,1531606676772,1531606677038,266,0
videoSpout,105,0,1531606677276,1531606677281,5,10.10.21.7
rectificationBolt,105,0,1531606677301,1531606677330,29,10.10.21.6
partitionBolt,105,0,1531606677330,1531606677363,33,10.10.21.6
disparityBoltSub,105,0,1531606677364,1531606677405,41,10.10.21.6
disparityBoltSub,105,1,1531606677373,1531606677451,78,10.10.21.7
disparityBoltSub,105,2,1531606677367,1531606677488,121,10.10.21.6
disparityBoltSub,105,3,1531606677374,1531606677494,120,10.10.21.7
disparityBoltSub,105,4,1531606677368,1531606677437,69,10.10.21.6
disparityBoltSub,105,5,1531606677369,1531606677440,71,10.10.21.6
disparityBoltSub,105,6,1531606677370,1531606677444,74,10.10.21.7
disparityBoltSub,105,7,1531606677377,1531606677444,67,10.10.21.7
disparityBoltSub,105,8,1531606677369,1531606677490,121,10.10.21.6
disparityBoltSub,105,9,1531606677371,1531606677442,71,10.10.21.6
disparityBoltSub,105,10,1531606677372,1531606677443,71,10.10.21.6
disparityBoltSub,105,11,1531606677373,1531606677446,73,10.10.21.7
disparityBoltSub,105,12,1531606677372,1531606677441,69,10.10.21.6
disparityBoltSub,105,13,1531606677371,1531606677442,71,10.10.21.6
disparityBoltSub,105,14,1531606677373,1531606677446,73,10.10.21.6
disparityBoltSub,105,15,1531606677374,1531606677444,70,10.10.21.6
disparityBoltSub,105,16,1531606677375,1531606677496,121,10.10.21.7
disparityBoltSub,105,17,1531606677376,1531606677450,74,10.10.21.7
disparityBoltSub,105,18,1531606677374,1531606677449,75,10.10.21.6
disparityBoltSub,105,19,1531606677375,1531606677451,76,10.10.21.6
disparityBoltSub,105,20,1531606677377,1531606677450,73,10.10.21.6
disparityBoltSub,105,21,1531606677375,1531606677447,72,10.10.21.6
disparityBoltSub,105,22,1531606677375,1531606677459,84,10.10.21.6
disparityBoltSub,105,23,1531606677381,1531606677454,73,10.10.21.7
disparityBoltSub,105,24,1531606677379,1531606677451,72,10.10.21.7
disparityBoltSub,105,25,1531606677379,1531606677447,68,10.10.21.6
disparityBoltSub,105,26,1531606677379,1531606677451,72,10.10.21.6
disparityBoltSub,105,27,1531606677383,1531606677453,70,10.10.21.7
disparityBoltSub,105,28,1531606677381,1531606677459,78,10.10.21.6
disparityBoltSub,105,29,1531606677385,1531606677455,70,10.10.21.7
disparityBoltSub,105,30,1531606677381,1531606677452,71,10.10.21.6
disparityBoltSub,105,31,1531606677382,1531606677422,40,10.10.21.6
disparityBolt,105,0,0,0,132,0
mergeBolt,105,0,1531606677497,1531606677512,15,10.10.21.6
reprojectionBolt,105,0,1531606677512,1531606677553,41,null
overall,105,0,1531606677276,1531606677553,277,0
videoSpout,106,0,1531606677781,1531606677785,4,10.10.21.7
rectificationBolt,106,0,1531606677843,1531606677879,36,10.10.21.6
partitionBolt,106,0,1531606677879,1531606677898,19,10.10.21.6
disparityBoltSub,106,0,1531606677901,1531606677979,78,10.10.21.7
disparityBoltSub,106,1,1531606677899,1531606677991,92,10.10.21.6
disparityBoltSub,106,2,1531606677902,1531606677975,73,10.10.21.7
disparityBoltSub,106,3,1531606677903,1531606677997,94,10.10.21.6
disparityBoltSub,106,4,1531606677906,1531606677977,71,10.10.21.7
disparityBoltSub,106,5,1531606677909,1531606677981,72,10.10.21.7
disparityBoltSub,106,6,1531606677902,1531606677991,89,10.10.21.6
disparityBoltSub,106,7,1531606677906,1531606677998,92,10.10.21.7
disparityBoltSub,106,8,1531606677909,1531606677982,73,10.10.21.6
disparityBoltSub,106,9,1531606677908,1531606677979,71,10.10.21.7
disparityBoltSub,106,10,1531606677908,1531606677981,73,10.10.21.6
disparityBoltSub,106,11,1531606677906,1531606677981,75,10.10.21.6
disparityBoltSub,106,12,1531606677905,1531606677991,86,10.10.21.6
disparityBoltSub,106,13,1531606677910,1531606678014,104,10.10.21.7
disparityBoltSub,106,14,1531606677912,1531606677999,87,10.10.21.7
disparityBoltSub,106,15,1531606677910,1531606677983,73,10.10.21.6
disparityBoltSub,106,16,1531606677909,1531606677980,71,10.10.21.7
disparityBoltSub,106,17,1531606677911,1531606677986,75,10.10.21.7
disparityBoltSub,106,18,1531606677913,1531606677986,73,10.10.21.7
disparityBoltSub,106,19,1531606677915,1531606677987,72,10.10.21.7
disparityBoltSub,106,20,1531606677911,1531606677986,75,10.10.21.6
disparityBoltSub,106,21,1531606677918,1531606677989,71,10.10.21.7
disparityBoltSub,106,22,1531606677916,1531606677990,74,10.10.21.7
disparityBoltSub,106,23,1531606677910,1531606677994,84,10.10.21.6
disparityBoltSub,106,24,1531606677919,1531606677992,73,10.10.21.7
disparityBoltSub,106,25,1531606677911,1531606677991,80,10.10.21.6
disparityBoltSub,106,26,1531606677920,1531606678014,94,10.10.21.7
disparityBoltSub,106,27,1531606677914,1531606677998,84,10.10.21.6
disparityBoltSub,106,28,1531606677922,1531606677994,72,10.10.21.7
disparityBoltSub,106,29,1531606677917,1531606678012,95,10.10.21.7
disparityBoltSub,106,30,1531606677913,1531606678012,99,10.10.21.6
disparityBoltSub,106,31,1531606677913,1531606677953,40,10.10.21.6
disparityBolt,106,0,0,0,115,0
mergeBolt,106,0,1531606678016,1531606678032,16,10.10.21.6
reprojectionBolt,106,0,1531606678032,1531606678072,40,null
overall,106,0,1531606677781,1531606678072,291,0
videoSpout,107,0,1531606678286,1531606678290,4,10.10.21.7
rectificationBolt,107,0,1531606678310,1531606678341,31,10.10.21.6
partitionBolt,107,0,1531606678341,1531606678360,19,10.10.21.6
disparityBoltSub,107,0,1531606678363,1531606678407,44,10.10.21.7
disparityBoltSub,107,1,1531606678363,1531606678486,123,10.10.21.6
disparityBoltSub,107,2,1531606678365,1531606678437,72,10.10.21.7
disparityBoltSub,107,3,1531606678363,1531606678446,83,10.10.21.6
disparityBoltSub,107,4,1531606678362,1531606678451,89,10.10.21.6
disparityBoltSub,107,5,1531606678384,1531606678455,71,10.10.21.7
disparityBoltSub,107,6,1531606678363,1531606678446,83,10.10.21.6
disparityBoltSub,107,7,1531606678364,1531606678486,122,10.10.21.6
disparityBoltSub,107,8,1531606678385,1531606678461,76,10.10.21.6
disparityBoltSub,107,9,1531606678386,1531606678472,86,10.10.21.6
disparityBoltSub,107,10,1531606678385,1531606678460,75,10.10.21.7
disparityBoltSub,107,11,1531606678387,1531606678459,72,10.10.21.7
disparityBoltSub,107,12,1531606678386,1531606678463,77,10.10.21.6
disparityBoltSub,107,13,1531606678388,1531606678459,71,10.10.21.7
disparityBoltSub,107,14,1531606678388,1531606678463,75,10.10.21.7
disparityBoltSub,107,15,1531606678388,1531606678458,70,10.10.21.7
disparityBoltSub,107,16,1531606678386,1531606678465,79,10.10.21.6
disparityBoltSub,107,17,1531606678389,1531606678464,75,10.10.21.7
disparityBoltSub,107,18,1531606678389,1531606678465,76,10.10.21.6
disparityBoltSub,107,19,1531606678389,1531606678468,79,10.10.21.6
disparityBoltSub,107,20,1531606678391,1531606678464,73,10.10.21.7
disparityBoltSub,107,21,1531606678392,1531606678466,74,10.10.21.7
disparityBoltSub,107,22,1531606678391,1531606678469,78,10.10.21.6
disparityBoltSub,107,23,1531606678393,1531606678472,79,10.10.21.6
disparityBoltSub,107,24,1531606678402,1531606678475,73,10.10.21.6
disparityBoltSub,107,25,1531606678394,1531606678475,81,10.10.21.6
disparityBoltSub,107,26,1531606678403,1531606678477,74,10.10.21.6
disparityBoltSub,107,27,1531606678403,1531606678489,86,10.10.21.6
disparityBoltSub,107,28,1531606678394,1531606678463,69,10.10.21.7
disparityBoltSub,107,29,1531606678393,1531606678468,75,10.10.21.6
disparityBoltSub,107,30,1531606678393,1531606678471,78,10.10.21.6
disparityBoltSub,107,31,1531606678395,1531606678436,41,10.10.21.7
disparityBolt,107,0,0,0,127,0
mergeBolt,107,0,1531606678490,1531606678506,16,10.10.21.6
reprojectionBolt,107,0,1531606678506,1531606678547,41,null
overall,107,0,1531606678286,1531606678547,261,0
videoSpout,108,0,1531606678790,1531606678794,4,10.10.21.7
rectificationBolt,108,0,1531606678813,1531606678838,25,10.10.21.6
partitionBolt,108,0,1531606678838,1531606678868,30,10.10.21.6
disparityBoltSub,108,0,1531606678871,1531606678913,42,10.10.21.7
disparityBoltSub,108,1,1531606678874,1531606678946,72,10.10.21.7
disparityBoltSub,108,2,1531606678872,1531606678948,76,10.10.21.7
disparityBoltSub,108,3,1531606678874,1531606678945,71,10.10.21.6
disparityBoltSub,108,4,1531606678873,1531606678949,76,10.10.21.6
disparityBoltSub,108,5,1531606678878,1531606678951,73,10.10.21.7
disparityBoltSub,108,6,1531606678876,1531606678951,75,10.10.21.7
disparityBoltSub,108,7,1531606678875,1531606678980,105,10.10.21.6
disparityBoltSub,108,8,1531606678873,1531606678981,108,10.10.21.6
disparityBoltSub,108,9,1531606678889,1531606678958,69,10.10.21.7
disparityBoltSub,108,10,1531606678879,1531606678954,75,10.10.21.7
disparityBoltSub,108,11,1531606678880,1531606678951,71,10.10.21.7
disparityBoltSub,108,12,1531606678876,1531606678948,72,10.10.21.6
disparityBoltSub,108,13,1531606678878,1531606678949,71,10.10.21.6
disparityBoltSub,108,14,1531606678878,1531606678955,77,10.10.21.6
disparityBoltSub,108,15,1531606678879,1531606678952,73,10.10.21.6
disparityBoltSub,108,16,1531606678877,1531606678950,73,10.10.21.6
disparityBoltSub,108,17,1531606678879,1531606678954,75,10.10.21.6
disparityBoltSub,108,18,1531606678878,1531606678951,73,10.10.21.6
disparityBoltSub,108,19,1531606678881,1531606678955,74,10.10.21.7
disparityBoltSub,108,20,1531606678890,1531606678964,74,10.10.21.7
disparityBoltSub,108,21,1531606678891,1531606678969,78,10.10.21.7
disparityBoltSub,108,22,1531606678880,1531606678955,75,10.10.21.6
disparityBoltSub,108,23,1531606678886,1531606678957,71,10.10.21.7
disparityBoltSub,108,24,1531606678883,1531606678956,73,10.10.21.7
disparityBoltSub,108,25,1531606678887,1531606678957,70,10.10.21.7
disparityBoltSub,108,26,1531606678892,1531606678981,89,10.10.21.7
disparityBoltSub,108,27,1531606678894,1531606678968,74,10.10.21.7
disparityBoltSub,108,28,1531606678895,1531606678967,72,10.10.21.7
disparityBoltSub,108,29,1531606678883,1531606678954,71,10.10.21.6
disparityBoltSub,108,30,1531606678896,1531606678982,86,10.10.21.7
disparityBoltSub,108,31,1531606678886,1531606678927,41,10.10.21.6
disparityBolt,108,0,0,0,111,0
mergeBolt,108,0,1531606678983,1531606678998,15,10.10.21.6
reprojectionBolt,108,0,1531606678998,1531606679045,47,null
overall,108,0,1531606678790,1531606679045,255,0
videoSpout,109,0,1531606679295,1531606679299,4,10.10.21.7
rectificationBolt,109,0,1531606679319,1531606679351,32,10.10.21.6
partitionBolt,109,0,1531606679351,1531606679372,21,10.10.21.6
disparityBoltSub,109,0,1531606679375,1531606679415,40,10.10.21.6
disparityBoltSub,109,1,1531606679376,1531606679448,72,10.10.21.7
disparityBoltSub,109,2,1531606679373,1531606679460,87,10.10.21.6
disparityBoltSub,109,3,1531606679375,1531606679444,69,10.10.21.6
disparityBoltSub,109,4,1531606679375,1531606679464,89,10.10.21.6
disparityBoltSub,109,5,1531606679378,1531606679453,75,10.10.21.7
disparityBoltSub,109,6,1531606679378,1531606679452,74,10.10.21.6
disparityBoltSub,109,7,1531606679380,1531606679453,73,10.10.21.7
disparityBoltSub,109,8,1531606679381,1531606679453,72,10.10.21.7
disparityBoltSub,109,9,1531606679383,1531606679453,70,10.10.21.7
disparityBoltSub,109,10,1531606679382,1531606679459,77,10.10.21.7
disparityBoltSub,109,11,1531606679381,1531606679463,82,10.10.21.6
disparityBoltSub,109,12,1531606679384,1531606679455,71,10.10.21.7
disparityBoltSub,109,13,1531606679385,1531606679455,70,10.10.21.7
disparityBoltSub,109,14,1531606679386,1531606679456,70,10.10.21.7
disparityBoltSub,109,15,1531606679387,1531606679465,78,10.10.21.6
disparityBoltSub,109,16,1531606679385,1531606679469,84,10.10.21.6
disparityBoltSub,109,17,1531606679387,1531606679463,76,10.10.21.7
disparityBoltSub,109,18,1531606679387,1531606679479,92,10.10.21.6
disparityBoltSub,109,19,1531606679389,1531606679465,76,10.10.21.7
disparityBoltSub,109,20,1531606679389,1531606679462,73,10.10.21.7
disparityBoltSub,109,21,1531606679411,1531606679484,73,10.10.21.7
disparityBoltSub,109,22,1531606679412,1531606679486,74,10.10.21.7
disparityBoltSub,109,23,1531606679388,1531606679483,95,10.10.21.6
disparityBoltSub,109,24,1531606679412,1531606679486,74,10.10.21.7
disparityBoltSub,109,25,1531606679412,1531606679487,75,10.10.21.7
disparityBoltSub,109,26,1531606679413,1531606679483,70,10.10.21.6
disparityBoltSub,109,27,1531606679412,1531606679488,76,10.10.21.6
disparityBoltSub,109,28,1531606679414,1531606679486,72,10.10.21.7
disparityBoltSub,109,29,1531606679415,1531606679488,73,10.10.21.6
disparityBoltSub,109,30,1531606679412,1531606679483,71,10.10.21.6
disparityBoltSub,109,31,1531606679414,1531606679455,41,10.10.21.7
disparityBolt,109,0,0,0,115,0
mergeBolt,109,0,1531606679490,1531606679505,15,10.10.21.6
reprojectionBolt,109,0,1531606679505,1531606679545,40,null
overall,109,0,1531606679295,1531606679545,250,0
videoSpout,110,0,1531606679799,1531606679803,4,10.10.21.7
rectificationBolt,110,0,1531606679823,1531606679852,29,10.10.21.6
partitionBolt,110,0,1531606679852,1531606679871,19,10.10.21.6
disparityBoltSub,110,0,1531606679913,1531606679958,45,10.10.21.7
disparityBoltSub,110,1,1531606679914,1531606679988,74,10.10.21.7
disparityBoltSub,110,2,1531606679915,1531606679993,78,10.10.21.6
disparityBoltSub,110,3,1531606679913,1531606679997,84,10.10.21.6
disparityBoltSub,110,4,1531606679915,1531606679985,70,10.10.21.7
disparityBoltSub,110,5,1531606679913,1531606679986,73,10.10.21.6
disparityBoltSub,110,6,1531606679917,1531606679993,76,10.10.21.7
disparityBoltSub,110,7,1531606679917,1531606679996,79,10.10.21.6
disparityBoltSub,110,8,1531606679919,1531606679991,72,10.10.21.7
disparityBoltSub,110,9,1531606679917,1531606679989,72,10.10.21.7
disparityBoltSub,110,10,1531606679922,1531606679994,72,10.10.21.7
disparityBoltSub,110,11,1531606679919,1531606679994,75,10.10.21.6
disparityBoltSub,110,12,1531606679920,1531606679995,75,10.10.21.6
disparityBoltSub,110,13,1531606679923,1531606679993,70,10.10.21.7
disparityBoltSub,110,14,1531606679918,1531606679990,72,10.10.21.6
disparityBoltSub,110,15,1531606679924,1531606679995,71,10.10.21.7
disparityBoltSub,110,16,1531606679921,1531606680028,107,10.10.21.6
disparityBoltSub,110,17,1531606679921,1531606679997,76,10.10.21.6
disparityBoltSub,110,18,1531606679923,1531606679997,74,10.10.21.6
disparityBoltSub,110,19,1531606679925,1531606679999,74,10.10.21.7
disparityBoltSub,110,20,1531606679925,1531606680033,108,10.10.21.6
disparityBoltSub,110,21,1531606679924,1531606680001,77,10.10.21.6
disparityBoltSub,110,22,1531606679923,1531606679997,74,10.10.21.6
disparityBoltSub,110,23,1531606679923,1531606679998,75,10.10.21.6
disparityBoltSub,110,24,1531606679924,1531606680030,106,10.10.21.6
disparityBoltSub,110,25,1531606679927,1531606680000,73,10.10.21.7
disparityBoltSub,110,26,1531606679927,1531606679998,71,10.10.21.7
disparityBoltSub,110,27,1531606679927,1531606680034,107,10.10.21.6
disparityBoltSub,110,28,1531606679926,1531606679999,73,10.10.21.6
disparityBoltSub,110,29,1531606679929,1531606680001,72,10.10.21.7
disparityBoltSub,110,30,1531606679928,1531606680000,72,10.10.21.6
disparityBoltSub,110,31,1531606679928,1531606679969,41,10.10.21.6
disparityBolt,110,0,0,0,121,0
mergeBolt,110,0,1531606680036,1531606680051,15,10.10.21.6
reprojectionBolt,110,0,1531606680051,1531606680092,41,null
overall,110,0,1531606679799,1531606680092,293,0
videoSpout,111,0,1531606680303,1531606680307,4,10.10.21.7
rectificationBolt,111,0,1531606680328,1531606680373,45,10.10.21.6
partitionBolt,111,0,1531606680373,1531606680391,18,10.10.21.6
disparityBoltSub,111,0,1531606680395,1531606680464,69,10.10.21.7
disparityBoltSub,111,1,1531606680395,1531606680468,73,10.10.21.6
disparityBoltSub,111,2,1531606680396,1531606680468,72,10.10.21.6
disparityBoltSub,111,3,1531606680396,1531606680468,72,10.10.21.6
disparityBoltSub,111,4,1531606680394,1531606680518,124,10.10.21.6
disparityBoltSub,111,5,1531606680394,1531606680465,71,10.10.21.6
disparityBoltSub,111,6,1531606680397,1531606680470,73,10.10.21.6
disparityBoltSub,111,7,1531606680395,1531606680470,75,10.10.21.6
disparityBoltSub,111,8,1531606680398,1531606680468,70,10.10.21.7
disparityBoltSub,111,9,1531606680399,1531606680472,73,10.10.21.7
disparityBoltSub,111,10,1531606680401,1531606680519,118,10.10.21.7
disparityBoltSub,111,11,1531606680402,1531606680472,70,10.10.21.7
disparityBoltSub,111,12,1531606680405,1531606680478,73,10.10.21.7
disparityBoltSub,111,13,1531606680398,1531606680470,72,10.10.21.6
disparityBoltSub,111,14,1531606680404,1531606680475,71,10.10.21.7
disparityBoltSub,111,15,1531606680401,1531606680471,70,10.10.21.6
disparityBoltSub,111,16,1531606680407,1531606680476,69,10.10.21.7
disparityBoltSub,111,17,1531606680400,1531606680474,74,10.10.21.6
disparityBoltSub,111,18,1531606680408,1531606680483,75,10.10.21.7
disparityBoltSub,111,19,1531606680411,1531606680510,99,10.10.21.7
disparityBoltSub,111,20,1531606680401,1531606680475,74,10.10.21.6
disparityBoltSub,111,21,1531606680409,1531606680530,121,10.10.21.7
disparityBoltSub,111,22,1531606680402,1531606680478,76,10.10.21.6
disparityBoltSub,111,23,1531606680404,1531606680477,73,10.10.21.6
disparityBoltSub,111,24,1531606680412,1531606680481,69,10.10.21.7
disparityBoltSub,111,25,1531606680404,1531606680532,128,10.10.21.6
disparityBoltSub,111,26,1531606680414,1531606680484,70,10.10.21.7
disparityBoltSub,111,27,1531606680408,1531606680482,74,10.10.21.6
disparityBoltSub,111,28,1531606680406,1531606680479,73,10.10.21.6
disparityBoltSub,111,29,1531606680408,1531606680482,74,10.10.21.6
disparityBoltSub,111,30,1531606680414,1531606680485,71,10.10.21.7
disparityBoltSub,111,31,1531606680405,1531606680447,42,10.10.21.6
disparityBolt,111,0,0,0,138,0
mergeBolt,111,0,1531606680533,1531606680558,25,10.10.21.6
reprojectionBolt,111,0,1531606680558,1531606680598,40,null
overall,111,0,1531606680303,1531606680598,295,0
videoSpout,112,0,1531606680808,1531606680812,4,10.10.21.7
rectificationBolt,112,0,1531606680829,1531606680858,29,10.10.21.6
partitionBolt,112,0,1531606680858,1531606680876,18,10.10.21.6
disparityBoltSub,112,0,1531606680879,1531606680924,45,10.10.21.6
disparityBoltSub,112,1,1531606680880,1531606680956,76,10.10.21.7
disparityBoltSub,112,2,1531606680883,1531606680954,71,10.10.21.7
disparityBoltSub,112,3,1531606680882,1531606680954,72,10.10.21.7
disparityBoltSub,112,4,1531606680884,1531606680955,71,10.10.21.7
disparityBoltSub,112,5,1531606680885,1531606680956,71,10.10.21.7
disparityBoltSub,112,6,1531606680880,1531606680968,88,10.10.21.6
disparityBoltSub,112,7,1531606680880,1531606680987,107,10.10.21.6
disparityBoltSub,112,8,1531606680886,1531606680957,71,10.10.21.7
disparityBoltSub,112,9,1531606680887,1531606680962,75,10.10.21.7
disparityBoltSub,112,10,1531606680886,1531606680958,72,10.10.21.7
disparityBoltSub,112,11,1531606680884,1531606680967,83,10.10.21.6
disparityBoltSub,112,12,1531606680886,1531606680968,82,10.10.21.6
disparityBoltSub,112,13,1531606680888,1531606680960,72,10.10.21.7
disparityBoltSub,112,14,1531606680915,1531606680987,72,10.10.21.7
disparityBoltSub,112,15,1531606680884,1531606680965,81,10.10.21.6
disparityBoltSub,112,16,1531606680886,1531606680969,83,10.10.21.6
disparityBoltSub,112,17,1531606680885,1531606680973,88,10.10.21.6
disparityBoltSub,112,18,1531606680886,1531606680971,85,10.10.21.6
disparityBoltSub,112,19,1531606680886,1531606680969,83,10.10.21.6
disparityBoltSub,112,20,1531606680887,1531606681010,123,10.10.21.6
disparityBoltSub,112,21,1531606680887,1531606680989,102,10.10.21.6
disparityBoltSub,112,22,1531606680917,1531606680996,79,10.10.21.7
disparityBoltSub,112,23,1531606680921,1531606680994,73,10.10.21.7
disparityBoltSub,112,24,1531606680918,1531606680993,75,10.10.21.7
disparityBoltSub,112,25,1531606680920,1531606680996,76,10.10.21.7
disparityBoltSub,112,26,1531606680920,1531606680996,76,10.10.21.7
disparityBoltSub,112,27,1531606680920,1531606681003,83,10.10.21.6
disparityBoltSub,112,28,1531606680919,1531606680993,74,10.10.21.6
disparityBoltSub,112,29,1531606680923,1531606681035,112,10.10.21.7
disparityBoltSub,112,30,1531606680921,1531606680996,75,10.10.21.7
disparityBoltSub,112,31,1531606680925,1531606681001,76,10.10.21.7
disparityBolt,112,0,0,0,156,0
mergeBolt,112,0,1531606681037,1531606681051,14,10.10.21.6
reprojectionBolt,112,0,1531606681051,1531606681090,39,null
overall,112,0,1531606680808,1531606681090,282,0
videoSpout,113,0,1531606681312,1531606681317,5,10.10.21.7
rectificationBolt,113,0,1531606681338,1531606681368,30,10.10.21.6
partitionBolt,113,0,1531606681368,1531606681397,29,10.10.21.6
disparityBoltSub,113,0,1531606681397,1531606681460,63,10.10.21.6
disparityBoltSub,113,1,1531606681401,1531606681475,74,10.10.21.7
disparityBoltSub,113,2,1531606681400,1531606681474,74,10.10.21.6
disparityBoltSub,113,3,1531606681400,1531606681474,74,10.10.21.6
disparityBoltSub,113,4,1531606681399,1531606681469,70,10.10.21.6
disparityBoltSub,113,5,1531606681401,1531606681483,82,10.10.21.6
disparityBoltSub,113,6,1531606681402,1531606681479,77,10.10.21.7
disparityBoltSub,113,7,1531606681403,1531606681528,125,10.10.21.6
disparityBoltSub,113,8,1531606681404,1531606681476,72,10.10.21.6
disparityBoltSub,113,9,1531606681405,1531606681475,70,10.10.21.7
disparityBoltSub,113,10,1531606681405,1531606681474,69,10.10.21.6
disparityBoltSub,113,11,1531606681405,1531606681480,75,10.10.21.7
disparityBoltSub,113,12,1531606681406,1531606681477,71,10.10.21.6
disparityBoltSub,113,13,1531606681405,1531606681530,125,10.10.21.6
disparityBoltSub,113,14,1531606681408,1531606681478,70,10.10.21.7
disparityBoltSub,113,15,1531606681410,1531606681483,73,10.10.21.7
disparityBoltSub,113,16,1531606681409,1531606681480,71,10.10.21.6
disparityBoltSub,113,17,1531606681409,1531606681486,77,10.10.21.6
disparityBoltSub,113,18,1531606681408,1531606681484,76,10.10.21.6
disparityBoltSub,113,19,1531606681411,1531606681487,76,10.10.21.6
disparityBoltSub,113,20,1531606681411,1531606681483,72,10.10.21.7
disparityBoltSub,113,21,1531606681414,1531606681487,73,10.10.21.7
disparityBoltSub,113,22,1531606681413,1531606681488,75,10.10.21.7
disparityBoltSub,113,23,1531606681411,1531606681485,74,10.10.21.6
disparityBoltSub,113,24,1531606681412,1531606681486,74,10.10.21.6
disparityBoltSub,113,25,1531606681414,1531606681483,69,10.10.21.6
disparityBoltSub,113,26,1531606681415,1531606681486,71,10.10.21.7
disparityBoltSub,113,27,1531606681415,1531606681487,72,10.10.21.6
disparityBoltSub,113,28,1531606681414,1531606681510,96,10.10.21.6
disparityBoltSub,113,29,1531606681416,1531606681490,74,10.10.21.6
disparityBoltSub,113,30,1531606681417,1531606681493,76,10.10.21.7
disparityBoltSub,113,31,1531606681415,1531606681457,42,10.10.21.6
disparityBolt,113,0,0,0,133,0
mergeBolt,113,0,1531606681530,1531606681545,15,10.10.21.6
reprojectionBolt,113,0,1531606681545,1531606681585,40,null
overall,113,0,1531606681312,1531606681585,273,0
videoSpout,114,0,1531606681817,1531606681821,4,10.10.21.7
rectificationBolt,114,0,1531606681875,1531606681906,31,10.10.21.6
partitionBolt,114,0,1531606681906,1531606681927,21,10.10.21.6
disparityBoltSub,114,0,1531606681933,1531606681976,43,10.10.21.7
disparityBoltSub,114,1,1531606681928,1531606681998,70,10.10.21.6
disparityBoltSub,114,2,1531606681932,1531606682005,73,10.10.21.7
disparityBoltSub,114,3,1531606681933,1531606682006,73,10.10.21.7
disparityBoltSub,114,4,1531606681932,1531606682010,78,10.10.21.6
disparityBoltSub,114,5,1531606681935,1531606682010,75,10.10.21.7
disparityBoltSub,114,6,1531606681935,1531606682004,69,10.10.21.7
disparityBoltSub,114,7,1531606681933,1531606682005,72,10.10.21.6
disparityBoltSub,114,8,1531606681938,1531606682008,70,10.10.21.7
disparityBoltSub,114,9,1531606681935,1531606682009,74,10.10.21.6
disparityBoltSub,114,10,1531606681936,1531606682011,75,10.10.21.7
disparityBoltSub,114,11,1531606681936,1531606682025,89,10.10.21.6
disparityBoltSub,114,12,1531606681938,1531606682013,75,10.10.21.7
disparityBoltSub,114,13,1531606681939,1531606682014,75,10.10.21.7
disparityBoltSub,114,14,1531606681936,1531606682011,75,10.10.21.6
disparityBoltSub,114,15,1531606681938,1531606682013,75,10.10.21.6
disparityBoltSub,114,16,1531606681936,1531606682011,75,10.10.21.6
disparityBoltSub,114,17,1531606681936,1531606682011,75,10.10.21.6
disparityBoltSub,114,18,1531606681936,1531606682010,74,10.10.21.6
disparityBoltSub,114,19,1531606681937,1531606682027,90,10.10.21.6
disparityBoltSub,114,20,1531606681938,1531606682014,76,10.10.21.6
disparityBoltSub,114,21,1531606681937,1531606682011,74,10.10.21.6
disparityBoltSub,114,22,1531606681941,1531606682021,80,10.10.21.7
disparityBoltSub,114,23,1531606681942,1531606682016,74,10.10.21.7
disparityBoltSub,114,24,1531606681939,1531606682011,72,10.10.21.6
disparityBoltSub,114,25,1531606681942,1531606682014,72,10.10.21.6
disparityBoltSub,114,26,1531606681945,1531606682018,73,10.10.21.7
disparityBoltSub,114,27,1531606681943,1531606682017,74,10.10.21.7
disparityBoltSub,114,28,1531606681946,1531606682019,73,10.10.21.7
disparityBoltSub,114,29,1531606681943,1531606682013,70,10.10.21.6
disparityBoltSub,114,30,1531606681949,1531606682021,72,10.10.21.7
disparityBoltSub,114,31,1531606681947,1531606681991,44,10.10.21.7
disparityBolt,114,0,0,0,99,0
mergeBolt,114,0,1531606682032,1531606682048,16,10.10.21.6
reprojectionBolt,114,0,1531606682048,1531606682088,40,null
overall,114,0,1531606681817,1531606682088,271,0
videoSpout,115,0,1531606682321,1531606682326,5,10.10.21.7
rectificationBolt,115,0,1531606682346,1531606682369,23,10.10.21.6
partitionBolt,115,0,1531606682369,1531606682389,20,10.10.21.6
disparityBoltSub,115,0,1531606682392,1531606682437,45,10.10.21.7
disparityBoltSub,115,1,1531606682391,1531606682467,76,10.10.21.6
disparityBoltSub,115,2,1531606682392,1531606682509,117,10.10.21.6
disparityBoltSub,115,3,1531606682394,1531606682467,73,10.10.21.7
disparityBoltSub,115,4,1531606682392,1531606682465,73,10.10.21.6
disparityBoltSub,115,5,1531606682395,1531606682466,71,10.10.21.6
disparityBoltSub,115,6,1531606682394,1531606682473,79,10.10.21.6
disparityBoltSub,115,7,1531606682396,1531606682470,74,10.10.21.7
disparityBoltSub,115,8,1531606682397,1531606682468,71,10.10.21.7
disparityBoltSub,115,9,1531606682396,1531606682465,69,10.10.21.6
disparityBoltSub,115,10,1531606682399,1531606682472,73,10.10.21.7
disparityBoltSub,115,11,1531606682398,1531606682469,71,10.10.21.6
disparityBoltSub,115,12,1531606682400,1531606682472,72,10.10.21.7
disparityBoltSub,115,13,1531606682400,1531606682474,74,10.10.21.6
disparityBoltSub,115,14,1531606682399,1531606682472,73,10.10.21.6
disparityBoltSub,115,15,1531606682412,1531606682484,72,10.10.21.6
disparityBoltSub,115,16,1531606682398,1531606682484,86,10.10.21.6
disparityBoltSub,115,17,1531606682413,1531606682490,77,10.10.21.6
disparityBoltSub,115,18,1531606682415,1531606682488,73,10.10.21.6
disparityBoltSub,115,19,1531606682415,1531606682489,74,10.10.21.6
disparityBoltSub,115,20,1531606682412,1531606682490,78,10.10.21.6
disparityBoltSub,115,21,1531606682417,1531606682492,75,10.10.21.7
disparityBoltSub,115,22,1531606682413,1531606682523,110,10.10.21.6
disparityBoltSub,115,23,1531606682417,1531606682533,116,10.10.21.6
disparityBoltSub,115,24,1531606682415,1531606682486,71,10.10.21.6
disparityBoltSub,115,25,1531606682418,1531606682526,108,10.10.21.7
disparityBoltSub,115,26,1531606682419,1531606682490,71,10.10.21.7
disparityBoltSub,115,27,1531606682418,1531606682490,72,10.10.21.7
disparityBoltSub,115,28,1531606682420,1531606682530,110,10.10.21.7
disparityBoltSub,115,29,1531606682419,1531606682493,74,10.10.21.6
disparityBoltSub,115,30,1531606682420,1531606682494,74,10.10.21.6
disparityBoltSub,115,31,1531606682418,1531606682493,75,10.10.21.6
disparityBolt,115,0,0,0,142,0
mergeBolt,115,0,1531606682535,1531606682550,15,10.10.21.6
reprojectionBolt,115,0,1531606682550,1531606682590,40,null
overall,115,0,1531606682321,1531606682590,269,0
videoSpout,116,0,1531606682826,1531606682830,4,10.10.21.7
rectificationBolt,116,0,1531606682850,1531606682882,32,10.10.21.6
partitionBolt,116,0,1531606682882,1531606682912,30,10.10.21.6
disparityBoltSub,116,0,1531606682915,1531606682960,45,10.10.21.7
disparityBoltSub,116,1,1531606682914,1531606682990,76,10.10.21.6
disparityBoltSub,116,2,1531606682918,1531606682989,71,10.10.21.7
disparityBoltSub,116,3,1531606682917,1531606683053,136,10.10.21.7
disparityBoltSub,116,4,1531606682918,1531606682996,78,10.10.21.7
disparityBoltSub,116,5,1531606682915,1531606682991,76,10.10.21.6
disparityBoltSub,116,6,1531606682919,1531606682990,71,10.10.21.7
disparityBoltSub,116,7,1531606682921,1531606682993,72,10.10.21.7
disparityBoltSub,116,8,1531606682920,1531606682995,75,10.10.21.7
disparityBoltSub,116,9,1531606682921,1531606682994,73,10.10.21.7
disparityBoltSub,116,10,1531606682919,1531606682993,74,10.10.21.6
disparityBoltSub,116,11,1531606682921,1531606683035,114,10.10.21.6
disparityBoltSub,116,12,1531606682920,1531606682993,73,10.10.21.6
disparityBoltSub,116,13,1531606682919,1531606682992,73,10.10.21.6
disparityBoltSub,116,14,1531606682922,1531606682995,73,10.10.21.6
disparityBoltSub,116,15,1531606682922,1531606682995,73,10.10.21.6
disparityBoltSub,116,16,1531606682923,1531606683059,136,10.10.21.7
disparityBoltSub,116,17,1531606682923,1531606682998,75,10.10.21.6
disparityBoltSub,116,18,1531606682921,1531606682996,75,10.10.21.6
disparityBoltSub,116,19,1531606682924,1531606683041,117,10.10.21.6
disparityBoltSub,116,20,1531606682922,1531606682998,76,10.10.21.6
disparityBoltSub,116,21,1531606682922,1531606682996,74,10.10.21.6
disparityBoltSub,116,22,1531606682924,1531606682999,75,10.10.21.6
disparityBoltSub,116,23,1531606682926,1531606683000,74,10.10.21.6
disparityBoltSub,116,24,1531606682925,1531606682995,70,10.10.21.6
disparityBoltSub,116,25,1531606682924,1531606682995,71,10.10.21.6
disparityBoltSub,116,26,1531606682924,1531606682998,74,10.10.21.6
disparityBoltSub,116,27,1531606682926,1531606683000,74,10.10.21.6
disparityBoltSub,116,28,1531606682928,1531606683002,74,10.10.21.7
disparityBoltSub,116,29,1531606682928,1531606682998,70,10.10.21.6
disparityBoltSub,116,30,1531606682926,1531606682994,68,10.10.21.6
disparityBoltSub,116,31,1531606682929,1531606682972,43,10.10.21.7
disparityBolt,116,0,0,0,145,0
mergeBolt,116,0,1531606683060,1531606683075,15,10.10.21.6
reprojectionBolt,116,0,1531606683075,1531606683114,39,null
overall,116,0,1531606682826,1531606683114,288,0
videoSpout,117,0,1531606683331,1531606683335,4,10.10.21.7
rectificationBolt,117,0,1531606683383,1531606683414,31,10.10.21.6
partitionBolt,117,0,1531606683414,1531606683433,19,10.10.21.6
disparityBoltSub,117,0,1531606683434,1531606683474,40,10.10.21.6
disparityBoltSub,117,1,1531606683437,1531606683510,73,10.10.21.7
disparityBoltSub,117,2,1531606683437,1531606683511,74,10.10.21.6
disparityBoltSub,117,3,1531606683438,1531606683512,74,10.10.21.7
disparityBoltSub,117,4,1531606683439,1531606683510,71,10.10.21.7
disparityBoltSub,117,5,1531606683437,1531606683510,73,10.10.21.6
disparityBoltSub,117,6,1531606683437,1531606683507,70,10.10.21.6
disparityBoltSub,117,7,1531606683439,1531606683510,71,10.10.21.6
disparityBoltSub,117,8,1531606683440,1531606683511,71,10.10.21.6
disparityBoltSub,117,9,1531606683441,1531606683511,70,10.10.21.7
disparityBoltSub,117,10,1531606683441,1531606683511,70,10.10.21.7
disparityBoltSub,117,11,1531606683441,1531606683512,71,10.10.21.6
disparityBoltSub,117,12,1531606683443,1531606683514,71,10.10.21.6
disparityBoltSub,117,13,1531606683441,1531606683510,69,10.10.21.6
disparityBoltSub,117,14,1531606683443,1531606683520,77,10.10.21.7
disparityBoltSub,117,15,1531606683443,1531606683515,72,10.10.21.6
disparityBoltSub,117,16,1531606683442,1531606683515,73,10.10.21.6
disparityBoltSub,117,17,1531606683442,1531606683520,78,10.10.21.6
disparityBoltSub,117,18,1531606683444,1531606683516,72,10.10.21.6
disparityBoltSub,117,19,1531606683443,1531606683516,73,10.10.21.6
disparityBoltSub,117,20,1531606683446,1531606683519,73,10.10.21.7
disparityBoltSub,117,21,1531606683443,1531606683516,73,10.10.21.6
disparityBoltSub,117,22,1531606683448,1531606683525,77,10.10.21.7
disparityBoltSub,117,23,1531606683447,1531606683519,72,10.10.21.7
disparityBoltSub,117,24,1531606683451,1531606683551,100,10.10.21.7
disparityBoltSub,117,25,1531606683449,1531606683523,74,10.10.21.7
disparityBoltSub,117,26,1531606683450,1531606683521,71,10.10.21.7
disparityBoltSub,117,27,1531606683449,1531606683521,72,10.10.21.7
disparityBoltSub,117,28,1531606683450,1531606683520,70,10.10.21.6
disparityBoltSub,117,29,1531606683453,1531606683524,71,10.10.21.7
disparityBoltSub,117,30,1531606683453,1531606683526,73,10.10.21.7
disparityBoltSub,117,31,1531606683454,1531606683522,68,10.10.21.7
disparityBolt,117,0,0,0,117,0
mergeBolt,117,0,1531606683553,1531606683568,15,10.10.21.6
reprojectionBolt,117,0,1531606683568,1531606683608,40,null
overall,117,0,1531606683331,1531606683608,277,0
videoSpout,118,0,1531606683835,1531606683839,4,10.10.21.7
rectificationBolt,118,0,1531606683857,1531606683887,30,10.10.21.6
partitionBolt,118,0,1531606683887,1531606683906,19,10.10.21.6
disparityBoltSub,118,0,1531606683909,1531606683971,62,10.10.21.6
disparityBoltSub,118,1,1531606683907,1531606683980,73,10.10.21.6
disparityBoltSub,118,2,1531606683907,1531606683980,73,10.10.21.6
disparityBoltSub,118,3,1531606683910,1531606683984,74,10.10.21.6
disparityBoltSub,118,4,1531606683911,1531606683984,73,10.10.21.7
disparityBoltSub,118,5,1531606683911,1531606683986,75,10.10.21.6
disparityBoltSub,118,6,1531606683912,1531606683984,72,10.10.21.7
disparityBoltSub,118,7,1531606683914,1531606683990,76,10.10.21.7
disparityBoltSub,118,8,1531606683912,1531606683988,76,10.10.21.6
disparityBoltSub,118,9,1531606683911,1531606683987,76,10.10.21.6
disparityBoltSub,118,10,1531606683921,1531606683992,71,10.10.21.7
disparityBoltSub,118,11,1531606683921,1531606684045,124,10.10.21.7
disparityBoltSub,118,12,1531606683912,1531606683995,83,10.10.21.6
disparityBoltSub,118,13,1531606683922,1531606683995,73,10.10.21.7
disparityBoltSub,118,14,1531606683923,1531606684000,77,10.10.21.7
disparityBoltSub,118,15,1531606683922,1531606684026,104,10.10.21.6
disparityBoltSub,118,16,1531606683923,1531606683998,75,10.10.21.6
disparityBoltSub,118,17,1531606683926,1531606684003,77,10.10.21.7
disparityBoltSub,118,18,1531606683924,1531606684010,86,10.10.21.7
disparityBoltSub,118,19,1531606683926,1531606684054,128,10.10.21.7
disparityBoltSub,118,20,1531606683925,1531606684020,95,10.10.21.6
disparityBoltSub,118,21,1531606683927,1531606684002,75,10.10.21.7
disparityBoltSub,118,22,1531606683930,1531606684006,76,10.10.21.7
disparityBoltSub,118,23,1531606683924,1531606684005,81,10.10.21.6
disparityBoltSub,118,24,1531606683927,1531606684000,73,10.10.21.6
disparityBoltSub,118,25,1531606683928,1531606684009,81,10.10.21.6
disparityBoltSub,118,26,1531606683929,1531606684033,104,10.10.21.6
disparityBoltSub,118,27,1531606683930,1531606684005,75,10.10.21.7
disparityBoltSub,118,28,1531606683927,1531606684001,74,10.10.21.6
disparityBoltSub,118,29,1531606683930,1531606684005,75,10.10.21.6
disparityBoltSub,118,30,1531606683932,1531606684005,73,10.10.21.7
disparityBoltSub,118,31,1531606683931,1531606683978,47,10.10.21.7
disparityBolt,118,0,0,0,147,0
mergeBolt,118,0,1531606684055,1531606684071,16,10.10.21.6
reprojectionBolt,118,0,1531606684071,1531606684111,40,null
overall,118,0,1531606683835,1531606684111,276,0
videoSpout,119,0,1531606684339,1531606684344,5,10.10.21.7
rectificationBolt,119,0,1531606684365,1531606684394,29,10.10.21.6
partitionBolt,119,0,1531606684394,1531606684435,41,10.10.21.6
disparityBoltSub,119,0,1531606684435,1531606684477,42,10.10.21.6
disparityBoltSub,119,1,1531606684439,1531606684511,72,10.10.21.7
disparityBoltSub,119,2,1531606684440,1531606684513,73,10.10.21.6
disparityBoltSub,119,3,1531606684441,1531606684516,75,10.10.21.7
disparityBoltSub,119,4,1531606684440,1531606684511,71,10.10.21.6
disparityBoltSub,119,5,1531606684441,1531606684510,69,10.10.21.6
disparityBoltSub,119,6,1531606684448,1531606684519,71,10.10.21.7
disparityBoltSub,119,7,1531606684443,1531606684512,69,10.10.21.7
disparityBoltSub,119,8,1531606684441,1531606684544,103,10.10.21.6
disparityBoltSub,119,9,1531606684448,1531606684552,104,10.10.21.6
disparityBoltSub,119,10,1531606684449,1531606684522,73,10.10.21.6
disparityBoltSub,119,11,1531606684448,1531606684522,74,10.10.21.7
disparityBoltSub,119,12,1531606684450,1531606684562,112,10.10.21.6
disparityBoltSub,119,13,1531606684443,1531606684551,108,10.10.21.6
disparityBoltSub,119,14,1531606684453,1531606684542,89,10.10.21.6
disparityBoltSub,119,15,1531606684450,1531606684562,112,10.10.21.6
disparityBoltSub,119,16,1531606684451,1531606684523,72,10.10.21.7
disparityBoltSub,119,17,1531606684453,1531606684527,74,10.10.21.7
disparityBoltSub,119,18,1531606684445,1531606684523,78,10.10.21.6
disparityBoltSub,119,19,1531606684454,1531606684564,110,10.10.21.6
disparityBoltSub,119,20,1531606684453,1531606684526,73,10.10.21.6
disparityBoltSub,119,21,1531606684446,1531606684520,74,10.10.21.6
disparityBoltSub,119,22,1531606684447,1531606684526,79,10.10.21.6
disparityBoltSub,119,23,1531606684454,1531606684525,71,10.10.21.7
disparityBoltSub,119,24,1531606684455,1531606684529,74,10.10.21.7
disparityBoltSub,119,25,1531606684454,1531606684567,113,10.10.21.6
disparityBoltSub,119,26,1531606684455,1531606684567,112,10.10.21.6
disparityBoltSub,119,27,1531606684456,1531606684526,70,10.10.21.7
disparityBoltSub,119,28,1531606684455,1531606684524,69,10.10.21.6
disparityBoltSub,119,29,1531606684457,1531606684527,70,10.10.21.7
disparityBoltSub,119,30,1531606684457,1531606684525,68,10.10.21.6
disparityBoltSub,119,31,1531606684456,1531606684496,40,10.10.21.6
disparityBolt,119,0,0,0,132,0
mergeBolt,119,0,1531606684569,1531606684583,14,10.10.21.6
reprojectionBolt,119,0,1531606684583,1531606684629,46,null
overall,119,0,1531606684339,1531606684629,290,0
videoSpout,120,0,1531606684844,1531606684848,4,10.10.21.7
rectificationBolt,120,0,1531606684869,1531606684899,30,10.10.21.6
partitionBolt,120,0,1531606684899,1531606684918,19,10.10.21.6
disparityBoltSub,120,0,1531606684921,1531606684966,45,10.10.21.7
disparityBoltSub,120,1,1531606684919,1531606685044,125,10.10.21.6
disparityBoltSub,120,2,1531606684923,1531606684996,73,10.10.21.7
disparityBoltSub,120,3,1531606684922,1531606685046,124,10.10.21.6
disparityBoltSub,120,4,1531606684924,1531606685014,90,10.10.21.7
disparityBoltSub,120,5,1531606684926,1531606684997,71,10.10.21.7
disparityBoltSub,120,6,1531606684922,1531606685008,86,10.10.21.6
disparityBoltSub,120,7,1531606684927,1531606685048,121,10.10.21.7
disparityBoltSub,120,8,1531606684924,1531606684995,71,10.10.21.6
disparityBoltSub,120,9,1531606684926,1531606684995,69,10.10.21.7
disparityBoltSub,120,10,1531606684925,1531606685060,135,10.10.21.6
disparityBoltSub,120,11,1531606684926,1531606685060,134,10.10.21.6
disparityBoltSub,120,12,1531606684924,1531606685010,86,10.10.21.6
disparityBoltSub,120,13,1531606684931,1531606685052,121,10.10.21.7
disparityBoltSub,120,14,1531606684929,1531606685016,87,10.10.21.7
disparityBoltSub,120,15,1531606684928,1531606685013,85,10.10.21.6
disparityBoltSub,120,16,1531606684929,1531606685004,75,10.10.21.7
disparityBoltSub,120,17,1531606684930,1531606685003,73,10.10.21.7
disparityBoltSub,120,18,1531606684956,1531606685031,75,10.10.21.7
disparityBoltSub,120,19,1531606684957,1531606685032,75,10.10.21.7
disparityBoltSub,120,20,1531606684930,1531606685011,81,10.10.21.6
disparityBoltSub,120,21,1531606684962,1531606685036,74,10.10.21.7
disparityBoltSub,120,22,1531606684960,1531606685035,75,10.10.21.7
disparityBoltSub,120,23,1531606684955,1531606685031,76,10.10.21.6
disparityBoltSub,120,24,1531606684964,1531606685035,71,10.10.21.7
disparityBoltSub,120,25,1531606684955,1531606685028,73,10.10.21.6
disparityBoltSub,120,26,1531606684964,1531606685037,73,10.10.21.7
disparityBoltSub,120,27,1531606684958,1531606685032,74,10.10.21.6
disparityBoltSub,120,28,1531606684966,1531606685038,72,10.10.21.7
disparityBoltSub,120,29,1531606684959,1531606685032,73,10.10.21.7
disparityBoltSub,120,30,1531606684958,1531606685031,73,10.10.21.6
disparityBoltSub,120,31,1531606684957,1531606684998,41,10.10.21.6
disparityBolt,120,0,0,0,141,0
mergeBolt,120,0,1531606685061,1531606685076,15,10.10.21.6
reprojectionBolt,120,0,1531606685076,1531606685116,40,null
overall,120,0,1531606684844,1531606685116,272,0
videoSpout,121,0,1531606685348,1531606685354,6,10.10.21.7
rectificationBolt,121,0,1531606685375,1531606685406,31,10.10.21.6
partitionBolt,121,0,1531606685406,1531606685425,19,10.10.21.6
disparityBoltSub,121,0,1531606685429,1531606685471,42,10.10.21.7
disparityBoltSub,121,1,1531606685469,1531606685552,83,10.10.21.6
disparityBoltSub,121,2,1531606685470,1531606685546,76,10.10.21.7
disparityBoltSub,121,3,1531606685468,1531606685555,87,10.10.21.6
disparityBoltSub,121,4,1531606685468,1531606685541,73,10.10.21.6
disparityBoltSub,121,5,1531606685470,1531606685542,72,10.10.21.7
disparityBoltSub,121,6,1531606685468,1531606685540,72,10.10.21.6
disparityBoltSub,121,7,1531606685468,1531606685542,74,10.10.21.6
disparityBoltSub,121,8,1531606685471,1531606685546,75,10.10.21.6
disparityBoltSub,121,9,1531606685472,1531606685549,77,10.10.21.6
disparityBoltSub,121,10,1531606685473,1531606685553,80,10.10.21.7
disparityBoltSub,121,11,1531606685481,1531606685554,73,10.10.21.7
disparityBoltSub,121,12,1531606685473,1531606685544,71,10.10.21.6
disparityBoltSub,121,13,1531606685482,1531606685554,72,10.10.21.7
disparityBoltSub,121,14,1531606685475,1531606685596,121,10.10.21.7
disparityBoltSub,121,15,1531606685478,1531606685597,119,10.10.21.7
disparityBoltSub,121,16,1531606685473,1531606685546,73,10.10.21.6
disparityBoltSub,121,17,1531606685478,1531606685553,75,10.10.21.7
disparityBoltSub,121,18,1531606685476,1531606685550,74,10.10.21.6
disparityBoltSub,121,19,1531606685477,1531606685549,72,10.10.21.6
disparityBoltSub,121,20,1531606685481,1531606685554,73,10.10.21.7
disparityBoltSub,121,21,1531606685479,1531606685555,76,10.10.21.7
disparityBoltSub,121,22,1531606685478,1531606685561,83,10.10.21.6
disparityBoltSub,121,23,1531606685478,1531606685554,76,10.10.21.6
disparityBoltSub,121,24,1531606685480,1531606685554,74,10.10.21.6
disparityBoltSub,121,25,1531606685479,1531606685553,74,10.10.21.6
disparityBoltSub,121,26,1531606685481,1531606685550,69,10.10.21.6
disparityBoltSub,121,27,1531606685482,1531606685553,71,10.10.21.6
disparityBoltSub,121,28,1531606685484,1531606685554,70,10.10.21.7
disparityBoltSub,121,29,1531606685479,1531606685555,76,10.10.21.6
disparityBoltSub,121,30,1531606685480,1531606685550,70,10.10.21.6
disparityBoltSub,121,31,1531606685483,1531606685525,42,10.10.21.7
disparityBolt,121,0,0,0,168,0
mergeBolt,121,0,1531606685600,1531606685616,16,10.10.21.6
reprojectionBolt,121,0,1531606685616,1531606685655,39,null
overall,121,0,1531606685348,1531606685655,307,0
videoSpout,122,0,1531606685854,1531606685858,4,10.10.21.7
rectificationBolt,122,0,1531606685879,1531606685916,37,10.10.21.6
partitionBolt,122,0,1531606685916,1531606685934,18,10.10.21.6
disparityBoltSub,122,0,1531606685936,1531606685982,46,10.10.21.7
disparityBoltSub,122,1,1531606685939,1531606686009,70,10.10.21.7
disparityBoltSub,122,2,1531606685938,1531606686011,73,10.10.21.7
disparityBoltSub,122,3,1531606685939,1531606686013,74,10.10.21.6
disparityBoltSub,122,4,1531606685938,1531606686060,122,10.10.21.6
disparityBoltSub,122,5,1531606685943,1531606686016,73,10.10.21.7
disparityBoltSub,122,6,1531606685942,1531606686070,128,10.10.21.7
disparityBoltSub,122,7,1531606685940,1531606686057,117,10.10.21.6
disparityBoltSub,122,8,1531606685939,1531606686014,75,10.10.21.6
disparityBoltSub,122,9,1531606685945,1531606686015,70,10.10.21.7
disparityBoltSub,122,10,1531606685946,1531606686019,73,10.10.21.7
disparityBoltSub,122,11,1531606685949,1531606686019,70,10.10.21.7
disparityBoltSub,122,12,1531606685940,1531606686013,73,10.10.21.6
disparityBoltSub,122,13,1531606685943,1531606686014,71,10.10.21.6
disparityBoltSub,122,14,1531606685944,1531606686019,75,10.10.21.6
disparityBoltSub,122,15,1531606685944,1531606686017,73,10.10.21.6
disparityBoltSub,122,16,1531606685942,1531606686060,118,10.10.21.6
disparityBoltSub,122,17,1531606685945,1531606686019,74,10.10.21.6
disparityBoltSub,122,18,1531606685943,1531606686062,119,10.10.21.6
disparityBoltSub,122,19,1531606685946,1531606686082,136,10.10.21.7
disparityBoltSub,122,20,1531606685951,1531606686026,75,10.10.21.7
disparityBoltSub,122,21,1531606685952,1531606686026,74,10.10.21.7
disparityBoltSub,122,22,1531606685944,1531606686023,79,10.10.21.6
disparityBoltSub,122,23,1531606685950,1531606686084,134,10.10.21.7
disparityBoltSub,122,24,1531606685948,1531606686019,71,10.10.21.7
disparityBoltSub,122,25,1531606685951,1531606686023,72,10.10.21.7
disparityBoltSub,122,26,1531606685954,1531606686082,128,10.10.21.7
disparityBoltSub,122,27,1531606685954,1531606686024,70,10.10.21.7
disparityBoltSub,122,28,1531606685956,1531606686029,73,10.10.21.7
disparityBoltSub,122,29,1531606685948,1531606686020,72,10.10.21.6
disparityBoltSub,122,30,1531606685957,1531606686028,71,10.10.21.7
disparityBoltSub,122,31,1531606685950,1531606685991,41,10.10.21.6
disparityBolt,122,0,0,0,148,0
mergeBolt,122,0,1531606686086,1531606686109,23,10.10.21.6
reprojectionBolt,122,0,1531606686109,1531606686148,39,null
overall,122,0,1531606685854,1531606686148,294,0
videoSpout,123,0,1531606686358,1531606686363,5,10.10.21.7
rectificationBolt,123,0,1531606686384,1531606686415,31,10.10.21.6
partitionBolt,123,0,1531606686415,1531606686434,19,10.10.21.6
disparityBoltSub,123,0,1531606686437,1531606686502,65,10.10.21.6
disparityBoltSub,123,1,1531606686439,1531606686512,73,10.10.21.7
disparityBoltSub,123,2,1531606686436,1531606686528,92,10.10.21.6
disparityBoltSub,123,3,1531606686439,1531606686510,71,10.10.21.6
disparityBoltSub,123,4,1531606686437,1531606686517,80,10.10.21.6
disparityBoltSub,123,5,1531606686440,1531606686515,75,10.10.21.7
disparityBoltSub,123,6,1531606686440,1531606686515,75,10.10.21.6
disparityBoltSub,123,7,1531606686443,1531606686516,73,10.10.21.7
disparityBoltSub,123,8,1531606686442,1531606686512,70,10.10.21.7
disparityBoltSub,123,9,1531606686446,1531606686518,72,10.10.21.7
disparityBoltSub,123,10,1531606686445,1531606686569,124,10.10.21.7
disparityBoltSub,123,11,1531606686441,1531606686516,75,10.10.21.6
disparityBoltSub,123,12,1531606686448,1531606686526,78,10.10.21.7
disparityBoltSub,123,13,1531606686447,1531606686519,72,10.10.21.7
disparityBoltSub,123,14,1531606686445,1531606686519,74,10.10.21.7
disparityBoltSub,123,15,1531606686446,1531606686532,86,10.10.21.6
disparityBoltSub,123,16,1531606686445,1531606686522,77,10.10.21.6
disparityBoltSub,123,17,1531606686462,1531606686535,73,10.10.21.7
disparityBoltSub,123,18,1531606686446,1531606686538,92,10.10.21.6
disparityBoltSub,123,19,1531606686462,1531606686571,109,10.10.21.7
disparityBoltSub,123,20,1531606686464,1531606686537,73,10.10.21.7
disparityBoltSub,123,21,1531606686465,1531606686592,127,10.10.21.7
disparityBoltSub,123,22,1531606686469,1531606686543,74,10.10.21.7
disparityBoltSub,123,23,1531606686462,1531606686537,75,10.10.21.6
disparityBoltSub,123,24,1531606686468,1531606686541,73,10.10.21.7
disparityBoltSub,123,25,1531606686465,1531606686536,71,10.10.21.7
disparityBoltSub,123,26,1531606686466,1531606686554,88,10.10.21.6
disparityBoltSub,123,27,1531606686467,1531606686557,90,10.10.21.6
disparityBoltSub,123,28,1531606686470,1531606686575,105,10.10.21.7
disparityBoltSub,123,29,1531606686467,1531606686539,72,10.10.21.6
disparityBoltSub,123,30,1531606686466,1531606686570,104,10.10.21.6
disparityBoltSub,123,31,1531606686467,1531606686507,40,10.10.21.7
disparityBolt,123,0,0,0,156,0
mergeBolt,123,0,1531606686593,1531606686608,15,10.10.21.6
reprojectionBolt,123,0,1531606686608,1531606686648,40,null
overall,123,0,1531606686358,1531606686648,290,0
videoSpout,124,0,1531606686864,1531606686868,4,10.10.21.7
rectificationBolt,124,0,1531606686887,1531606686916,29,10.10.21.6
partitionBolt,124,0,1531606686916,1531606686935,19,10.10.21.6
disparityBoltSub,124,0,1531606686952,1531606686996,44,10.10.21.7
disparityBoltSub,124,1,1531606686957,1531606687028,71,10.10.21.7
disparityBoltSub,124,2,1531606686953,1531606687029,76,10.10.21.6
disparityBoltSub,124,3,1531606686951,1531606687027,76,10.10.21.6
disparityBoltSub,124,4,1531606686954,1531606687022,68,10.10.21.7
disparityBoltSub,124,5,1531606686951,1531606687033,82,10.10.21.6
disparityBoltSub,124,6,1531606686958,1531606687029,71,10.10.21.7
disparityBoltSub,124,7,1531606686954,1531606687033,79,10.10.21.6
disparityBoltSub,124,8,1531606686960,1531606687033,73,10.10.21.7
disparityBoltSub,124,9,1531606686962,1531606687033,71,10.10.21.7
disparityBoltSub,124,10,1531606686964,1531606687064,100,10.10.21.7
disparityBoltSub,124,11,1531606686956,1531606687060,104,10.10.21.6
disparityBoltSub,124,12,1531606686958,1531606687030,72,10.10.21.6
disparityBoltSub,124,13,1531606686965,1531606687035,70,10.10.21.7
disparityBoltSub,124,14,1531606686956,1531606687027,71,10.10.21.6
disparityBoltSub,124,15,1531606686966,1531606687038,72,10.10.21.7
disparityBoltSub,124,16,1531606686960,1531606687033,73,10.10.21.6
disparityBoltSub,124,17,1531606686962,1531606687038,76,10.10.21.6
disparityBoltSub,124,18,1531606686961,1531606687039,78,10.10.21.6
disparityBoltSub,124,19,1531606686968,1531606687041,73,10.10.21.7
disparityBoltSub,124,20,1531606686963,1531606687038,75,10.10.21.6
disparityBoltSub,124,21,1531606686964,1531606687041,77,10.10.21.6
disparityBoltSub,124,22,1531606686960,1531606687067,107,10.10.21.6
disparityBoltSub,124,23,1531606686960,1531606687068,108,10.10.21.6
disparityBoltSub,124,24,1531606686961,1531606687071,110,10.10.21.6
disparityBoltSub,124,25,1531606686964,1531606687035,71,10.10.21.7
disparityBoltSub,124,26,1531606686969,1531606687067,98,10.10.21.7
disparityBoltSub,124,27,1531606686965,1531606687040,75,10.10.21.6
disparityBoltSub,124,28,1531606686963,1531606687037,74,10.10.21.6
disparityBoltSub,124,29,1531606686970,1531606687041,71,10.10.21.7
disparityBoltSub,124,30,1531606686965,1531606687038,73,10.10.21.6
disparityBoltSub,124,31,1531606686964,1531606687007,43,10.10.21.6
disparityBolt,124,0,0,0,120,0
mergeBolt,124,0,1531606687071,1531606687086,15,10.10.21.6
reprojectionBolt,124,0,1531606687086,1531606687125,39,null
overall,124,0,1531606686864,1531606687125,261,0
videoSpout,125,0,1531606687368,1531606687372,4,10.10.21.7
rectificationBolt,125,0,1531606687406,1531606687436,30,10.10.21.6
partitionBolt,125,0,1531606687436,1531606687456,20,10.10.21.6
disparityBoltSub,125,0,1531606687460,1531606687505,45,10.10.21.7
disparityBoltSub,125,1,1531606687460,1531606687535,75,10.10.21.6
disparityBoltSub,125,2,1531606687461,1531606687563,102,10.10.21.6
disparityBoltSub,125,3,1531606687462,1531606687536,74,10.10.21.6
disparityBoltSub,125,4,1531606687459,1531606687545,86,10.10.21.6
disparityBoltSub,125,5,1531606687459,1531606687546,87,10.10.21.6
disparityBoltSub,125,6,1531606687463,1531606687548,85,10.10.21.6
disparityBoltSub,125,7,1531606687460,1531606687566,106,10.10.21.6
disparityBoltSub,125,8,1531606687462,1531606687536,74,10.10.21.7
disparityBoltSub,125,9,1531606687465,1531606687538,73,10.10.21.7
disparityBoltSub,125,10,1531606687463,1531606687536,73,10.10.21.7
disparityBoltSub,125,11,1531606687467,1531606687537,70,10.10.21.7
disparityBoltSub,125,12,1531606687468,1531606687541,73,10.10.21.7
disparityBoltSub,125,13,1531606687463,1531606687535,72,10.10.21.6
disparityBoltSub,125,14,1531606687470,1531606687543,73,10.10.21.7
disparityBoltSub,125,15,1531606687465,1531606687550,85,10.10.21.6
disparityBoltSub,125,16,1531606687471,1531606687543,72,10.10.21.7
disparityBoltSub,125,17,1531606687465,1531606687538,73,10.10.21.6
disparityBoltSub,125,18,1531606687474,1531606687552,78,10.10.21.7
disparityBoltSub,125,19,1531606687472,1531606687545,73,10.10.21.7
disparityBoltSub,125,20,1531606687466,1531606687541,75,10.10.21.6
disparityBoltSub,125,21,1531606687475,1531606687549,74,10.10.21.7
disparityBoltSub,125,22,1531606687467,1531606687573,106,10.10.21.6
disparityBoltSub,125,23,1531606687470,1531606687545,75,10.10.21.6
disparityBoltSub,125,24,1531606687477,1531606687546,69,10.10.21.7
disparityBoltSub,125,25,1531606687479,1531606687549,70,10.10.21.6
disparityBoltSub,125,26,1531606687478,1531606687552,74,10.10.21.7
disparityBoltSub,125,27,1531606687482,1531606687554,72,10.10.21.6
disparityBoltSub,125,28,1531606687480,1531606687549,69,10.10.21.6
disparityBoltSub,125,29,1531606687483,1531606687590,107,10.10.21.6
disparityBoltSub,125,30,1531606687479,1531606687548,69,10.10.21.7
disparityBoltSub,125,31,1531606687472,1531606687513,41,10.10.21.6
disparityBolt,125,0,0,0,131,0
mergeBolt,125,0,1531606687591,1531606687607,16,10.10.21.6
reprojectionBolt,125,0,1531606687607,1531606687648,41,null
overall,125,0,1531606687368,1531606687648,280,0
videoSpout,126,0,1531606687873,1531606687877,4,10.10.21.7
rectificationBolt,126,0,1531606687895,1531606687926,31,10.10.21.6
partitionBolt,126,0,1531606687926,1531606687945,19,10.10.21.6
disparityBoltSub,126,0,1531606687948,1531606688018,70,10.10.21.6
disparityBoltSub,126,1,1531606687949,1531606688021,72,10.10.21.7
disparityBoltSub,126,2,1531606687951,1531606688021,70,10.10.21.7
disparityBoltSub,126,3,1531606687950,1531606688021,71,10.10.21.7
disparityBoltSub,126,4,1531606687953,1531606688024,71,10.10.21.7
disparityBoltSub,126,5,1531606687952,1531606688059,107,10.10.21.7
disparityBoltSub,126,6,1531606687948,1531606688031,83,10.10.21.6
disparityBoltSub,126,7,1531606687950,1531606688031,81,10.10.21.6
disparityBoltSub,126,8,1531606687954,1531606688025,71,10.10.21.7
disparityBoltSub,126,9,1531606687956,1531606688030,74,10.10.21.7
disparityBoltSub,126,10,1531606687954,1531606688027,73,10.10.21.7
disparityBoltSub,126,11,1531606687953,1531606688034,81,10.10.21.6
disparityBoltSub,126,12,1531606687955,1531606688028,73,10.10.21.6
disparityBoltSub,126,13,1531606687968,1531606688040,72,10.10.21.7
disparityBoltSub,126,14,1531606687971,1531606688045,74,10.10.21.7
disparityBoltSub,126,15,1531606687953,1531606688048,95,10.10.21.6
disparityBoltSub,126,16,1531606687969,1531606688041,72,10.10.21.6
disparityBoltSub,126,17,1531606687954,1531606688045,91,10.10.21.6
disparityBoltSub,126,18,1531606687954,1531606688039,85,10.10.21.6
disparityBoltSub,126,19,1531606687966,1531606688042,76,10.10.21.6
disparityBoltSub,126,20,1531606687968,1531606688047,79,10.10.21.6
disparityBoltSub,126,21,1531606687967,1531606688043,76,10.10.21.6
disparityBoltSub,126,22,1531606687972,1531606688051,79,10.10.21.7
disparityBoltSub,126,23,1531606687972,1531606688046,74,10.10.21.7
disparityBoltSub,126,24,1531606687973,1531606688079,106,10.10.21.7
disparityBoltSub,126,25,1531606687973,1531606688050,77,10.10.21.7
disparityBoltSub,126,26,1531606687975,1531606688049,74,10.10.21.7
disparityBoltSub,126,27,1531606687973,1531606688051,78,10.10.21.6
disparityBoltSub,126,28,1531606687974,1531606688048,74,10.10.21.6
disparityBoltSub,126,29,1531606687977,1531606688047,70,10.10.21.7
disparityBoltSub,126,30,1531606687978,1531606688051,73,10.10.21.7
disparityBoltSub,126,31,1531606687979,1531606688021,42,10.10.21.7
disparityBolt,126,0,0,0,131,0
mergeBolt,126,0,1531606688081,1531606688095,14,10.10.21.6
reprojectionBolt,126,0,1531606688096,1531606688136,40,null
overall,126,0,1531606687873,1531606688136,263,0
videoSpout,127,0,1531606688378,1531606688382,4,10.10.21.7
rectificationBolt,127,0,1531606688402,1531606688433,31,10.10.21.6
partitionBolt,127,0,1531606688433,1531606688460,27,10.10.21.6
disparityBoltSub,127,0,1531606688461,1531606688505,44,10.10.21.6
disparityBoltSub,127,1,1531606688464,1531606688574,110,10.10.21.7
disparityBoltSub,127,2,1531606688464,1531606688539,75,10.10.21.6
disparityBoltSub,127,3,1531606688466,1531606688539,73,10.10.21.6
disparityBoltSub,127,4,1531606688463,1531606688532,69,10.10.21.6
disparityBoltSub,127,5,1531606688467,1531606688537,70,10.10.21.6
disparityBoltSub,127,6,1531606688466,1531606688544,78,10.10.21.7
disparityBoltSub,127,7,1531606688467,1531606688541,74,10.10.21.6
disparityBoltSub,127,8,1531606688467,1531606688543,76,10.10.21.6
disparityBoltSub,127,9,1531606688468,1531606688541,73,10.10.21.7
disparityBoltSub,127,10,1531606688468,1531606688537,69,10.10.21.6
disparityBoltSub,127,11,1531606688470,1531606688550,80,10.10.21.7
disparityBoltSub,127,12,1531606688469,1531606688541,72,10.10.21.6
disparityBoltSub,127,13,1531606688467,1531606688537,70,10.10.21.6
disparityBoltSub,127,14,1531606688470,1531606688576,106,10.10.21.7
disparityBoltSub,127,15,1531606688471,1531606688543,72,10.10.21.7
disparityBoltSub,127,16,1531606688471,1531606688543,72,10.10.21.6
disparityBoltSub,127,17,1531606688471,1531606688551,80,10.10.21.6
disparityBoltSub,127,18,1531606688470,1531606688546,76,10.10.21.6
disparityBoltSub,127,19,1531606688472,1531606688545,73,10.10.21.6
disparityBoltSub,127,20,1531606688475,1531606688548,73,10.10.21.7
disparityBoltSub,127,21,1531606688474,1531606688550,76,10.10.21.7
disparityBoltSub,127,22,1531606688475,1531606688549,74,10.10.21.7
disparityBoltSub,127,23,1531606688472,1531606688545,73,10.10.21.6
disparityBoltSub,127,24,1531606688475,1531606688548,73,10.10.21.6
disparityBoltSub,127,25,1531606688476,1531606688603,127,10.10.21.6
disparityBoltSub,127,26,1531606688476,1531606688549,73,10.10.21.7
disparityBoltSub,127,27,1531606688477,1531606688604,127,10.10.21.6
disparityBoltSub,127,28,1531606688474,1531606688549,75,10.10.21.6
disparityBoltSub,127,29,1531606688477,1531606688562,85,10.10.21.6
disparityBoltSub,127,30,1531606688477,1531606688550,73,10.10.21.7
disparityBoltSub,127,31,1531606688476,1531606688518,42,10.10.21.6
disparityBolt,127,0,0,0,143,0
mergeBolt,127,0,1531606688605,1531606688621,16,10.10.21.6
reprojectionBolt,127,0,1531606688621,1531606688661,40,null
overall,127,0,1531606688378,1531606688661,283,0
videoSpout,128,0,1531606688882,1531606688887,5,10.10.21.7
rectificationBolt,128,0,1531606688922,1531606688952,30,10.10.21.6
partitionBolt,128,0,1531606688952,1531606688971,19,10.10.21.6
disparityBoltSub,128,0,1531606688974,1531606689020,46,10.10.21.7
disparityBoltSub,128,1,1531606688972,1531606689060,88,10.10.21.6
disparityBoltSub,128,2,1531606688975,1531606689045,70,10.10.21.7
disparityBoltSub,128,3,1531606688976,1531606689049,73,10.10.21.7
disparityBoltSub,128,4,1531606688976,1531606689050,74,10.10.21.6
disparityBoltSub,128,5,1531606688977,1531606689051,74,10.10.21.7
disparityBoltSub,128,6,1531606688978,1531606689048,70,10.10.21.7
disparityBoltSub,128,7,1531606688977,1531606689050,73,10.10.21.6
disparityBoltSub,128,8,1531606688980,1531606689048,68,10.10.21.7
disparityBoltSub,128,9,1531606688978,1531606689050,72,10.10.21.6
disparityBoltSub,128,10,1531606688982,1531606689054,72,10.10.21.7
disparityBoltSub,128,11,1531606688978,1531606689056,78,10.10.21.6
disparityBoltSub,128,12,1531606688981,1531606689090,109,10.10.21.7
disparityBoltSub,128,13,1531606688983,1531606689054,71,10.10.21.7
disparityBoltSub,128,14,1531606688982,1531606689054,72,10.10.21.6
disparityBoltSub,128,15,1531606688981,1531606689055,74,10.10.21.6
disparityBoltSub,128,16,1531606688980,1531606689060,80,10.10.21.6
disparityBoltSub,128,17,1531606688981,1531606689079,98,10.10.21.6
disparityBoltSub,128,18,1531606688981,1531606689060,79,10.10.21.6
disparityBoltSub,128,19,1531606688981,1531606689078,97,10.10.21.6
disparityBoltSub,128,20,1531606688984,1531606689057,73,10.10.21.6
disparityBoltSub,128,21,1531606688981,1531606689060,79,10.10.21.6
disparityBoltSub,128,22,1531606688988,1531606689062,74,10.10.21.7
disparityBoltSub,128,23,1531606688985,1531606689057,72,10.10.21.7
disparityBoltSub,128,24,1531606688983,1531606689082,99,10.10.21.6
disparityBoltSub,128,25,1531606688985,1531606689059,74,10.10.21.6
disparityBoltSub,128,26,1531606688989,1531606689060,71,10.10.21.7
disparityBoltSub,128,27,1531606688988,1531606689098,110,10.10.21.7
disparityBoltSub,128,28,1531606688990,1531606689060,70,10.10.21.7
disparityBoltSub,128,29,1531606688988,1531606689066,78,10.10.21.6
disparityBoltSub,128,30,1531606688992,1531606689064,72,10.10.21.7
disparityBoltSub,128,31,1531606688992,1531606689032,40,10.10.21.7
disparityBolt,128,0,0,0,126,0
mergeBolt,128,0,1531606689099,1531606689114,15,10.10.21.6
reprojectionBolt,128,0,1531606689114,1531606689153,39,null
overall,128,0,1531606688882,1531606689153,271,0
videoSpout,129,0,1531606689387,1531606689392,5,10.10.21.7
rectificationBolt,129,0,1531606689412,1531606689437,25,10.10.21.6
partitionBolt,129,0,1531606689437,1531606689454,17,10.10.21.6
disparityBoltSub,129,0,1531606689457,1531606689504,47,10.10.21.7
disparityBoltSub,129,1,1531606689455,1531606689578,123,10.10.21.6
disparityBoltSub,129,2,1531606689455,1531606689571,116,10.10.21.6
disparityBoltSub,129,3,1531606689458,1531606689585,127,10.10.21.7
disparityBoltSub,129,4,1531606689456,1531606689579,123,10.10.21.6
disparityBoltSub,129,5,1531606689458,1531606689535,77,10.10.21.6
disparityBoltSub,129,6,1531606689459,1531606689571,112,10.10.21.6
disparityBoltSub,129,7,1531606689460,1531606689539,79,10.10.21.7
disparityBoltSub,129,8,1531606689469,1531606689541,72,10.10.21.7
disparityBoltSub,129,9,1531606689459,1531606689530,71,10.10.21.6
disparityBoltSub,129,10,1531606689472,1531606689547,75,10.10.21.7
disparityBoltSub,129,11,1531606689470,1531606689541,71,10.10.21.6
disparityBoltSub,129,12,1531606689470,1531606689602,132,10.10.21.7
disparityBoltSub,129,13,1531606689471,1531606689543,72,10.10.21.6
disparityBoltSub,129,14,1531606689470,1531606689540,70,10.10.21.6
disparityBoltSub,129,15,1531606689472,1531606689584,112,10.10.21.6
disparityBoltSub,129,16,1531606689469,1531606689594,125,10.10.21.6
disparityBoltSub,129,17,1531606689473,1531606689551,78,10.10.21.6
disparityBoltSub,129,18,1531606689473,1531606689546,73,10.10.21.6
disparityBoltSub,129,19,1531606689473,1531606689549,76,10.10.21.6
disparityBoltSub,129,20,1531606689471,1531606689546,75,10.10.21.6
disparityBoltSub,129,21,1531606689473,1531606689550,77,10.10.21.7
disparityBoltSub,129,22,1531606689472,1531606689545,73,10.10.21.6
disparityBoltSub,129,23,1531606689475,1531606689548,73,10.10.21.6
disparityBoltSub,129,24,1531606689472,1531606689597,125,10.10.21.6
disparityBoltSub,129,25,1531606689477,1531606689610,133,10.10.21.7
disparityBoltSub,129,26,1531606689476,1531606689548,72,10.10.21.7
disparityBoltSub,129,27,1531606689484,1531606689557,73,10.10.21.7
disparityBoltSub,129,28,1531606689485,1531606689604,119,10.10.21.7
disparityBoltSub,129,29,1531606689478,1531606689595,117,10.10.21.6
disparityBoltSub,129,30,1531606689479,1531606689603,124,10.10.21.6
disparityBoltSub,129,31,1531606689477,1531606689553,76,10.10.21.6
disparityBolt,129,0,0,0,155,0
mergeBolt,129,0,1531606689612,1531606689628,16,10.10.21.6
reprojectionBolt,129,0,1531606689628,1531606689668,40,null
overall,129,0,1531606689387,1531606689668,281,0
videoSpout,130,0,1531606689892,1531606689896,4,10.10.21.7
rectificationBolt,130,0,1531606689915,1531606689948,33,10.10.21.6
partitionBolt,130,0,1531606689948,1531606689988,40,10.10.21.6
disparityBoltSub,130,0,1531606689992,1531606690037,45,10.10.21.7
disparityBoltSub,130,1,1531606689990,1531606690064,74,10.10.21.6
disparityBoltSub,130,2,1531606689993,1531606690068,75,10.10.21.7
disparityBoltSub,130,3,1531606689995,1531606690067,72,10.10.21.7
disparityBoltSub,130,4,1531606689994,1531606690067,73,10.10.21.7
disparityBoltSub,130,5,1531606689992,1531606690065,73,10.10.21.6
disparityBoltSub,130,6,1531606689995,1531606690065,70,10.10.21.7
disparityBoltSub,130,7,1531606689997,1531606690067,70,10.10.21.7
disparityBoltSub,130,8,1531606689996,1531606690071,75,10.10.21.7
disparityBoltSub,130,9,1531606689997,1531606690068,71,10.10.21.7
disparityBoltSub,130,10,1531606689997,1531606690068,71,10.10.21.6
disparityBoltSub,130,11,1531606689999,1531606690067,68,10.10.21.6
disparityBoltSub,130,12,1531606689997,1531606690075,78,10.10.21.6
disparityBoltSub,130,13,1531606689996,1531606690070,74,10.10.21.6
disparityBoltSub,130,14,1531606689999,1531606690135,136,10.10.21.6
disparityBoltSub,130,15,1531606690001,1531606690124,123,10.10.21.6
disparityBoltSub,130,16,1531606690001,1531606690104,103,10.10.21.7
disparityBoltSub,130,17,1531606690002,1531606690079,77,10.10.21.6
disparityBoltSub,130,18,1531606689999,1531606690141,142,10.10.21.6
disparityBoltSub,130,19,1531606690003,1531606690073,70,10.10.21.6
disparityBoltSub,130,20,1531606690000,1531606690141,141,10.10.21.6
disparityBoltSub,130,21,1531606690000,1531606690075,75,10.10.21.6
disparityBoltSub,130,22,1531606690003,1531606690076,73,10.10.21.6
disparityBoltSub,130,23,1531606690004,1531606690135,131,10.10.21.6
disparityBoltSub,130,24,1531606690005,1531606690142,137,10.10.21.6
disparityBoltSub,130,25,1531606690002,1531606690071,69,10.10.21.6
disparityBoltSub,130,26,1531606690003,1531606690074,71,10.10.21.6
disparityBoltSub,130,27,1531606690006,1531606690136,130,10.10.21.6
disparityBoltSub,130,28,1531606690007,1531606690107,100,10.10.21.7
disparityBoltSub,130,29,1531606690007,1531606690079,72,10.10.21.6
disparityBoltSub,130,30,1531606690005,1531606690125,120,10.10.21.6
disparityBoltSub,130,31,1531606690008,1531606690049,41,10.10.21.7
disparityBolt,130,0,0,0,152,0
mergeBolt,130,0,1531606690143,1531606690158,15,10.10.21.6
reprojectionBolt,130,0,1531606690158,1531606690197,39,null
overall,130,0,1531606689892,1531606690197,305,0
videoSpout,131,0,1531606690396,1531606690401,5,10.10.21.7
rectificationBolt,131,0,1531606690422,1531606690451,29,10.10.21.6
partitionBolt,131,0,1531606690451,1531606690471,20,10.10.21.6
disparityBoltSub,131,0,1531606690472,1531606690512,40,10.10.21.6
disparityBoltSub,131,1,1531606690475,1531606690548,73,10.10.21.7
disparityBoltSub,131,2,1531606690475,1531606690549,74,10.10.21.6
disparityBoltSub,131,3,1531606690477,1531606690555,78,10.10.21.7
disparityBoltSub,131,4,1531606690477,1531606690549,72,10.10.21.7
disparityBoltSub,131,5,1531606690478,1531606690548,70,10.10.21.6
disparityBoltSub,131,6,1531606690475,1531606690545,70,10.10.21.6
disparityBoltSub,131,7,1531606690477,1531606690547,70,10.10.21.6
disparityBoltSub,131,8,1531606690479,1531606690551,72,10.10.21.6
disparityBoltSub,131,9,1531606690478,1531606690548,70,10.10.21.7
disparityBoltSub,131,10,1531606690479,1531606690552,73,10.10.21.7
disparityBoltSub,131,11,1531606690480,1531606690550,70,10.10.21.6
disparityBoltSub,131,12,1531606690481,1531606690553,72,10.10.21.6
disparityBoltSub,131,13,1531606690481,1531606690550,69,10.10.21.6
disparityBoltSub,131,14,1531606690482,1531606690586,104,10.10.21.7
disparityBoltSub,131,15,1531606690482,1531606690554,72,10.10.21.6
disparityBoltSub,131,16,1531606690480,1531606690567,87,10.10.21.6
disparityBoltSub,131,17,1531606690480,1531606690567,87,10.10.21.6
disparityBoltSub,131,18,1531606690483,1531606690556,73,10.10.21.6
disparityBoltSub,131,19,1531606690481,1531606690567,86,10.10.21.6
disparityBoltSub,131,20,1531606690484,1531606690558,74,10.10.21.7
disparityBoltSub,131,21,1531606690482,1531606690567,85,10.10.21.6
disparityBoltSub,131,22,1531606690485,1531606690592,107,10.10.21.7
disparityBoltSub,131,23,1531606690488,1531606690563,75,10.10.21.7
disparityBoltSub,131,24,1531606690487,1531606690558,71,10.10.21.7
disparityBoltSub,131,25,1531606690490,1531606690616,126,10.10.21.7
disparityBoltSub,131,26,1531606690486,1531606690559,73,10.10.21.7
disparityBoltSub,131,27,1531606690488,1531606690562,74,10.10.21.7
disparityBoltSub,131,28,1531606690487,1531606690556,69,10.10.21.6
disparityBoltSub,131,29,1531606690494,1531606690618,124,10.10.21.7
disparityBoltSub,131,30,1531606690492,1531606690563,71,10.10.21.7
disparityBoltSub,131,31,1531606690493,1531606690535,42,10.10.21.7
disparityBolt,131,0,0,0,146,0
mergeBolt,131,0,1531606690620,1531606690635,15,10.10.21.6
reprojectionBolt,131,0,1531606690635,1531606690674,39,null
overall,131,0,1531606690396,1531606690674,278,0
videoSpout,132,0,1531606690901,1531606690906,5,10.10.21.7
rectificationBolt,132,0,1531606690926,1531606690954,28,10.10.21.6
partitionBolt,132,0,1531606690954,1531606690973,19,10.10.21.6
disparityBoltSub,132,0,1531606690976,1531606691026,50,10.10.21.6
disparityBoltSub,132,1,1531606690975,1531606691079,104,10.10.21.6
disparityBoltSub,132,2,1531606690975,1531606691084,109,10.10.21.6
disparityBoltSub,132,3,1531606690978,1531606691068,90,10.10.21.6
disparityBoltSub,132,4,1531606690979,1531606691051,72,10.10.21.7
disparityBoltSub,132,5,1531606690979,1531606691049,70,10.10.21.6
disparityBoltSub,132,6,1531606690980,1531606691049,69,10.10.21.7
disparityBoltSub,132,7,1531606690981,1531606691055,74,10.10.21.7
disparityBoltSub,132,8,1531606690980,1531606691066,86,10.10.21.6
disparityBoltSub,132,9,1531606690978,1531606691079,101,10.10.21.6
disparityBoltSub,132,10,1531606690983,1531606691070,87,10.10.21.7
disparityBoltSub,132,11,1531606690982,1531606691109,127,10.10.21.7
disparityBoltSub,132,12,1531606690980,1531606691081,101,10.10.21.6
disparityBoltSub,132,13,1531606690984,1531606691110,126,10.10.21.7
disparityBoltSub,132,14,1531606691028,1531606691099,71,10.10.21.7
disparityBoltSub,132,15,1531606690984,1531606691073,89,10.10.21.6
disparityBoltSub,132,16,1531606690985,1531606691067,82,10.10.21.6
disparityBoltSub,132,17,1531606690985,1531606691058,73,10.10.21.7
disparityBoltSub,132,18,1531606691029,1531606691105,76,10.10.21.7
disparityBoltSub,132,19,1531606691030,1531606691103,73,10.10.21.7
disparityBoltSub,132,20,1531606691028,1531606691106,78,10.10.21.6
disparityBoltSub,132,21,1531606691033,1531606691125,92,10.10.21.7
disparityBoltSub,132,22,1531606691031,1531606691103,72,10.10.21.7
disparityBoltSub,132,23,1531606691028,1531606691099,71,10.10.21.6
disparityBoltSub,132,24,1531606691030,1531606691123,93,10.10.21.6
disparityBoltSub,132,25,1531606691033,1531606691128,95,10.10.21.6
disparityBoltSub,132,26,1531606691032,1531606691104,72,10.10.21.6
disparityBoltSub,132,27,1531606691033,1531606691105,72,10.10.21.7
disparityBoltSub,132,28,1531606691030,1531606691103,73,10.10.21.6
disparityBoltSub,132,29,1531606691032,1531606691105,73,10.10.21.6
disparityBoltSub,132,30,1531606691034,1531606691106,72,10.10.21.7
disparityBoltSub,132,31,1531606691035,1531606691079,44,10.10.21.7
disparityBolt,132,0,0,0,153,0
mergeBolt,132,0,1531606691130,1531606691145,15,10.10.21.6
reprojectionBolt,132,0,1531606691145,1531606691184,39,null
overall,132,0,1531606690901,1531606691184,283,0
videoSpout,133,0,1531606691406,1531606691410,4,10.10.21.7
rectificationBolt,133,0,1531606691431,1531606691461,30,10.10.21.6
partitionBolt,133,0,1531606691461,1531606691480,19,10.10.21.6
disparityBoltSub,133,0,1531606691481,1531606691528,47,10.10.21.6
disparityBoltSub,133,1,1531606691493,1531606691564,71,10.10.21.7
disparityBoltSub,133,2,1531606691492,1531606691601,109,10.10.21.6
disparityBoltSub,133,3,1531606691493,1531606691565,72,10.10.21.7
disparityBoltSub,133,4,1531606691494,1531606691620,126,10.10.21.6
disparityBoltSub,133,5,1531606691495,1531606691567,72,10.10.21.6
disparityBoltSub,133,6,1531606691497,1531606691567,70,10.10.21.7
disparityBoltSub,133,7,1531606691496,1531606691566,70,10.10.21.7
disparityBoltSub,133,8,1531606691494,1531606691569,75,10.10.21.6
disparityBoltSub,133,9,1531606691496,1531606691569,73,10.10.21.6
disparityBoltSub,133,10,1531606691498,1531606691602,104,10.10.21.6
disparityBoltSub,133,11,1531606691498,1531606691567,69,10.10.21.7
disparityBoltSub,133,12,1531606691500,1531606691625,125,10.10.21.6
disparityBoltSub,133,13,1531606691497,1531606691569,72,10.10.21.6
disparityBoltSub,133,14,1531606691499,1531606691628,129,10.10.21.6
disparityBoltSub,133,15,1531606691501,1531606691572,71,10.10.21.6
disparityBoltSub,133,16,1531606691500,1531606691571,71,10.10.21.7
disparityBoltSub,133,17,1531606691501,1531606691575,74,10.10.21.7
disparityBoltSub,133,18,1531606691499,1531606691610,111,10.10.21.6
disparityBoltSub,133,19,1531606691503,1531606691627,124,10.10.21.6
disparityBoltSub,133,20,1531606691502,1531606691578,76,10.10.21.6
disparityBoltSub,133,21,1531606691501,1531606691574,73,10.10.21.6
disparityBoltSub,133,22,1531606691501,1531606691591,90,10.10.21.6
disparityBoltSub,133,23,1531606691503,1531606691576,73,10.10.21.7
disparityBoltSub,133,24,1531606691505,1531606691576,71,10.10.21.7
disparityBoltSub,133,25,1531606691504,1531606691574,70,10.10.21.6
disparityBoltSub,133,26,1531606691505,1531606691634,129,10.10.21.6
disparityBoltSub,133,27,1531606691507,1531606691578,71,10.10.21.7
disparityBoltSub,133,28,1531606691506,1531606691578,72,10.10.21.6
disparityBoltSub,133,29,1531606691507,1531606691577,70,10.10.21.7
disparityBoltSub,133,30,1531606691507,1531606691578,71,10.10.21.6
disparityBoltSub,133,31,1531606691507,1531606691554,47,10.10.21.6
disparityBolt,133,0,0,0,153,0
mergeBolt,133,0,1531606691635,1531606691650,15,10.10.21.6
reprojectionBolt,133,0,1531606691650,1531606691689,39,null
overall,133,0,1531606691406,1531606691689,283,0
videoSpout,134,0,1531606691910,1531606691914,4,10.10.21.7
rectificationBolt,134,0,1531606691936,1531606691967,31,10.10.21.6
partitionBolt,134,0,1531606691967,1531606692015,48,10.10.21.6
disparityBoltSub,134,0,1531606692018,1531606692062,44,10.10.21.7
disparityBoltSub,134,1,1531606692016,1531606692120,104,10.10.21.6
disparityBoltSub,134,2,1531606692022,1531606692096,74,10.10.21.7
disparityBoltSub,134,3,1531606692019,1531606692095,76,10.10.21.6
disparityBoltSub,134,4,1531606692021,1531606692097,76,10.10.21.7
disparityBoltSub,134,5,1531606692023,1531606692094,71,10.10.21.7
disparityBoltSub,134,6,1531606692018,1531606692125,107,10.10.21.6
disparityBoltSub,134,7,1531606692026,1531606692156,130,10.10.21.7
disparityBoltSub,134,8,1531606692021,1531606692094,73,10.10.21.6
disparityBoltSub,134,9,1531606692023,1531606692118,95,10.10.21.7
disparityBoltSub,134,10,1531606692022,1531606692093,71,10.10.21.6
disparityBoltSub,134,11,1531606692024,1531606692094,70,10.10.21.6
disparityBoltSub,134,12,1531606692022,1531606692093,71,10.10.21.6
disparityBoltSub,134,13,1531606692029,1531606692098,69,10.10.21.7
disparityBoltSub,134,14,1531606692027,1531606692099,72,10.10.21.7
disparityBoltSub,134,15,1531606692026,1531606692097,71,10.10.21.6
disparityBoltSub,134,16,1531606692026,1531606692101,75,10.10.21.7
disparityBoltSub,134,17,1531606692027,1531606692105,78,10.10.21.7
disparityBoltSub,134,18,1531606692030,1531606692104,74,10.10.21.7
disparityBoltSub,134,19,1531606692031,1531606692107,76,10.10.21.7
disparityBoltSub,134,20,1531606692028,1531606692103,75,10.10.21.6
disparityBoltSub,134,21,1531606692034,1531606692108,74,10.10.21.7
disparityBoltSub,134,22,1531606692032,1531606692113,81,10.10.21.7
disparityBoltSub,134,23,1531606692028,1531606692102,74,10.10.21.6
disparityBoltSub,134,24,1531606692035,1531606692163,128,10.10.21.7
disparityBoltSub,134,25,1531606692029,1531606692101,72,10.10.21.6
disparityBoltSub,134,26,1531606692037,1531606692111,74,10.10.21.7
disparityBoltSub,134,27,1531606692033,1531606692109,76,10.10.21.6
disparityBoltSub,134,28,1531606692038,1531606692137,99,10.10.21.7
disparityBoltSub,134,29,1531606692034,1531606692112,78,10.10.21.7
disparityBoltSub,134,30,1531606692032,1531606692107,75,10.10.21.6
disparityBoltSub,134,31,1531606692031,1531606692072,41,10.10.21.6
disparityBolt,134,0,0,0,147,0
mergeBolt,134,0,1531606692165,1531606692180,15,10.10.21.6
reprojectionBolt,134,0,1531606692180,1531606692219,39,null
overall,134,0,1531606691910,1531606692219,309,0
videoSpout,135,0,1531606692415,1531606692419,4,10.10.21.7
rectificationBolt,135,0,1531606692476,1531606692506,30,10.10.21.6
partitionBolt,135,0,1531606692506,1531606692525,19,10.10.21.6
disparityBoltSub,135,0,1531606692529,1531606692577,48,10.10.21.7
disparityBoltSub,135,1,1531606692528,1531606692604,76,10.10.21.6
disparityBoltSub,135,2,1531606692530,1531606692602,72,10.10.21.7
disparityBoltSub,135,3,1531606692527,1531606692605,78,10.10.21.6
disparityBoltSub,135,4,1531606692528,1531606692597,69,10.10.21.6
disparityBoltSub,135,5,1531606692532,1531606692602,70,10.10.21.7
disparityBoltSub,135,6,1531606692528,1531606692601,73,10.10.21.6
disparityBoltSub,135,7,1531606692528,1531606692605,77,10.10.21.6
disparityBoltSub,135,8,1531606692531,1531606692606,75,10.10.21.6
disparityBoltSub,135,9,1531606692532,1531606692613,81,10.10.21.6
disparityBoltSub,135,10,1531606692533,1531606692604,71,10.10.21.7
disparityBoltSub,135,11,1531606692534,1531606692604,70,10.10.21.7
disparityBoltSub,135,12,1531606692534,1531606692606,72,10.10.21.6
disparityBoltSub,135,13,1531606692536,1531606692608,72,10.10.21.7
disparityBoltSub,135,14,1531606692536,1531606692607,71,10.10.21.7
disparityBoltSub,135,15,1531606692536,1531606692606,70,10.10.21.7
disparityBoltSub,135,16,1531606692533,1531606692629,96,10.10.21.6
disparityBoltSub,135,17,1531606692539,1531606692650,111,10.10.21.7
disparityBoltSub,135,18,1531606692536,1531606692658,122,10.10.21.6
disparityBoltSub,135,19,1531606692537,1531606692658,121,10.10.21.6
disparityBoltSub,135,20,1531606692541,1531606692648,107,10.10.21.7
disparityBoltSub,135,21,1531606692540,1531606692617,77,10.10.21.7
disparityBoltSub,135,22,1531606692539,1531606692622,83,10.10.21.6
disparityBoltSub,135,23,1531606692540,1531606692665,125,10.10.21.6
disparityBoltSub,135,24,1531606692541,1531606692636,95,10.10.21.6
disparityBoltSub,135,25,1531606692541,1531606692614,73,10.10.21.6
disparityBoltSub,135,26,1531606692542,1531606692616,74,10.10.21.6
disparityBoltSub,135,27,1531606692543,1531606692618,75,10.10.21.6
disparityBoltSub,135,28,1531606692542,1531606692614,72,10.10.21.7
disparityBoltSub,135,29,1531606692540,1531606692614,74,10.10.21.6
disparityBoltSub,135,30,1531606692540,1531606692664,124,10.10.21.6
disparityBoltSub,135,31,1531606692543,1531606692585,42,10.10.21.7
disparityBolt,135,0,0,0,138,0
mergeBolt,135,0,1531606692666,1531606692691,25,10.10.21.6
reprojectionBolt,135,0,1531606692691,1531606692732,41,null
overall,135,0,1531606692415,1531606692732,317,0
videoSpout,136,0,1531606692919,1531606692923,4,10.10.21.7
rectificationBolt,136,0,1531606692942,1531606692963,21,10.10.21.6
partitionBolt,136,0,1531606692963,1531606692980,17,10.10.21.6
disparityBoltSub,136,0,1531606692982,1531606693030,48,10.10.21.7
disparityBoltSub,136,1,1531606692986,1531606693055,69,10.10.21.7
disparityBoltSub,136,2,1531606692984,1531606693058,74,10.10.21.7
disparityBoltSub,136,3,1531606692988,1531606693063,75,10.10.21.6
disparityBoltSub,136,4,1531606692985,1531606693061,76,10.10.21.6
disparityBoltSub,136,5,1531606692990,1531606693064,74,10.10.21.7
disparityBoltSub,136,6,1531606692988,1531606693062,74,10.10.21.7
disparityBoltSub,136,7,1531606692987,1531606693058,71,10.10.21.6
disparityBoltSub,136,8,1531606692984,1531606693070,86,10.10.21.6
disparityBoltSub,136,9,1531606692991,1531606693064,73,10.10.21.7
disparityBoltSub,136,10,1531606692993,1531606693066,73,10.10.21.7
disparityBoltSub,136,11,1531606692995,1531606693068,73,10.10.21.7
disparityBoltSub,136,12,1531606692987,1531606693102,115,10.10.21.6
disparityBoltSub,136,13,1531606692989,1531606693075,86,10.10.21.6
disparityBoltSub,136,14,1531606692990,1531606693079,89,10.10.21.6
disparityBoltSub,136,15,1531606692990,1531606693080,90,10.10.21.6
disparityBoltSub,136,16,1531606692989,1531606693071,82,10.10.21.6
disparityBoltSub,136,17,1531606692998,1531606693072,74,10.10.21.6
disparityBoltSub,136,18,1531606692990,1531606693089,99,10.10.21.6
disparityBoltSub,136,19,1531606692992,1531606693071,79,10.10.21.7
disparityBoltSub,136,20,1531606692998,1531606693074,76,10.10.21.7
disparityBoltSub,136,21,1531606692998,1531606693071,73,10.10.21.7
disparityBoltSub,136,22,1531606692992,1531606693091,99,10.10.21.6
disparityBoltSub,136,23,1531606692996,1531606693070,74,10.10.21.7
disparityBoltSub,136,24,1531606692998,1531606693072,74,10.10.21.7
disparityBoltSub,136,25,1531606692999,1531606693075,76,10.10.21.7
disparityBoltSub,136,26,1531606693002,1531606693073,71,10.10.21.7
disparityBoltSub,136,27,1531606692999,1531606693076,77,10.10.21.7
disparityBoltSub,136,28,1531606693003,1531606693076,73,10.10.21.7
disparityBoltSub,136,29,1531606692996,1531606693089,93,10.10.21.6
disparityBoltSub,136,30,1531606693002,1531606693076,74,10.10.21.7
disparityBoltSub,136,31,1531606692998,1531606693070,72,10.10.21.6
disparityBolt,136,0,0,0,120,0
mergeBolt,136,0,1531606693102,1531606693116,14,10.10.21.6
reprojectionBolt,136,0,1531606693116,1531606693156,40,null
overall,136,0,1531606692919,1531606693156,237,0
videoSpout,137,0,1531606693424,1531606693428,4,10.10.21.7
rectificationBolt,137,0,1531606693448,1531606693477,29,10.10.21.6
partitionBolt,137,0,1531606693478,1531606693497,19,10.10.21.6
disparityBoltSub,137,0,1531606693499,1531606693547,48,10.10.21.6
disparityBoltSub,137,1,1531606693501,1531606693572,71,10.10.21.7
disparityBoltSub,137,2,1531606693499,1531606693619,120,10.10.21.6
disparityBoltSub,137,3,1531606693501,1531606693572,71,10.10.21.6
disparityBoltSub,137,4,1531606693500,1531606693571,71,10.10.21.6
disparityBoltSub,137,5,1531606693503,1531606693578,75,10.10.21.7
disparityBoltSub,137,6,1531606693507,1531606693582,75,10.10.21.6
disparityBoltSub,137,7,1531606693505,1531606693617,112,10.10.21.7
disparityBoltSub,137,8,1531606693507,1531606693580,73,10.10.21.7
disparityBoltSub,137,9,1531606693510,1531606693580,70,10.10.21.7
disparityBoltSub,137,10,1531606693509,1531606693580,71,10.10.21.7
disparityBoltSub,137,11,1531606693504,1531606693576,72,10.10.21.6
disparityBoltSub,137,12,1531606693519,1531606693590,71,10.10.21.7
disparityBoltSub,137,13,1531606693518,1531606693592,74,10.10.21.7
disparityBoltSub,137,14,1531606693508,1531606693581,73,10.10.21.7
disparityBoltSub,137,15,1531606693508,1531606693601,93,10.10.21.6
disparityBoltSub,137,16,1531606693509,1531606693608,99,10.10.21.6
disparityBoltSub,137,17,1531606693520,1531606693595,75,10.10.21.7
disparityBoltSub,137,18,1531606693510,1531606693612,102,10.10.21.6
disparityBoltSub,137,19,1531606693520,1531606693596,76,10.10.21.7
disparityBoltSub,137,20,1531606693522,1531606693594,72,10.10.21.7
disparityBoltSub,137,21,1531606693525,1531606693600,75,10.10.21.7
disparityBoltSub,137,22,1531606693523,1531606693601,78,10.10.21.7
disparityBoltSub,137,23,1531606693510,1531606693590,80,10.10.21.6
disparityBoltSub,137,24,1531606693526,1531606693596,70,10.10.21.7
disparityBoltSub,137,25,1531606693521,1531606693592,71,10.10.21.7
disparityBoltSub,137,26,1531606693523,1531606693593,70,10.10.21.6
disparityBoltSub,137,27,1531606693521,1531606693593,72,10.10.21.6
disparityBoltSub,137,28,1531606693527,1531606693636,109,10.10.21.7
disparityBoltSub,137,29,1531606693523,1531606693591,68,10.10.21.6
disparityBoltSub,137,30,1531606693521,1531606693608,87,10.10.21.6
disparityBoltSub,137,31,1531606693523,1531606693565,42,10.10.21.7
disparityBolt,137,0,0,0,137,0
mergeBolt,137,0,1531606693638,1531606693654,16,10.10.21.6
reprojectionBolt,137,0,1531606693654,1531606693693,39,null
overall,137,0,1531606693424,1531606693693,269,0
videoSpout,138,0,1531606693928,1531606693932,4,10.10.21.7
rectificationBolt,138,0,1531606693949,1531606693977,28,10.10.21.6
partitionBolt,138,0,1531606693977,1531606693996,19,10.10.21.6
disparityBoltSub,138,0,1531606694000,1531606694043,43,10.10.21.7
disparityBoltSub,138,1,1531606694000,1531606694071,71,10.10.21.7
disparityBoltSub,138,2,1531606694001,1531606694084,83,10.10.21.6
disparityBoltSub,138,3,1531606693999,1531606694130,131,10.10.21.6
disparityBoltSub,138,4,1531606694002,1531606694070,68,10.10.21.7
disparityBoltSub,138,5,1531606693999,1531606694088,89,10.10.21.6
disparityBoltSub,138,6,1531606694002,1531606694074,72,10.10.21.7
disparityBoltSub,138,7,1531606694003,1531606694083,80,10.10.21.6
disparityBoltSub,138,8,1531606694004,1531606694075,71,10.10.21.7
disparityBoltSub,138,9,1531606694006,1531606694076,70,10.10.21.7
disparityBoltSub,138,10,1531606694034,1531606694111,77,10.10.21.7
disparityBoltSub,138,11,1531606694005,1531606694086,81,10.10.21.6
disparityBoltSub,138,12,1531606694032,1531606694151,119,10.10.21.6
disparityBoltSub,138,13,1531606694036,1531606694106,70,10.10.21.7
disparityBoltSub,138,14,1531606694031,1531606694149,118,10.10.21.6
disparityBoltSub,138,15,1531606694035,1531606694107,72,10.10.21.7
disparityBoltSub,138,16,1531606694034,1531606694108,74,10.10.21.6
disparityBoltSub,138,17,1531606694036,1531606694160,124,10.10.21.6
disparityBoltSub,138,18,1531606694037,1531606694110,73,10.10.21.6
disparityBoltSub,138,19,1531606694038,1531606694118,80,10.10.21.7
disparityBoltSub,138,20,1531606694038,1531606694111,73,10.10.21.6
disparityBoltSub,138,21,1531606694040,1531606694159,119,10.10.21.6
disparityBoltSub,138,22,1531606694035,1531606694136,101,10.10.21.6
disparityBoltSub,138,23,1531606694035,1531606694112,77,10.10.21.6
disparityBoltSub,138,24,1531606694035,1531606694125,90,10.10.21.6
disparityBoltSub,138,25,1531606694037,1531606694109,72,10.10.21.7
disparityBoltSub,138,26,1531606694040,1531606694109,69,10.10.21.7
disparityBoltSub,138,27,1531606694040,1531606694119,79,10.10.21.6
disparityBoltSub,138,28,1531606694037,1531606694114,77,10.10.21.6
disparityBoltSub,138,29,1531606694040,1531606694111,71,10.10.21.7
disparityBoltSub,138,30,1531606694041,1531606694109,68,10.10.21.6
disparityBoltSub,138,31,1531606694038,1531606694083,45,10.10.21.6
disparityBolt,138,0,0,0,161,0
mergeBolt,138,0,1531606694161,1531606694176,15,10.10.21.6
reprojectionBolt,138,0,1531606694176,1531606694215,39,null
overall,138,0,1531606693928,1531606694215,287,0
videoSpout,139,0,1531606694432,1531606694436,4,10.10.21.7
rectificationBolt,139,0,1531606694457,1531606694488,31,10.10.21.6
partitionBolt,139,0,1531606694488,1531606694507,19,10.10.21.6
disparityBoltSub,139,0,1531606694511,1531606694554,43,10.10.21.7
disparityBoltSub,139,1,1531606694512,1531606694625,113,10.10.21.6
disparityBoltSub,139,2,1531606694526,1531606694636,110,10.10.21.6
disparityBoltSub,139,3,1531606694528,1531606694598,70,10.10.21.6
disparityBoltSub,139,4,1531606694510,1531606694594,84,10.10.21.6
disparityBoltSub,139,5,1531606694510,1531606694586,76,10.10.21.6
disparityBoltSub,139,6,1531606694529,1531606694600,71,10.10.21.6
disparityBoltSub,139,7,1531606694511,1531606694594,83,10.10.21.6
disparityBoltSub,139,8,1531606694529,1531606694599,70,10.10.21.7
disparityBoltSub,139,9,1531606694530,1531606694655,125,10.10.21.7
disparityBoltSub,139,10,1531606694531,1531606694603,72,10.10.21.7
disparityBoltSub,139,11,1531606694533,1531606694601,68,10.10.21.7
disparityBoltSub,139,12,1531606694534,1531606694634,100,10.10.21.7
disparityBoltSub,139,13,1531606694528,1531606694599,71,10.10.21.6
disparityBoltSub,139,14,1531606694535,1531606694605,70,10.10.21.7
disparityBoltSub,139,15,1531606694531,1531606694639,108,10.10.21.6
disparityBoltSub,139,16,1531606694537,1531606694637,100,10.10.21.7
disparityBoltSub,139,17,1531606694530,1531606694606,76,10.10.21.6
disparityBoltSub,139,18,1531606694540,1531606694614,74,10.10.21.7
disparityBoltSub,139,19,1531606694538,1531606694608,70,10.10.21.7
disparityBoltSub,139,20,1531606694532,1531606694606,74,10.10.21.6
disparityBoltSub,139,21,1531606694541,1531606694615,74,10.10.21.7
disparityBoltSub,139,22,1531606694533,1531606694646,113,10.10.21.6
disparityBoltSub,139,23,1531606694536,1531606694610,74,10.10.21.6
disparityBoltSub,139,24,1531606694543,1531606694612,69,10.10.21.7
disparityBoltSub,139,25,1531606694537,1531606694606,69,10.10.21.6
disparityBoltSub,139,26,1531606694544,1531606694613,69,10.10.21.7
disparityBoltSub,139,27,1531606694540,1531606694610,70,10.10.21.6
disparityBoltSub,139,28,1531606694539,1531606694607,68,10.10.21.6
disparityBoltSub,139,29,1531606694541,1531606694613,72,10.10.21.6
disparityBoltSub,139,30,1531606694545,1531606694668,123,10.10.21.7
disparityBoltSub,139,31,1531606694537,1531606694578,41,10.10.21.6
disparityBolt,139,0,0,0,158,0
mergeBolt,139,0,1531606694669,1531606694685,16,10.10.21.6
reprojectionBolt,139,0,1531606694685,1531606694726,41,null
overall,139,0,1531606694432,1531606694726,294,0
videoSpout,140,0,1531606694936,1531606694940,4,10.10.21.7
rectificationBolt,140,0,1531606694958,1531606694989,31,10.10.21.6
partitionBolt,140,0,1531606694989,1531606695008,19,10.10.21.6
disparityBoltSub,140,0,1531606695024,1531606695068,44,10.10.21.6
disparityBoltSub,140,1,1531606695024,1531606695098,74,10.10.21.7
disparityBoltSub,140,2,1531606695027,1531606695096,69,10.10.21.7
disparityBoltSub,140,3,1531606695025,1531606695101,76,10.10.21.7
disparityBoltSub,140,4,1531606695027,1531606695155,128,10.10.21.7
disparityBoltSub,140,5,1531606695029,1531606695100,71,10.10.21.7
disparityBoltSub,140,6,1531606695025,1531606695100,75,10.10.21.6
disparityBoltSub,140,7,1531606695025,1531606695106,81,10.10.21.6
disparityBoltSub,140,8,1531606695030,1531606695102,72,10.10.21.7
disparityBoltSub,140,9,1531606695030,1531606695101,71,10.10.21.7
disparityBoltSub,140,10,1531606695031,1531606695102,71,10.10.21.7
disparityBoltSub,140,11,1531606695029,1531606695101,72,10.10.21.6
disparityBoltSub,140,12,1531606695029,1531606695158,129,10.10.21.6
disparityBoltSub,140,13,1531606695032,1531606695104,72,10.10.21.7
disparityBoltSub,140,14,1531606695033,1531606695162,129,10.10.21.7
disparityBoltSub,140,15,1531606695029,1531606695099,70,10.10.21.6
disparityBoltSub,140,16,1531606695031,1531606695161,130,10.10.21.6
disparityBoltSub,140,17,1531606695030,1531606695107,77,10.10.21.6
disparityBoltSub,140,18,1531606695030,1531606695102,72,10.10.21.6
disparityBoltSub,140,19,1531606695030,1531606695112,82,10.10.21.6
disparityBoltSub,140,20,1531606695031,1531606695113,82,10.10.21.6
disparityBoltSub,140,21,1531606695031,1531606695103,72,10.10.21.6
disparityBoltSub,140,22,1531606695034,1531606695112,78,10.10.21.7
disparityBoltSub,140,23,1531606695034,1531606695105,71,10.10.21.7
disparityBoltSub,140,24,1531606695036,1531606695106,70,10.10.21.7
disparityBoltSub,140,25,1531606695036,1531606695109,73,10.10.21.7
disparityBoltSub,140,26,1531606695044,1531606695117,73,10.10.21.7
disparityBoltSub,140,27,1531606695035,1531606695119,84,10.10.21.6
disparityBoltSub,140,28,1531606695037,1531606695114,77,10.10.21.6
disparityBoltSub,140,29,1531606695045,1531606695115,70,10.10.21.7
disparityBoltSub,140,30,1531606695046,1531606695118,72,10.10.21.7
disparityBoltSub,140,31,1531606695047,1531606695087,40,10.10.21.7
disparityBolt,140,0,0,0,138,0
mergeBolt,140,0,1531606695163,1531606695178,15,10.10.21.6
reprojectionBolt,140,0,1531606695178,1531606695218,40,null
overall,140,0,1531606694936,1531606695218,282,0
videoSpout,141,0,1531606695441,1531606695444,3,10.10.21.7
rectificationBolt,141,0,1531606695465,1531606695495,30,10.10.21.6
partitionBolt,141,0,1531606695495,1531606695528,33,10.10.21.6
disparityBoltSub,141,0,1531606695529,1531606695574,45,10.10.21.6
disparityBoltSub,141,1,1531606695533,1531606695604,71,10.10.21.7
disparityBoltSub,141,2,1531606695532,1531606695663,131,10.10.21.6
disparityBoltSub,141,3,1531606695533,1531606695606,73,10.10.21.6
disparityBoltSub,141,4,1531606695531,1531606695602,71,10.10.21.6
disparityBoltSub,141,5,1531606695534,1531606695658,124,10.10.21.6
disparityBoltSub,141,6,1531606695534,1531606695668,134,10.10.21.7
disparityBoltSub,141,7,1531606695535,1531606695605,70,10.10.21.6
disparityBoltSub,141,8,1531606695536,1531606695666,130,10.10.21.6
disparityBoltSub,141,9,1531606695536,1531606695607,71,10.10.21.7
disparityBoltSub,141,10,1531606695537,1531606695607,70,10.10.21.6
disparityBoltSub,141,11,1531606695537,1531606695609,72,10.10.21.7
disparityBoltSub,141,12,1531606695538,1531606695661,123,10.10.21.6
disparityBoltSub,141,13,1531606695535,1531606695659,124,10.10.21.6
disparityBoltSub,141,14,1531606695539,1531606695607,68,10.10.21.7
disparityBoltSub,141,15,1531606695540,1531606695672,132,10.10.21.7
disparityBoltSub,141,16,1531606695539,1531606695610,71,10.10.21.6
disparityBoltSub,141,17,1531606695540,1531606695625,85,10.10.21.6
disparityBoltSub,141,18,1531606695538,1531606695615,77,10.10.21.6
disparityBoltSub,141,19,1531606695542,1531606695663,121,10.10.21.6
disparityBoltSub,141,20,1531606695542,1531606695614,72,10.10.21.7
disparityBoltSub,141,21,1531606695545,1531606695613,68,10.10.21.7
disparityBoltSub,141,22,1531606695544,1531606695619,75,10.10.21.7
disparityBoltSub,141,23,1531606695541,1531606695620,79,10.10.21.6
disparityBoltSub,141,24,1531606695545,1531606695620,75,10.10.21.6
disparityBoltSub,141,25,1531606695545,1531606695664,119,10.10.21.6
disparityBoltSub,141,26,1531606695546,1531606695616,70,10.10.21.7
disparityBoltSub,141,27,1531606695545,1531606695615,70,10.10.21.6
disparityBoltSub,141,28,1531606695544,1531606695622,78,10.10.21.6
disparityBoltSub,141,29,1531606695546,1531606695669,123,10.10.21.6
disparityBoltSub,141,30,1531606695547,1531606695616,69,10.10.21.7
disparityBoltSub,141,31,1531606695545,1531606695585,40,10.10.21.6
disparityBolt,141,0,0,0,143,0
mergeBolt,141,0,1531606695674,1531606695689,15,10.10.21.6
reprojectionBolt,141,0,1531606695689,1531606695729,40,null
overall,141,0,1531606695441,1531606695729,288,0
videoSpout,142,0,1531606695945,1531606695949,4,10.10.21.7
rectificationBolt,142,0,1531606695967,1531606695998,31,10.10.21.6
partitionBolt,142,0,1531606695998,1531606696039,41,10.10.21.6
disparityBoltSub,142,0,1531606696043,1531606696088,45,10.10.21.7
disparityBoltSub,142,1,1531606696040,1531606696114,74,10.10.21.6
disparityBoltSub,142,2,1531606696044,1531606696115,71,10.10.21.7
disparityBoltSub,142,3,1531606696044,1531606696115,71,10.10.21.7
disparityBoltSub,142,4,1531606696044,1531606696117,73,10.10.21.6
disparityBoltSub,142,5,1531606696045,1531606696119,74,10.10.21.7
disparityBoltSub,142,6,1531606696046,1531606696117,71,10.10.21.7
disparityBoltSub,142,7,1531606696045,1531606696118,73,10.10.21.6
disparityBoltSub,142,8,1531606696048,1531606696123,75,10.10.21.7
disparityBoltSub,142,9,1531606696047,1531606696119,72,10.10.21.6
disparityBoltSub,142,10,1531606696049,1531606696121,72,10.10.21.7
disparityBoltSub,142,11,1531606696048,1531606696117,69,10.10.21.6
disparityBoltSub,142,12,1531606696049,1531606696121,72,10.10.21.7
disparityBoltSub,142,13,1531606696051,1531606696124,73,10.10.21.7
disparityBoltSub,142,14,1531606696049,1531606696122,73,10.10.21.6
disparityBoltSub,142,15,1531606696050,1531606696180,130,10.10.21.6
disparityBoltSub,142,16,1531606696049,1531606696122,73,10.10.21.6
disparityBoltSub,142,17,1531606696049,1531606696121,72,10.10.21.6
disparityBoltSub,142,18,1531606696050,1531606696183,133,10.10.21.6
disparityBoltSub,142,19,1531606696050,1531606696125,75,10.10.21.6
disparityBoltSub,142,20,1531606696051,1531606696132,81,10.10.21.6
disparityBoltSub,142,21,1531606696050,1531606696176,126,10.10.21.6
disparityBoltSub,142,22,1531606696053,1531606696128,75,10.10.21.7
disparityBoltSub,142,23,1531606696054,1531606696126,72,10.10.21.7
disparityBoltSub,142,24,1531606696052,1531606696175,123,10.10.21.6
disparityBoltSub,142,25,1531606696059,1531606696130,71,10.10.21.6
disparityBoltSub,142,26,1531606696059,1531606696133,74,10.10.21.7
disparityBoltSub,142,27,1531606696057,1531606696130,73,10.10.21.7
disparityBoltSub,142,28,1531606696060,1531606696129,69,10.10.21.7
disparityBoltSub,142,29,1531606696059,1531606696131,72,10.10.21.6
disparityBoltSub,142,30,1531606696063,1531606696174,111,10.10.21.7
disparityBoltSub,142,31,1531606696061,1531606696140,79,10.10.21.7
disparityBolt,142,0,0,0,143,0
mergeBolt,142,0,1531606696183,1531606696198,15,10.10.21.6
reprojectionBolt,142,0,1531606696198,1531606696236,38,null
overall,142,0,1531606695945,1531606696236,291,0
videoSpout,143,0,1531606696449,1531606696453,4,10.10.21.7
rectificationBolt,143,0,1531606696472,1531606696498,26,10.10.21.6
partitionBolt,143,0,1531606696498,1531606696540,42,10.10.21.6
disparityBoltSub,143,0,1531606696543,1531606696589,46,10.10.21.7
disparityBoltSub,143,1,1531606696541,1531606696624,83,10.10.21.6
disparityBoltSub,143,2,1531606696541,1531606696613,72,10.10.21.6
disparityBoltSub,143,3,1531606696545,1531606696620,75,10.10.21.7
disparityBoltSub,143,4,1531606696542,1531606696611,69,10.10.21.6
disparityBoltSub,143,5,1531606696546,1531606696619,73,10.10.21.6
disparityBoltSub,143,6,1531606696545,1531606696624,79,10.10.21.6
disparityBoltSub,143,7,1531606696546,1531606696648,102,10.10.21.7
disparityBoltSub,143,8,1531606696548,1531606696620,72,10.10.21.7
disparityBoltSub,143,9,1531606696547,1531606696616,69,10.10.21.6
disparityBoltSub,143,10,1531606696550,1531606696624,74,10.10.21.7
disparityBoltSub,143,11,1531606696549,1531606696626,77,10.10.21.6
disparityBoltSub,143,12,1531606696550,1531606696627,77,10.10.21.7
disparityBoltSub,143,13,1531606696549,1531606696620,71,10.10.21.6
disparityBoltSub,143,14,1531606696550,1531606696623,73,10.10.21.6
disparityBoltSub,143,15,1531606696552,1531606696624,72,10.10.21.6
disparityBoltSub,143,16,1531606696550,1531606696620,70,10.10.21.6
disparityBoltSub,143,17,1531606696552,1531606696629,77,10.10.21.6
disparityBoltSub,143,18,1531606696554,1531606696626,72,10.10.21.6
disparityBoltSub,143,19,1531606696554,1531606696630,76,10.10.21.6
disparityBoltSub,143,20,1531606696551,1531606696626,75,10.10.21.6
disparityBoltSub,143,21,1531606696554,1531606696630,76,10.10.21.7
disparityBoltSub,143,22,1531606696552,1531606696623,71,10.10.21.6
disparityBoltSub,143,23,1531606696555,1531606696629,74,10.10.21.6
disparityBoltSub,143,24,1531606696553,1531606696623,70,10.10.21.6
disparityBoltSub,143,25,1531606696556,1531606696629,73,10.10.21.7
disparityBoltSub,143,26,1531606696559,1531606696627,68,10.10.21.7
disparityBoltSub,143,27,1531606696557,1531606696656,99,10.10.21.7
disparityBoltSub,143,28,1531606696560,1531606696632,72,10.10.21.7
disparityBoltSub,143,29,1531606696558,1531606696631,73,10.10.21.6
disparityBoltSub,143,30,1531606696558,1531606696629,71,10.10.21.6
disparityBoltSub,143,31,1531606696557,1531606696597,40,10.10.21.6
disparityBolt,143,0,0,0,115,0
mergeBolt,143,0,1531606696657,1531606696672,15,10.10.21.6
reprojectionBolt,143,0,1531606696672,1531606696712,40,null
overall,143,0,1531606696449,1531606696712,263,0
videoSpout,144,0,1531606696953,1531606696957,4,10.10.21.7
rectificationBolt,144,0,1531606696976,1531606697009,33,10.10.21.6
partitionBolt,144,0,1531606697009,1531606697061,52,10.10.21.6
disparityBoltSub,144,0,1531606697066,1531606697111,45,10.10.21.7
disparityBoltSub,144,1,1531606697063,1531606697138,75,10.10.21.6
disparityBoltSub,144,2,1531606697066,1531606697139,73,10.10.21.7
disparityBoltSub,144,3,1531606697068,1531606697142,74,10.10.21.7
disparityBoltSub,144,4,1531606697068,1531606697139,71,10.10.21.7
disparityBoltSub,144,5,1531606697065,1531606697139,74,10.10.21.6
disparityBoltSub,144,6,1531606697069,1531606697139,70,10.10.21.7
disparityBoltSub,144,7,1531606697071,1531606697142,71,10.10.21.7
disparityBoltSub,144,8,1531606697070,1531606697144,74,10.10.21.7
disparityBoltSub,144,9,1531606697072,1531606697141,69,10.10.21.7
disparityBoltSub,144,10,1531606697069,1531606697198,129,10.10.21.6
disparityBoltSub,144,11,1531606697070,1531606697144,74,10.10.21.6
disparityBoltSub,144,12,1531606697071,1531606697141,70,10.10.21.6
disparityBoltSub,144,13,1531606697069,1531606697197,128,10.10.21.6
disparityBoltSub,144,14,1531606697072,1531606697142,70,10.10.21.6
disparityBoltSub,144,15,1531606697072,1531606697142,70,10.10.21.6
disparityBoltSub,144,16,1531606697073,1531606697145,72,10.10.21.7
disparityBoltSub,144,17,1531606697073,1531606697147,74,10.10.21.6
disparityBoltSub,144,18,1531606697071,1531606697144,73,10.10.21.6
disparityBoltSub,144,19,1531606697074,1531606697148,74,10.10.21.6
disparityBoltSub,144,20,1531606697072,1531606697145,73,10.10.21.6
disparityBoltSub,144,21,1531606697073,1531606697150,77,10.10.21.6
disparityBoltSub,144,22,1531606697075,1531606697151,76,10.10.21.6
disparityBoltSub,144,23,1531606697076,1531606697148,72,10.10.21.6
disparityBoltSub,144,24,1531606697077,1531606697148,71,10.10.21.6
disparityBoltSub,144,25,1531606697075,1531606697179,104,10.10.21.6
disparityBoltSub,144,26,1531606697075,1531606697147,72,10.10.21.6
disparityBoltSub,144,27,1531606697078,1531606697148,70,10.10.21.6
disparityBoltSub,144,28,1531606697079,1531606697149,70,10.10.21.7
disparityBoltSub,144,29,1531606697079,1531606697185,106,10.10.21.6
disparityBoltSub,144,30,1531606697077,1531606697147,70,10.10.21.6
disparityBoltSub,144,31,1531606697080,1531606697121,41,10.10.21.7
disparityBolt,144,0,0,0,135,0
mergeBolt,144,0,1531606697199,1531606697214,15,10.10.21.6
reprojectionBolt,144,0,1531606697214,1531606697251,37,null
overall,144,0,1531606696953,1531606697251,298,0
videoSpout,145,0,1531606697457,1531606697461,4,10.10.21.7
rectificationBolt,145,0,1531606697481,1531606697511,30,10.10.21.6
partitionBolt,145,0,1531606697511,1531606697539,28,10.10.21.6
disparityBoltSub,145,0,1531606697540,1531606697581,41,10.10.21.6
disparityBoltSub,145,1,1531606697543,1531606697616,73,10.10.21.7
disparityBoltSub,145,2,1531606697543,1531606697616,73,10.10.21.6
disparityBoltSub,145,3,1531606697544,1531606697623,79,10.10.21.7
disparityBoltSub,145,4,1531606697545,1531606697676,131,10.10.21.7
disparityBoltSub,145,5,1531606697545,1531606697616,71,10.10.21.6
disparityBoltSub,145,6,1531606697543,1531606697612,69,10.10.21.6
disparityBoltSub,145,7,1531606697546,1531606697635,89,10.10.21.6
disparityBoltSub,145,8,1531606697545,1531606697645,100,10.10.21.6
disparityBoltSub,145,9,1531606697547,1531606697677,130,10.10.21.7
disparityBoltSub,145,10,1531606697547,1531606697619,72,10.10.21.7
disparityBoltSub,145,11,1531606697548,1531606697617,69,10.10.21.6
disparityBoltSub,145,12,1531606697548,1531606697635,87,10.10.21.6
disparityBoltSub,145,13,1531606697549,1531606697620,71,10.10.21.6
disparityBoltSub,145,14,1531606697549,1531606697623,74,10.10.21.7
disparityBoltSub,145,15,1531606697550,1531606697657,107,10.10.21.6
disparityBoltSub,145,16,1531606697548,1531606697649,101,10.10.21.6
disparityBoltSub,145,17,1531606697548,1531606697627,79,10.10.21.6
disparityBoltSub,145,18,1531606697550,1531606697622,72,10.10.21.6
disparityBoltSub,145,19,1531606697548,1531606697621,73,10.10.21.6
disparityBoltSub,145,20,1531606697551,1531606697626,75,10.10.21.7
disparityBoltSub,145,21,1531606697550,1531606697663,113,10.10.21.6
disparityBoltSub,145,22,1531606697556,1531606697631,75,10.10.21.7
disparityBoltSub,145,23,1531606697554,1531606697628,74,10.10.21.7
disparityBoltSub,145,24,1531606697558,1531606697633,75,10.10.21.7
disparityBoltSub,145,25,1531606697557,1531606697630,73,10.10.21.7
disparityBoltSub,145,26,1531606697556,1531606697630,74,10.10.21.7
disparityBoltSub,145,27,1531606697555,1531606697627,72,10.10.21.7
disparityBoltSub,145,28,1531606697555,1531606697624,69,10.10.21.6
disparityBoltSub,145,29,1531606697560,1531606697631,71,10.10.21.7
disparityBoltSub,145,30,1531606697561,1531606697631,70,10.10.21.7
disparityBoltSub,145,31,1531606697562,1531606697606,44,10.10.21.7
disparityBolt,145,0,0,0,137,0
mergeBolt,145,0,1531606697678,1531606697694,16,10.10.21.6
reprojectionBolt,145,0,1531606697694,1531606697734,40,null
overall,145,0,1531606697457,1531606697734,277,0
videoSpout,146,0,1531606697961,1531606697965,4,10.10.21.7
rectificationBolt,146,0,1531606697986,1531606698015,29,10.10.21.6
partitionBolt,146,0,1531606698015,1531606698042,27,10.10.21.6
disparityBoltSub,146,0,1531606698044,1531606698091,47,10.10.21.6
disparityBoltSub,146,1,1531606698043,1531606698115,72,10.10.21.6
disparityBoltSub,146,2,1531606698043,1531606698119,76,10.10.21.6
disparityBoltSub,146,3,1531606698046,1531606698118,72,10.10.21.6
disparityBoltSub,146,4,1531606698048,1531606698122,74,10.10.21.7
disparityBoltSub,146,5,1531606698046,1531606698122,76,10.10.21.6
disparityBoltSub,146,6,1531606698050,1531606698148,98,10.10.21.7
disparityBoltSub,146,7,1531606698049,1531606698131,82,10.10.21.7
disparityBoltSub,146,8,1531606698048,1531606698121,73,10.10.21.6
disparityBoltSub,146,9,1531606698046,1531606698122,76,10.10.21.6
disparityBoltSub,146,10,1531606698050,1531606698151,101,10.10.21.7
disparityBoltSub,146,11,1531606698051,1531606698124,73,10.10.21.7
disparityBoltSub,146,12,1531606698048,1531606698119,71,10.10.21.6
disparityBoltSub,146,13,1531606698053,1531606698131,78,10.10.21.7
disparityBoltSub,146,14,1531606698052,1531606698131,79,10.10.21.7
disparityBoltSub,146,15,1531606698053,1531606698182,129,10.10.21.6
disparityBoltSub,146,16,1531606698052,1531606698132,80,10.10.21.6
disparityBoltSub,146,17,1531606698056,1531606698134,78,10.10.21.7
disparityBoltSub,146,18,1531606698054,1531606698130,76,10.10.21.7
disparityBoltSub,146,19,1531606698056,1531606698131,75,10.10.21.7
disparityBoltSub,146,20,1531606698054,1531606698133,79,10.10.21.6
disparityBoltSub,146,21,1531606698057,1531606698132,75,10.10.21.7
disparityBoltSub,146,22,1531606698059,1531606698135,76,10.10.21.7
disparityBoltSub,146,23,1531606698054,1531606698128,74,10.10.21.6
disparityBoltSub,146,24,1531606698056,1531606698175,119,10.10.21.6
disparityBoltSub,146,25,1531606698059,1531606698185,126,10.10.21.6
disparityBoltSub,146,26,1531606698057,1531606698185,128,10.10.21.6
disparityBoltSub,146,27,1531606698059,1531606698135,76,10.10.21.7
disparityBoltSub,146,28,1531606698057,1531606698140,83,10.10.21.6
disparityBoltSub,146,29,1531606698060,1531606698134,74,10.10.21.6
disparityBoltSub,146,30,1531606698061,1531606698136,75,10.10.21.7
disparityBoltSub,146,31,1531606698060,1531606698103,43,10.10.21.7
disparityBolt,146,0,0,0,142,0
mergeBolt,146,0,1531606698186,1531606698202,16,10.10.21.6
reprojectionBolt,146,0,1531606698201,1531606698241,40,null
overall,146,0,1531606697961,1531606698241,280,0
videoSpout,147,0,1531606698466,1531606698470,4,10.10.21.7
rectificationBolt,147,0,1531606698489,1531606698518,29,10.10.21.6
partitionBolt,147,0,1531606698518,1531606698543,25,10.10.21.6
disparityBoltSub,147,0,1531606698544,1531606698589,45,10.10.21.6
disparityBoltSub,147,1,1531606698548,1531606698635,87,10.10.21.7
disparityBoltSub,147,2,1531606698547,1531606698619,72,10.10.21.6
disparityBoltSub,147,3,1531606698549,1531606698621,72,10.10.21.7
disparityBoltSub,147,4,1531606698547,1531606698621,74,10.10.21.6
disparityBoltSub,147,5,1531606698549,1531606698622,73,10.10.21.6
disparityBoltSub,147,6,1531606698549,1531606698622,73,10.10.21.7
disparityBoltSub,147,7,1531606698552,1531606698636,84,10.10.21.7
disparityBoltSub,147,8,1531606698548,1531606698621,73,10.10.21.6
disparityBoltSub,147,9,1531606698550,1531606698622,72,10.10.21.6
disparityBoltSub,147,10,1531606698552,1531606698638,86,10.10.21.6
disparityBoltSub,147,11,1531606698552,1531606698624,72,10.10.21.7
disparityBoltSub,147,12,1531606698552,1531606698642,90,10.10.21.6
disparityBoltSub,147,13,1531606698550,1531606698622,72,10.10.21.6
disparityBoltSub,147,14,1531606698569,1531606698640,71,10.10.21.6
disparityBoltSub,147,15,1531606698568,1531606698637,69,10.10.21.6
disparityBoltSub,147,16,1531606698555,1531606698626,71,10.10.21.7
disparityBoltSub,147,17,1531606698555,1531606698629,74,10.10.21.7
disparityBoltSub,147,18,1531606698552,1531606698630,78,10.10.21.6
disparityBoltSub,147,19,1531606698570,1531606698645,75,10.10.21.6
disparityBoltSub,147,20,1531606698571,1531606698647,76,10.10.21.6
disparityBoltSub,147,21,1531606698554,1531606698635,81,10.10.21.6
disparityBoltSub,147,22,1531606698564,1531606698638,74,10.10.21.6
disparityBoltSub,147,23,1531606698560,1531606698633,73,10.10.21.7
disparityBoltSub,147,24,1531606698558,1531606698633,75,10.10.21.7
disparityBoltSub,147,25,1531606698571,1531606698642,71,10.10.21.6
disparityBoltSub,147,26,1531606698572,1531606698646,74,10.10.21.6
disparityBoltSub,147,27,1531606698560,1531606698630,70,10.10.21.7
disparityBoltSub,147,28,1531606698573,1531606698645,72,10.10.21.6
disparityBoltSub,147,29,1531606698562,1531606698633,71,10.10.21.7
disparityBoltSub,147,30,1531606698575,1531606698644,69,10.10.21.6
disparityBoltSub,147,31,1531606698574,1531606698616,42,10.10.21.6
disparityBolt,147,0,0,0,103,0
mergeBolt,147,0,1531606698648,1531606698663,15,10.10.21.6
reprojectionBolt,147,0,1531606698663,1531606698702,39,null
overall,147,0,1531606698466,1531606698702,236,0
videoSpout,148,0,1531606698970,1531606698975,5,10.10.21.7
rectificationBolt,148,0,1531606698996,1531606699028,32,10.10.21.6
partitionBolt,148,0,1531606699028,1531606699066,38,10.10.21.6
disparityBoltSub,148,0,1531606699068,1531606699109,41,10.10.21.7
disparityBoltSub,148,1,1531606699068,1531606699146,78,10.10.21.6
disparityBoltSub,148,2,1531606699071,1531606699141,70,10.10.21.7
disparityBoltSub,148,3,1531606699071,1531606699145,74,10.10.21.6
disparityBoltSub,148,4,1531606699072,1531606699145,73,10.10.21.7
disparityBoltSub,148,5,1531606699074,1531606699205,131,10.10.21.7
disparityBoltSub,148,6,1531606699070,1531606699143,73,10.10.21.6
disparityBoltSub,148,7,1531606699075,1531606699206,131,10.10.21.7
disparityBoltSub,148,8,1531606699073,1531606699145,72,10.10.21.6
disparityBoltSub,148,9,1531606699075,1531606699143,68,10.10.21.7
disparityBoltSub,148,10,1531606699076,1531606699147,71,10.10.21.6
disparityBoltSub,148,11,1531606699075,1531606699147,72,10.10.21.6
disparityBoltSub,148,12,1531606699073,1531606699145,72,10.10.21.6
disparityBoltSub,148,13,1531606699079,1531606699149,70,10.10.21.7
disparityBoltSub,148,14,1531606699077,1531606699147,70,10.10.21.7
disparityBoltSub,148,15,1531606699077,1531606699149,72,10.10.21.6
disparityBoltSub,148,16,1531606699078,1531606699151,73,10.10.21.7
disparityBoltSub,148,17,1531606699079,1531606699152,73,10.10.21.7
disparityBoltSub,148,18,1531606699082,1531606699155,73,10.10.21.7
disparityBoltSub,148,19,1531606699080,1531606699152,72,10.10.21.7
disparityBoltSub,148,20,1531606699081,1531606699156,75,10.10.21.6
disparityBoltSub,148,21,1531606699084,1531606699217,133,10.10.21.7
disparityBoltSub,148,22,1531606699086,1531606699161,75,10.10.21.7
disparityBoltSub,148,23,1531606699080,1531606699154,74,10.10.21.6
disparityBoltSub,148,24,1531606699087,1531606699159,72,10.10.21.7
disparityBoltSub,148,25,1531606699080,1531606699153,73,10.10.21.6
disparityBoltSub,148,26,1531606699088,1531606699158,70,10.10.21.7
disparityBoltSub,148,27,1531606699084,1531606699162,78,10.10.21.6
disparityBoltSub,148,28,1531606699089,1531606699218,129,10.10.21.7
disparityBoltSub,148,29,1531606699085,1531606699155,70,10.10.21.7
disparityBoltSub,148,30,1531606699083,1531606699155,72,10.10.21.6
disparityBoltSub,148,31,1531606699083,1531606699124,41,10.10.21.6
disparityBolt,148,0,0,0,150,0
mergeBolt,148,0,1531606699220,1531606699234,14,10.10.21.6
reprojectionBolt,148,0,1531606699234,1531606699275,41,null
overall,148,0,1531606698970,1531606699275,305,0
videoSpout,149,0,1531606699475,1531606699479,4,10.10.21.7
rectificationBolt,149,0,1531606699503,1531606699533,30,10.10.21.6
partitionBolt,149,0,1531606699533,1531606699553,20,10.10.21.6
disparityBoltSub,149,0,1531606699587,1531606699629,42,10.10.21.7
disparityBoltSub,149,1,1531606699586,1531606699666,80,10.10.21.6
disparityBoltSub,149,2,1531606699588,1531606699661,73,10.10.21.7
disparityBoltSub,149,3,1531606699584,1531606699659,75,10.10.21.6
disparityBoltSub,149,4,1531606699584,1531606699663,79,10.10.21.6
disparityBoltSub,149,5,1531606699589,1531606699660,71,10.10.21.7
disparityBoltSub,149,6,1531606699585,1531606699665,80,10.10.21.6
disparityBoltSub,149,7,1531606699586,1531606699658,72,10.10.21.6
disparityBoltSub,149,8,1531606699588,1531606699663,75,10.10.21.6
disparityBoltSub,149,9,1531606699590,1531606699672,82,10.10.21.6
disparityBoltSub,149,10,1531606699589,1531606699662,73,10.10.21.7
disparityBoltSub,149,11,1531606699591,1531606699662,71,10.10.21.7
disparityBoltSub,149,12,1531606699590,1531606699663,73,10.10.21.6
disparityBoltSub,149,13,1531606699593,1531606699664,71,10.10.21.7
disparityBoltSub,149,14,1531606699593,1531606699663,70,10.10.21.7
disparityBoltSub,149,15,1531606699595,1531606699665,70,10.10.21.7
disparityBoltSub,149,16,1531606699590,1531606699662,72,10.10.21.6
disparityBoltSub,149,17,1531606699596,1531606699669,73,10.10.21.7
disparityBoltSub,149,18,1531606699593,1531606699670,77,10.10.21.6
disparityBoltSub,149,19,1531606699594,1531606699678,84,10.10.21.6
disparityBoltSub,149,20,1531606699597,1531606699670,73,10.10.21.7
disparityBoltSub,149,21,1531606699599,1531606699672,73,10.10.21.7
disparityBoltSub,149,22,1531606699595,1531606699673,78,10.10.21.6
disparityBoltSub,149,23,1531606699598,1531606699685,87,10.10.21.6
disparityBoltSub,149,24,1531606699597,1531606699668,71,10.10.21.6
disparityBoltSub,149,25,1531606699599,1531606699672,73,10.10.21.6
disparityBoltSub,149,26,1531606699598,1531606699674,76,10.10.21.6
disparityBoltSub,149,27,1531606699599,1531606699686,87,10.10.21.6
disparityBoltSub,149,28,1531606699599,1531606699669,70,10.10.21.7
disparityBoltSub,149,29,1531606699597,1531606699670,73,10.10.21.6
disparityBoltSub,149,30,1531606699598,1531606699669,71,10.10.21.6
disparityBoltSub,149,31,1531606699600,1531606699641,41,10.10.21.7
disparityBolt,149,0,0,0,102,0
mergeBolt,149,0,1531606699687,1531606699702,15,10.10.21.6
reprojectionBolt,149,0,1531606699702,1531606699742,40,null
overall,149,0,1531606699475,1531606699742,267,0
videoSpout,150,0,1531606699979,1531606699984,5,10.10.21.7
rectificationBolt,150,0,1531606700004,1531606700027,23,10.10.21.6
partitionBolt,150,0,1531606700027,1531606700043,16,10.10.21.6
disparityBoltSub,150,0,1531606700047,1531606700092,45,10.10.21.7
disparityBoltSub,150,1,1531606700049,1531606700121,72,10.10.21.7
disparityBoltSub,150,2,1531606700073,1531606700144,71,10.10.21.7
disparityBoltSub,150,3,1531606700049,1531606700123,74,10.10.21.6
disparityBoltSub,150,4,1531606700049,1531606700122,73,10.10.21.6
disparityBoltSub,150,5,1531606700077,1531606700147,70,10.10.21.7
disparityBoltSub,150,6,1531606700075,1531606700146,71,10.10.21.7
disparityBoltSub,150,7,1531606700074,1531606700145,71,10.10.21.6
disparityBoltSub,150,8,1531606700072,1531606700149,77,10.10.21.6
disparityBoltSub,150,9,1531606700078,1531606700147,69,10.10.21.7
disparityBoltSub,150,10,1531606700080,1531606700151,71,10.10.21.7
disparityBoltSub,150,11,1531606700081,1531606700151,70,10.10.21.7
disparityBoltSub,150,12,1531606700073,1531606700149,76,10.10.21.6
disparityBoltSub,150,13,1531606700076,1531606700146,70,10.10.21.6
disparityBoltSub,150,14,1531606700077,1531606700156,79,10.10.21.6
disparityBoltSub,150,15,1531606700076,1531606700153,77,10.10.21.6
disparityBoltSub,150,16,1531606700075,1531606700149,74,10.10.21.6
disparityBoltSub,150,17,1531606700078,1531606700153,75,10.10.21.6
disparityBoltSub,150,18,1531606700076,1531606700152,76,10.10.21.6
disparityBoltSub,150,19,1531606700079,1531606700154,75,10.10.21.7
disparityBoltSub,150,20,1531606700083,1531606700157,74,10.10.21.7
disparityBoltSub,150,21,1531606700084,1531606700158,74,10.10.21.7
disparityBoltSub,150,22,1531606700078,1531606700154,76,10.10.21.6
disparityBoltSub,150,23,1531606700081,1531606700152,71,10.10.21.7
disparityBoltSub,150,24,1531606700083,1531606700152,69,10.10.21.7
disparityBoltSub,150,25,1531606700085,1531606700156,71,10.10.21.7
disparityBoltSub,150,26,1531606700087,1531606700156,69,10.10.21.7
disparityBoltSub,150,27,1531606700086,1531606700182,96,10.10.21.7
disparityBoltSub,150,28,1531606700090,1531606700160,70,10.10.21.7
disparityBoltSub,150,29,1531606700082,1531606700157,75,10.10.21.6
disparityBoltSub,150,30,1531606700088,1531606700183,95,10.10.21.7
disparityBoltSub,150,31,1531606700084,1531606700124,40,10.10.21.6
disparityBolt,150,0,0,0,136,0
mergeBolt,150,0,1531606700184,1531606700199,15,10.10.21.6
reprojectionBolt,150,0,1531606700199,1531606700240,41,null
overall,150,0,1531606699979,1531606700240,261,0
videoSpout,151,0,1531606700484,1531606700489,5,10.10.21.7
rectificationBolt,151,0,1531606700509,1531606700539,30,10.10.21.6
partitionBolt,151,0,1531606700539,1531606700558,19,10.10.21.6
disparityBoltSub,151,0,1531606700560,1531606700610,50,10.10.21.6
disparityBoltSub,151,1,1531606700563,1531606700634,71,10.10.21.7
disparityBoltSub,151,2,1531606700560,1531606700636,76,10.10.21.6
disparityBoltSub,151,3,1531606700561,1531606700682,121,10.10.21.6
disparityBoltSub,151,4,1531606700560,1531606700683,123,10.10.21.6
disparityBoltSub,151,5,1531606700564,1531606700635,71,10.10.21.7
disparityBoltSub,151,6,1531606700563,1531606700640,77,10.10.21.6
disparityBoltSub,151,7,1531606700565,1531606700639,74,10.10.21.7
disparityBoltSub,151,8,1531606700574,1531606700661,87,10.10.21.7
disparityBoltSub,151,9,1531606700575,1531606700661,86,10.10.21.7
disparityBoltSub,151,10,1531606700576,1531606700684,108,10.10.21.7
disparityBoltSub,151,11,1531606700564,1531606700637,73,10.10.21.6
disparityBoltSub,151,12,1531606700578,1531606700649,71,10.10.21.7
disparityBoltSub,151,13,1531606700574,1531606700645,71,10.10.21.7
disparityBoltSub,151,14,1531606700576,1531606700648,72,10.10.21.7
disparityBoltSub,151,15,1531606700575,1531606700655,80,10.10.21.6
disparityBoltSub,151,16,1531606700576,1531606700653,77,10.10.21.6
disparityBoltSub,151,17,1531606700580,1531606700655,75,10.10.21.7
disparityBoltSub,151,18,1531606700578,1531606700666,88,10.10.21.6
disparityBoltSub,151,19,1531606700577,1531606700652,75,10.10.21.7
disparityBoltSub,151,20,1531606700584,1531606700661,77,10.10.21.7
disparityBoltSub,151,21,1531606700582,1531606700657,75,10.10.21.7
disparityBoltSub,151,22,1531606700585,1531606700661,76,10.10.21.7
disparityBoltSub,151,23,1531606700577,1531606700652,75,10.10.21.6
disparityBoltSub,151,24,1531606700586,1531606700695,109,10.10.21.7
disparityBoltSub,151,25,1531606700582,1531606700654,72,10.10.21.7
disparityBoltSub,151,26,1531606700582,1531606700653,71,10.10.21.6
disparityBoltSub,151,27,1531606700582,1531606700655,73,10.10.21.6
disparityBoltSub,151,28,1531606700587,1531606700661,74,10.10.21.7
disparityBoltSub,151,29,1531606700583,1531606700655,72,10.10.21.6
disparityBoltSub,151,30,1531606700581,1531606700657,76,10.10.21.6
disparityBoltSub,151,31,1531606700584,1531606700625,41,10.10.21.7
disparityBolt,151,0,0,0,135,0
mergeBolt,151,0,1531606700696,1531606700711,15,10.10.21.6
reprojectionBolt,151,0,1531606700711,1531606700750,39,null
overall,151,0,1531606700484,1531606700750,266,0
videoSpout,152,0,1531606700989,1531606700993,4,10.10.21.7
rectificationBolt,152,0,1531606701011,1531606701040,29,10.10.21.6
partitionBolt,152,0,1531606701040,1531606701058,18,10.10.21.6
disparityBoltSub,152,0,1531606701061,1531606701105,44,10.10.21.7
disparityBoltSub,152,1,1531606701063,1531606701134,71,10.10.21.7
disparityBoltSub,152,2,1531606701063,1531606701143,80,10.10.21.6
disparityBoltSub,152,3,1531606701061,1531606701183,122,10.10.21.6
disparityBoltSub,152,4,1531606701063,1531606701133,70,10.10.21.7
disparityBoltSub,152,5,1531606701062,1531606701184,122,10.10.21.6
disparityBoltSub,152,6,1531606701065,1531606701139,74,10.10.21.7
disparityBoltSub,152,7,1531606701064,1531606701137,73,10.10.21.6
disparityBoltSub,152,8,1531606701068,1531606701137,69,10.10.21.7
disparityBoltSub,152,9,1531606701066,1531606701137,71,10.10.21.7
disparityBoltSub,152,10,1531606701069,1531606701141,72,10.10.21.7
disparityBoltSub,152,11,1531606701067,1531606701144,77,10.10.21.6
disparityBoltSub,152,12,1531606701068,1531606701191,123,10.10.21.6
disparityBoltSub,152,13,1531606701071,1531606701141,70,10.10.21.7
disparityBoltSub,152,14,1531606701066,1531606701139,73,10.10.21.6
disparityBoltSub,152,15,1531606701084,1531606701154,70,10.10.21.7
disparityBoltSub,152,16,1531606701068,1531606701149,81,10.10.21.6
disparityBoltSub,152,17,1531606701070,1531606701148,78,10.10.21.6
disparityBoltSub,152,18,1531606701070,1531606701146,76,10.10.21.6
disparityBoltSub,152,19,1531606701086,1531606701160,74,10.10.21.7
disparityBoltSub,152,20,1531606701071,1531606701148,77,10.10.21.6
disparityBoltSub,152,21,1531606701102,1531606701233,131,10.10.21.6
disparityBoltSub,152,22,1531606701082,1531606701210,128,10.10.21.6
disparityBoltSub,152,23,1531606701082,1531606701156,74,10.10.21.6
disparityBoltSub,152,24,1531606701083,1531606701207,124,10.10.21.6
disparityBoltSub,152,25,1531606701086,1531606701158,72,10.10.21.7
disparityBoltSub,152,26,1531606701088,1531606701157,69,10.10.21.7
disparityBoltSub,152,27,1531606701087,1531606701209,122,10.10.21.6
disparityBoltSub,152,28,1531606701084,1531606701154,70,10.10.21.6
disparityBoltSub,152,29,1531606701089,1531606701159,70,10.10.21.7
disparityBoltSub,152,30,1531606701088,1531606701208,120,10.10.21.6
disparityBoltSub,152,31,1531606701086,1531606701133,47,10.10.21.6
disparityBolt,152,0,0,0,172,0
mergeBolt,152,0,1531606701234,1531606701250,16,10.10.21.6
reprojectionBolt,152,0,1531606701250,1531606701289,39,null
overall,152,0,1531606700989,1531606701289,300,0
videoSpout,153,0,1531606701494,1531606701505,11,10.10.21.7
rectificationBolt,153,0,1531606701525,1531606701560,35,10.10.21.6
partitionBolt,153,0,1531606701560,1531606701579,19,10.10.21.6
disparityBoltSub,153,0,1531606701581,1531606701625,44,10.10.21.7
disparityBoltSub,153,1,1531606701583,1531606701658,75,10.10.21.6
disparityBoltSub,153,2,1531606701584,1531606701703,119,10.10.21.6
disparityBoltSub,153,3,1531606701585,1531606701709,124,10.10.21.6
disparityBoltSub,153,4,1531606701582,1531606701702,120,10.10.21.6
disparityBoltSub,153,5,1531606701582,1531606701653,71,10.10.21.6
disparityBoltSub,153,6,1531606701585,1531606701659,74,10.10.21.6
disparityBoltSub,153,7,1531606701583,1531606701654,71,10.10.21.6
disparityBoltSub,153,8,1531606701586,1531606701656,70,10.10.21.7
disparityBoltSub,153,9,1531606701587,1531606701660,73,10.10.21.7
disparityBoltSub,153,10,1531606701589,1531606701657,68,10.10.21.7
disparityBoltSub,153,11,1531606701590,1531606701658,68,10.10.21.7
disparityBoltSub,153,12,1531606701593,1531606701695,102,10.10.21.7
disparityBoltSub,153,13,1531606701585,1531606701660,75,10.10.21.6
disparityBoltSub,153,14,1531606701592,1531606701663,71,10.10.21.7
disparityBoltSub,153,15,1531606701589,1531606701659,70,10.10.21.6
disparityBoltSub,153,16,1531606701595,1531606701665,70,10.10.21.7
disparityBoltSub,153,17,1531606701588,1531606701715,127,10.10.21.6
disparityBoltSub,153,18,1531606701597,1531606701701,104,10.10.21.7
disparityBoltSub,153,19,1531606701598,1531606701671,73,10.10.21.7
disparityBoltSub,153,20,1531606701589,1531606701673,84,10.10.21.6
disparityBoltSub,153,21,1531606701599,1531606701674,75,10.10.21.7
disparityBoltSub,153,22,1531606701590,1531606701717,127,10.10.21.6
disparityBoltSub,153,23,1531606701591,1531606701664,73,10.10.21.6
disparityBoltSub,153,24,1531606701601,1531606701670,69,10.10.21.7
disparityBoltSub,153,25,1531606701593,1531606701666,73,10.10.21.6
disparityBoltSub,153,26,1531606701601,1531606701672,71,10.10.21.7
disparityBoltSub,153,27,1531606701597,1531606701669,72,10.10.21.6
disparityBoltSub,153,28,1531606701597,1531606701724,127,10.10.21.6
disparityBoltSub,153,29,1531606701595,1531606701666,71,10.10.21.6
disparityBoltSub,153,30,1531606701603,1531606701671,68,10.10.21.7
disparityBoltSub,153,31,1531606701594,1531606701645,51,10.10.21.6
disparityBolt,153,0,0,0,143,0
mergeBolt,153,0,1531606701725,1531606701740,15,10.10.21.6
reprojectionBolt,153,0,1531606701740,1531606701781,41,null
overall,153,0,1531606701494,1531606701781,287,0
videoSpout,154,0,1531606702005,1531606702010,5,10.10.21.7
rectificationBolt,154,0,1531606702030,1531606702060,30,10.10.21.6
partitionBolt,154,0,1531606702060,1531606702080,20,10.10.21.6
disparityBoltSub,154,0,1531606702082,1531606702122,40,10.10.21.6
disparityBoltSub,154,1,1531606702085,1531606702154,69,10.10.21.7
disparityBoltSub,154,2,1531606702086,1531606702154,68,10.10.21.7
disparityBoltSub,154,3,1531606702085,1531606702158,73,10.10.21.7
disparityBoltSub,154,4,1531606702087,1531606702158,71,10.10.21.7
disparityBoltSub,154,5,1531606702088,1531606702161,73,10.10.21.7
disparityBoltSub,154,6,1531606702084,1531606702162,78,10.10.21.6
disparityBoltSub,154,7,1531606702084,1531606702165,81,10.10.21.6
disparityBoltSub,154,8,1531606702089,1531606702158,69,10.10.21.7
disparityBoltSub,154,9,1531606702089,1531606702162,73,10.10.21.7
disparityBoltSub,154,10,1531606702091,1531606702207,116,10.10.21.7
disparityBoltSub,154,11,1531606702088,1531606702161,73,10.10.21.6
disparityBoltSub,154,12,1531606702090,1531606702163,73,10.10.21.6
disparityBoltSub,154,13,1531606702091,1531606702188,97,10.10.21.7
disparityBoltSub,154,14,1531606702093,1531606702163,70,10.10.21.7
disparityBoltSub,154,15,1531606702089,1531606702160,71,10.10.21.6
disparityBoltSub,154,16,1531606702091,1531606702170,79,10.10.21.6
disparityBoltSub,154,17,1531606702090,1531606702166,76,10.10.21.6
disparityBoltSub,154,18,1531606702090,1531606702164,74,10.10.21.6
disparityBoltSub,154,19,1531606702090,1531606702180,90,10.10.21.6
disparityBoltSub,154,20,1531606702091,1531606702181,90,10.10.21.6
disparityBoltSub,154,21,1531606702091,1531606702164,73,10.10.21.6
disparityBoltSub,154,22,1531606702095,1531606702172,77,10.10.21.7
disparityBoltSub,154,23,1531606702095,1531606702167,72,10.10.21.7
disparityBoltSub,154,24,1531606702096,1531606702165,69,10.10.21.7
disparityBoltSub,154,25,1531606702098,1531606702167,69,10.10.21.7
disparityBoltSub,154,26,1531606702097,1531606702213,116,10.10.21.7
disparityBoltSub,154,27,1531606702097,1531606702175,78,10.10.21.6
disparityBoltSub,154,28,1531606702097,1531606702171,74,10.10.21.6
disparityBoltSub,154,29,1531606702099,1531606702195,96,10.10.21.7
disparityBoltSub,154,30,1531606702101,1531606702173,72,10.10.21.7
disparityBoltSub,154,31,1531606702102,1531606702143,41,10.10.21.7
disparityBolt,154,0,0,0,131,0
mergeBolt,154,0,1531606702215,1531606702230,15,10.10.21.6
reprojectionBolt,154,0,1531606702230,1531606702271,41,null
overall,154,0,1531606702005,1531606702271,266,0
videoSpout,155,0,1531606702510,1531606702514,4,10.10.21.7
rectificationBolt,155,0,1531606702534,1531606702565,31,10.10.21.6
partitionBolt,155,0,1531606702565,1531606702585,20,10.10.21.6
disparityBoltSub,155,0,1531606702586,1531606702632,46,10.10.21.6
disparityBoltSub,155,1,1531606702590,1531606702664,74,10.10.21.7
disparityBoltSub,155,2,1531606702590,1531606702664,74,10.10.21.6
disparityBoltSub,155,3,1531606702590,1531606702663,73,10.10.21.6
disparityBoltSub,155,4,1531606702588,1531606702661,73,10.10.21.6
disparityBoltSub,155,5,1531606702591,1531606702662,71,10.10.21.6
disparityBoltSub,155,6,1531606702592,1531606702664,72,10.10.21.7
disparityBoltSub,155,7,1531606702592,1531606702698,106,10.10.21.6
disparityBoltSub,155,8,1531606702593,1531606702700,107,10.10.21.6
disparityBoltSub,155,9,1531606702595,1531606702666,71,10.10.21.7
disparityBoltSub,155,10,1531606702594,1531606702698,104,10.10.21.6
disparityBoltSub,155,11,1531606702595,1531606702668,73,10.10.21.7
disparityBoltSub,155,12,1531606702595,1531606702667,72,10.10.21.6
disparityBoltSub,155,13,1531606702594,1531606702663,69,10.10.21.6
disparityBoltSub,155,14,1531606702596,1531606702666,70,10.10.21.7
disparityBoltSub,155,15,1531606702598,1531606702666,68,10.10.21.7
disparityBoltSub,155,16,1531606702598,1531606702671,73,10.10.21.6
disparityBoltSub,155,17,1531606702597,1531606702672,75,10.10.21.6
disparityBoltSub,155,18,1531606702597,1531606702672,75,10.10.21.6
disparityBoltSub,155,19,1531606702599,1531606702677,78,10.10.21.6
disparityBoltSub,155,20,1531606702600,1531606702675,75,10.10.21.7
disparityBoltSub,155,21,1531606702601,1531606702672,71,10.10.21.7
disparityBoltSub,155,22,1531606702602,1531606702675,73,10.10.21.7
disparityBoltSub,155,23,1531606702600,1531606702677,77,10.10.21.6
disparityBoltSub,155,24,1531606702602,1531606702672,70,10.10.21.6
disparityBoltSub,155,25,1531606702603,1531606702675,72,10.10.21.6
disparityBoltSub,155,26,1531606702604,1531606702673,69,10.10.21.7
disparityBoltSub,155,27,1531606702604,1531606702675,71,10.10.21.6
disparityBoltSub,155,28,1531606702601,1531606702711,110,10.10.21.6
disparityBoltSub,155,29,1531606702605,1531606702677,72,10.10.21.6
disparityBoltSub,155,30,1531606702605,1531606702676,71,10.10.21.7
disparityBoltSub,155,31,1531606702603,1531606702645,42,10.10.21.6
disparityBolt,155,0,0,0,125,0
mergeBolt,155,0,1531606702711,1531606702727,16,10.10.21.6
reprojectionBolt,155,0,1531606702727,1531606702775,48,null
overall,155,0,1531606702510,1531606702775,265,0
videoSpout,156,0,1531606703014,1531606703019,5,10.10.21.7
rectificationBolt,156,0,1531606703037,1531606703068,31,10.10.21.6
partitionBolt,156,0,1531606703068,1531606703086,18,10.10.21.6
disparityBoltSub,156,0,1531606703090,1531606703133,43,10.10.21.7
disparityBoltSub,156,1,1531606703087,1531606703162,75,10.10.21.6
disparityBoltSub,156,2,1531606703092,1531606703166,74,10.10.21.7
disparityBoltSub,156,3,1531606703091,1531606703165,74,10.10.21.7
disparityBoltSub,156,4,1531606703091,1531606703166,75,10.10.21.6
disparityBoltSub,156,5,1531606703093,1531606703165,72,10.10.21.7
disparityBoltSub,156,6,1531606703093,1531606703163,70,10.10.21.7
disparityBoltSub,156,7,1531606703092,1531606703172,80,10.10.21.6
disparityBoltSub,156,8,1531606703095,1531606703166,71,10.10.21.7
disparityBoltSub,156,9,1531606703094,1531606703169,75,10.10.21.6
disparityBoltSub,156,10,1531606703097,1531606703185,88,10.10.21.7
disparityBoltSub,156,11,1531606703095,1531606703230,135,10.10.21.6
disparityBoltSub,156,12,1531606703096,1531606703169,73,10.10.21.7
disparityBoltSub,156,13,1531606703098,1531606703172,74,10.10.21.7
disparityBoltSub,156,14,1531606703098,1531606703226,128,10.10.21.6
disparityBoltSub,156,15,1531606703097,1531606703223,126,10.10.21.6
disparityBoltSub,156,16,1531606703096,1531606703168,72,10.10.21.6
disparityBoltSub,156,17,1531606703096,1531606703171,75,10.10.21.6
disparityBoltSub,156,18,1531606703097,1531606703231,134,10.10.21.6
disparityBoltSub,156,19,1531606703097,1531606703170,73,10.10.21.6
disparityBoltSub,156,20,1531606703098,1531606703172,74,10.10.21.6
disparityBoltSub,156,21,1531606703098,1531606703172,74,10.10.21.6
disparityBoltSub,156,22,1531606703103,1531606703180,77,10.10.21.7
disparityBoltSub,156,23,1531606703101,1531606703174,73,10.10.21.7
disparityBoltSub,156,24,1531606703099,1531606703170,71,10.10.21.6
disparityBoltSub,156,25,1531606703101,1531606703176,75,10.10.21.6
disparityBoltSub,156,26,1531606703106,1531606703189,83,10.10.21.7
disparityBoltSub,156,27,1531606703103,1531606703177,74,10.10.21.7
disparityBoltSub,156,28,1531606703106,1531606703178,72,10.10.21.7
disparityBoltSub,156,29,1531606703103,1531606703173,70,10.10.21.6
disparityBoltSub,156,30,1531606703109,1531606703181,72,10.10.21.7
disparityBoltSub,156,31,1531606703108,1531606703147,39,10.10.21.7
disparityBolt,156,0,0,0,144,0
mergeBolt,156,0,1531606703231,1531606703248,17,10.10.21.6
reprojectionBolt,156,0,1531606703248,1531606703287,39,null
overall,156,0,1531606703014,1531606703287,273,0
videoSpout,157,0,1531606703519,1531606703523,4,10.10.21.7
rectificationBolt,157,0,1531606703576,1531606703604,28,10.10.21.6
partitionBolt,157,0,1531606703604,1531606703623,19,10.10.21.6
disparityBoltSub,157,0,1531606703626,1531606703687,61,10.10.21.7
disparityBoltSub,157,1,1531606703624,1531606703699,75,10.10.21.6
disparityBoltSub,157,2,1531606703624,1531606703697,73,10.10.21.6
disparityBoltSub,157,3,1531606703627,1531606703700,73,10.10.21.7
disparityBoltSub,157,4,1531606703624,1531606703696,72,10.10.21.6
disparityBoltSub,157,5,1531606703627,1531606703701,74,10.10.21.6
disparityBoltSub,157,6,1531606703628,1531606703704,76,10.10.21.6
disparityBoltSub,157,7,1531606703629,1531606703705,76,10.10.21.7
disparityBoltSub,157,8,1531606703630,1531606703708,78,10.10.21.7
disparityBoltSub,157,9,1531606703629,1531606703698,69,10.10.21.6
disparityBoltSub,157,10,1531606703632,1531606703733,101,10.10.21.7
disparityBoltSub,157,11,1531606703629,1531606703701,72,10.10.21.6
disparityBoltSub,157,12,1531606703634,1531606703705,71,10.10.21.7
disparityBoltSub,157,13,1531606703632,1531606703704,72,10.10.21.6
disparityBoltSub,157,14,1531606703632,1531606703702,70,10.10.21.6
disparityBoltSub,157,15,1531606703633,1531606703707,74,10.10.21.6
disparityBoltSub,157,16,1531606703631,1531606703703,72,10.10.21.6
disparityBoltSub,157,17,1531606703635,1531606703711,76,10.10.21.6
disparityBoltSub,157,18,1531606703634,1531606703709,75,10.10.21.6
disparityBoltSub,157,19,1531606703636,1531606703709,73,10.10.21.6
disparityBoltSub,157,20,1531606703633,1531606703707,74,10.10.21.6
disparityBoltSub,157,21,1531606703636,1531606703710,74,10.10.21.7
disparityBoltSub,157,22,1531606703634,1531606703707,73,10.10.21.6
disparityBoltSub,157,23,1531606703636,1531606703706,70,10.10.21.6
disparityBoltSub,157,24,1531606703634,1531606703704,70,10.10.21.6
disparityBoltSub,157,25,1531606703638,1531606703708,70,10.10.21.7
disparityBoltSub,157,26,1531606703643,1531606703712,69,10.10.21.7
disparityBoltSub,157,27,1531606703644,1531606703715,71,10.10.21.7
disparityBoltSub,157,28,1531606703645,1531606703716,71,10.10.21.7
disparityBoltSub,157,29,1531606703639,1531606703715,76,10.10.21.6
disparityBoltSub,157,30,1531606703639,1531606703708,69,10.10.21.6
disparityBoltSub,157,31,1531606703638,1531606703678,40,10.10.21.6
disparityBolt,157,0,0,0,109,0
mergeBolt,157,0,1531606703734,1531606703749,15,10.10.21.6
reprojectionBolt,157,0,1531606703749,1531606703788,39,null
overall,157,0,1531606703519,1531606703788,269,0
videoSpout,158,0,1531606704023,1531606704027,4,10.10.21.7
rectificationBolt,158,0,1531606704047,1531606704122,75,10.10.21.6
partitionBolt,158,0,1531606704122,1531606704141,19,10.10.21.6
disparityBoltSub,158,0,1531606704147,1531606704192,45,10.10.21.7
disparityBoltSub,158,1,1531606704143,1531606704216,73,10.10.21.6
disparityBoltSub,158,2,1531606704146,1531606704225,79,10.10.21.7
disparityBoltSub,158,3,1531606704149,1531606704225,76,10.10.21.7
disparityBoltSub,158,4,1531606704147,1531606704225,78,10.10.21.7
disparityBoltSub,158,5,1531606704145,1531606704221,76,10.10.21.6
disparityBoltSub,158,6,1531606704149,1531606704223,74,10.10.21.7
disparityBoltSub,158,7,1531606704151,1531606704229,78,10.10.21.7
disparityBoltSub,158,8,1531606704151,1531606704228,77,10.10.21.7
disparityBoltSub,158,9,1531606704153,1531606704223,70,10.10.21.7
disparityBoltSub,158,10,1531606704149,1531606704261,112,10.10.21.6
disparityBoltSub,158,11,1531606704150,1531606704227,77,10.10.21.6
disparityBoltSub,158,12,1531606704150,1531606704226,76,10.10.21.6
disparityBoltSub,158,13,1531606704150,1531606704221,71,10.10.21.6
disparityBoltSub,158,14,1531606704152,1531606704223,71,10.10.21.6
disparityBoltSub,158,15,1531606704152,1531606704232,80,10.10.21.6
disparityBoltSub,158,16,1531606704154,1531606704230,76,10.10.21.7
disparityBoltSub,158,17,1531606704153,1531606704230,77,10.10.21.6
disparityBoltSub,158,18,1531606704151,1531606704225,74,10.10.21.6
disparityBoltSub,158,19,1531606704155,1531606704229,74,10.10.21.6
disparityBoltSub,158,20,1531606704152,1531606704228,76,10.10.21.6
disparityBoltSub,158,21,1531606704152,1531606704243,91,10.10.21.6
disparityBoltSub,158,22,1531606704155,1531606704234,79,10.10.21.6
disparityBoltSub,158,23,1531606704156,1531606704262,106,10.10.21.6
disparityBoltSub,158,24,1531606704157,1531606704231,74,10.10.21.6
disparityBoltSub,158,25,1531606704155,1531606704227,72,10.10.21.6
disparityBoltSub,158,26,1531606704155,1531606704260,105,10.10.21.6
disparityBoltSub,158,27,1531606704157,1531606704247,90,10.10.21.6
disparityBoltSub,158,28,1531606704160,1531606704232,72,10.10.21.7
disparityBoltSub,158,29,1531606704159,1531606704230,71,10.10.21.6
disparityBoltSub,158,30,1531606704157,1531606704226,69,10.10.21.6
disparityBoltSub,158,31,1531606704161,1531606704202,41,10.10.21.7
disparityBolt,158,0,0,0,119,0
mergeBolt,158,0,1531606704263,1531606704278,15,10.10.21.6
reprojectionBolt,158,0,1531606704278,1531606704317,39,null
overall,158,0,1531606704023,1531606704317,294,0
videoSpout,159,0,1531606704528,1531606704532,4,10.10.21.7
rectificationBolt,159,0,1531606704553,1531606704580,27,10.10.21.6
partitionBolt,159,0,1531606704580,1531606704610,30,10.10.21.6
disparityBoltSub,159,0,1531606704611,1531606704650,39,10.10.21.6
disparityBoltSub,159,1,1531606704615,1531606704688,73,10.10.21.7
disparityBoltSub,159,2,1531606704614,1531606704690,76,10.10.21.6
disparityBoltSub,159,3,1531606704617,1531606704741,124,10.10.21.7
disparityBoltSub,159,4,1531606704616,1531606704740,124,10.10.21.7
disparityBoltSub,159,5,1531606704617,1531606704687,70,10.10.21.6
disparityBoltSub,159,6,1531606704614,1531606704740,126,10.10.21.6
disparityBoltSub,159,7,1531606704616,1531606704687,71,10.10.21.6
disparityBoltSub,159,8,1531606704618,1531606704690,72,10.10.21.6
disparityBoltSub,159,9,1531606704617,1531606704718,101,10.10.21.7
disparityBoltSub,159,10,1531606704619,1531606704689,70,10.10.21.7
disparityBoltSub,159,11,1531606704619,1531606704687,68,10.10.21.6
disparityBoltSub,159,12,1531606704620,1531606704692,72,10.10.21.6
disparityBoltSub,159,13,1531606704619,1531606704688,69,10.10.21.6
disparityBoltSub,159,14,1531606704621,1531606704720,99,10.10.21.7
disparityBoltSub,159,15,1531606704622,1531606704694,72,10.10.21.6
disparityBoltSub,159,16,1531606704619,1531606704694,75,10.10.21.6
disparityBoltSub,159,17,1531606704619,1531606704698,79,10.10.21.6
disparityBoltSub,159,18,1531606704622,1531606704695,73,10.10.21.6
disparityBoltSub,159,19,1531606704620,1531606704696,76,10.10.21.6
disparityBoltSub,159,20,1531606704623,1531606704695,72,10.10.21.7
disparityBoltSub,159,21,1531606704620,1531606704696,76,10.10.21.6
disparityBoltSub,159,22,1531606704627,1531606704702,75,10.10.21.7
disparityBoltSub,159,23,1531606704625,1531606704755,130,10.10.21.7
disparityBoltSub,159,24,1531606704630,1531606704704,74,10.10.21.7
disparityBoltSub,159,25,1531606704629,1531606704761,132,10.10.21.7
disparityBoltSub,159,26,1531606704628,1531606704698,70,10.10.21.7
disparityBoltSub,159,27,1531606704627,1531606704757,130,10.10.21.7
disparityBoltSub,159,28,1531606704626,1531606704752,126,10.10.21.6
disparityBoltSub,159,29,1531606704634,1531606704761,127,10.10.21.7
disparityBoltSub,159,30,1531606704632,1531606704701,69,10.10.21.7
disparityBoltSub,159,31,1531606704633,1531606704674,41,10.10.21.7
disparityBolt,159,0,0,0,150,0
mergeBolt,159,0,1531606704763,1531606704778,15,10.10.21.6
reprojectionBolt,159,0,1531606704778,1531606704817,39,null
overall,159,0,1531606704528,1531606704817,289,0
videoSpout,160,0,1531606705032,1531606705036,4,10.10.21.7
rectificationBolt,160,0,1531606705056,1531606705085,29,10.10.21.6
partitionBolt,160,0,1531606705085,1531606705105,20,10.10.21.6
disparityBoltSub,160,0,1531606705107,1531606705156,49,10.10.21.6
disparityBoltSub,160,1,1531606705106,1531606705196,90,10.10.21.6
disparityBoltSub,160,2,1531606705105,1531606705185,80,10.10.21.6
disparityBoltSub,160,3,1531606705127,1531606705199,72,10.10.21.6
disparityBoltSub,160,4,1531606705129,1531606705200,71,10.10.21.7
disparityBoltSub,160,5,1531606705129,1531606705199,70,10.10.21.6
disparityBoltSub,160,6,1531606705130,1531606705203,73,10.10.21.7
disparityBoltSub,160,7,1531606705131,1531606705204,73,10.10.21.7
disparityBoltSub,160,8,1531606705130,1531606705200,70,10.10.21.6
disparityBoltSub,160,9,1531606705130,1531606705203,73,10.10.21.6
disparityBoltSub,160,10,1531606705134,1531606705204,70,10.10.21.7
disparityBoltSub,160,11,1531606705133,1531606705239,106,10.10.21.7
disparityBoltSub,160,12,1531606705130,1531606705199,69,10.10.21.6
disparityBoltSub,160,13,1531606705137,1531606705206,69,10.10.21.7
disparityBoltSub,160,14,1531606705135,1531606705208,73,10.10.21.7
disparityBoltSub,160,15,1531606705135,1531606705208,73,10.10.21.6
disparityBoltSub,160,16,1531606705135,1531606705213,78,10.10.21.6
disparityBoltSub,160,17,1531606705144,1531606705222,78,10.10.21.7
disparityBoltSub,160,18,1531606705136,1531606705210,74,10.10.21.7
disparityBoltSub,160,19,1531606705138,1531606705212,74,10.10.21.7
disparityBoltSub,160,20,1531606705137,1531606705213,76,10.10.21.6
disparityBoltSub,160,21,1531606705140,1531606705247,107,10.10.21.7
disparityBoltSub,160,22,1531606705141,1531606705216,75,10.10.21.7
disparityBoltSub,160,23,1531606705137,1531606705210,73,10.10.21.6
disparityBoltSub,160,24,1531606705140,1531606705215,75,10.10.21.6
disparityBoltSub,160,25,1531606705141,1531606705222,81,10.10.21.6
disparityBoltSub,160,26,1531606705140,1531606705212,72,10.10.21.6
disparityBoltSub,160,27,1531606705145,1531606705215,70,10.10.21.7
disparityBoltSub,160,28,1531606705140,1531606705214,74,10.10.21.6
disparityBoltSub,160,29,1531606705142,1531606705216,74,10.10.21.6
disparityBoltSub,160,30,1531606705146,1531606705218,72,10.10.21.7
disparityBoltSub,160,31,1531606705143,1531606705183,40,10.10.21.7
disparityBolt,160,0,0,0,142,0
mergeBolt,160,0,1531606705248,1531606705263,15,10.10.21.6
reprojectionBolt,160,0,1531606705263,1531606705304,41,null
overall,160,0,1531606705032,1531606705304,272,0
videoSpout,161,0,1531606705536,1531606705540,4,10.10.21.7
rectificationBolt,161,0,1531606705560,1531606705587,27,10.10.21.6
partitionBolt,161,0,1531606705587,1531606705606,19,10.10.21.6
disparityBoltSub,161,0,1531606705606,1531606705669,63,10.10.21.6
disparityBoltSub,161,1,1531606705610,1531606705690,80,10.10.21.7
disparityBoltSub,161,2,1531606705609,1531606705683,74,10.10.21.6
disparityBoltSub,161,3,1531606705612,1531606705683,71,10.10.21.7
disparityBoltSub,161,4,1531606705611,1531606705681,70,10.10.21.6
disparityBoltSub,161,5,1531606705611,1531606705683,72,10.10.21.6
disparityBoltSub,161,6,1531606705612,1531606705685,73,10.10.21.7
disparityBoltSub,161,7,1531606705613,1531606705692,79,10.10.21.7
disparityBoltSub,161,8,1531606705611,1531606705682,71,10.10.21.6
disparityBoltSub,161,9,1531606705612,1531606705687,75,10.10.21.6
disparityBoltSub,161,10,1531606705613,1531606705734,121,10.10.21.6
disparityBoltSub,161,11,1531606705614,1531606705734,120,10.10.21.7
disparityBoltSub,161,12,1531606705616,1531606705687,71,10.10.21.6
disparityBoltSub,161,13,1531606705612,1531606705732,120,10.10.21.6
disparityBoltSub,161,14,1531606705614,1531606705686,72,10.10.21.6
disparityBoltSub,161,15,1531606705616,1531606705693,77,10.10.21.6
disparityBoltSub,161,16,1531606705616,1531606705690,74,10.10.21.7
disparityBoltSub,161,17,1531606705632,1531606705707,75,10.10.21.7
disparityBoltSub,161,18,1531606705615,1531606705704,89,10.10.21.6
disparityBoltSub,161,19,1531606705634,1531606705761,127,10.10.21.6
disparityBoltSub,161,20,1531606705633,1531606705731,98,10.10.21.6
disparityBoltSub,161,21,1531606705630,1531606705709,79,10.10.21.6
disparityBoltSub,161,22,1531606705631,1531606705728,97,10.10.21.6
disparityBoltSub,161,23,1531606705635,1531606705706,71,10.10.21.7
disparityBoltSub,161,24,1531606705634,1531606705705,71,10.10.21.7
disparityBoltSub,161,25,1531606705635,1531606705744,109,10.10.21.6
disparityBoltSub,161,26,1531606705637,1531606705711,74,10.10.21.6
disparityBoltSub,161,27,1531606705637,1531606705757,120,10.10.21.7
disparityBoltSub,161,28,1531606705638,1531606705710,72,10.10.21.6
disparityBoltSub,161,29,1531606705638,1531606705710,72,10.10.21.7
disparityBoltSub,161,30,1531606705639,1531606705762,123,10.10.21.6
disparityBoltSub,161,31,1531606705638,1531606705716,78,10.10.21.6
disparityBolt,161,0,0,0,156,0
mergeBolt,161,0,1531606705763,1531606705778,15,10.10.21.6
reprojectionBolt,161,0,1531606705778,1531606705819,41,null
overall,161,0,1531606705536,1531606705819,283,0
videoSpout,162,0,1531606706040,1531606706045,5,10.10.21.7
rectificationBolt,162,0,1531606706065,1531606706095,30,10.10.21.6
partitionBolt,162,0,1531606706095,1531606706115,20,10.10.21.6
disparityBoltSub,162,0,1531606706118,1531606706166,48,10.10.21.7
disparityBoltSub,162,1,1531606706116,1531606706191,75,10.10.21.6
disparityBoltSub,162,2,1531606706119,1531606706206,87,10.10.21.7
disparityBoltSub,162,3,1531606706119,1531606706195,76,10.10.21.6
disparityBoltSub,162,4,1531606706121,1531606706201,80,10.10.21.7
disparityBoltSub,162,5,1531606706124,1531606706245,121,10.10.21.7
disparityBoltSub,162,6,1531606706119,1531606706192,73,10.10.21.6
disparityBoltSub,162,7,1531606706122,1531606706195,73,10.10.21.7
disparityBoltSub,162,8,1531606706121,1531606706198,77,10.10.21.6
disparityBoltSub,162,9,1531606706122,1531606706234,112,10.10.21.7
disparityBoltSub,162,10,1531606706123,1531606706196,73,10.10.21.6
disparityBoltSub,162,11,1531606706122,1531606706196,74,10.10.21.6
disparityBoltSub,162,12,1531606706122,1531606706194,72,10.10.21.6
disparityBoltSub,162,13,1531606706126,1531606706198,72,10.10.21.7
disparityBoltSub,162,14,1531606706127,1531606706216,89,10.10.21.7
disparityBoltSub,162,15,1531606706124,1531606706206,82,10.10.21.6
disparityBoltSub,162,16,1531606706130,1531606706204,74,10.10.21.7
disparityBoltSub,162,17,1531606706126,1531606706201,75,10.10.21.7
disparityBoltSub,162,18,1531606706132,1531606706250,118,10.10.21.7
disparityBoltSub,162,19,1531606706130,1531606706230,100,10.10.21.7
disparityBoltSub,162,20,1531606706131,1531606706208,77,10.10.21.6
disparityBoltSub,162,21,1531606706135,1531606706216,81,10.10.21.7
disparityBoltSub,162,22,1531606706133,1531606706213,80,10.10.21.7
disparityBoltSub,162,23,1531606706128,1531606706210,82,10.10.21.6
disparityBoltSub,162,24,1531606706136,1531606706212,76,10.10.21.7
disparityBoltSub,162,25,1531606706129,1531606706205,76,10.10.21.6
disparityBoltSub,162,26,1531606706138,1531606706218,80,10.10.21.7
disparityBoltSub,162,27,1531606706132,1531606706216,84,10.10.21.6
disparityBoltSub,162,28,1531606706139,1531606706211,72,10.10.21.7
disparityBoltSub,162,29,1531606706132,1531606706246,114,10.10.21.7
disparityBoltSub,162,30,1531606706131,1531606706205,74,10.10.21.6
disparityBoltSub,162,31,1531606706131,1531606706172,41,10.10.21.6
disparityBolt,162,0,0,0,134,0
mergeBolt,162,0,1531606706252,1531606706268,16,10.10.21.6
reprojectionBolt,162,0,1531606706268,1531606706307,39,null
overall,162,0,1531606706040,1531606706307,267,0
videoSpout,163,0,1531606706545,1531606706550,5,10.10.21.7
rectificationBolt,163,0,1531606706569,1531606706600,31,10.10.21.6
partitionBolt,163,0,1531606706600,1531606706619,19,10.10.21.6
disparityBoltSub,163,0,1531606706623,1531606706671,48,10.10.21.7
disparityBoltSub,163,1,1531606706623,1531606706698,75,10.10.21.6
disparityBoltSub,163,2,1531606706624,1531606706697,73,10.10.21.7
disparityBoltSub,163,3,1531606706622,1531606706715,93,10.10.21.6
disparityBoltSub,163,4,1531606706622,1531606706734,112,10.10.21.6
disparityBoltSub,163,5,1531606706626,1531606706698,72,10.10.21.7
disparityBoltSub,163,6,1531606706623,1531606706711,88,10.10.21.6
disparityBoltSub,163,7,1531606706623,1531606706694,71,10.10.21.6
disparityBoltSub,163,8,1531606706624,1531606706697,73,10.10.21.6
disparityBoltSub,163,9,1531606706626,1531606706705,79,10.10.21.6
disparityBoltSub,163,10,1531606706628,1531606706724,96,10.10.21.7
disparityBoltSub,163,11,1531606706630,1531606706700,70,10.10.21.7
disparityBoltSub,163,12,1531606706628,1531606706700,72,10.10.21.6
disparityBoltSub,163,13,1531606706630,1531606706702,72,10.10.21.7
disparityBoltSub,163,14,1531606706630,1531606706709,79,10.10.21.7
disparityBoltSub,163,15,1531606706633,1531606706709,76,10.10.21.7
disparityBoltSub,163,16,1531606706628,1531606706740,112,10.10.21.6
disparityBoltSub,163,17,1531606706634,1531606706709,75,10.10.21.7
disparityBoltSub,163,18,1531606706631,1531606706707,76,10.10.21.6
disparityBoltSub,163,19,1531606706632,1531606706707,75,10.10.21.6
disparityBoltSub,163,20,1531606706637,1531606706746,109,10.10.21.7
disparityBoltSub,163,21,1531606706636,1531606706724,88,10.10.21.7
disparityBoltSub,163,22,1531606706633,1531606706717,84,10.10.21.6
disparityBoltSub,163,23,1531606706634,1531606706711,77,10.10.21.6
disparityBoltSub,163,24,1531606706635,1531606706708,73,10.10.21.6
disparityBoltSub,163,25,1531606706634,1531606706708,74,10.10.21.6
disparityBoltSub,163,26,1531606706636,1531606706710,74,10.10.21.6
disparityBoltSub,163,27,1531606706637,1531606706707,70,10.10.21.6
disparityBoltSub,163,28,1531606706637,1531606706712,75,10.10.21.7
disparityBoltSub,163,29,1531606706635,1531606706707,72,10.10.21.6
disparityBoltSub,163,30,1531606706635,1531606706710,75,10.10.21.6
disparityBoltSub,163,31,1531606706639,1531606706687,48,10.10.21.7
disparityBolt,163,0,0,0,124,0
mergeBolt,163,0,1531606706747,1531606706761,14,10.10.21.6
reprojectionBolt,163,0,1531606706761,1531606706807,46,null
overall,163,0,1531606706545,1531606706807,262,0
videoSpout,164,0,1531606707050,1531606707054,4,10.10.21.7
rectificationBolt,164,0,1531606707075,1531606707099,24,10.10.21.6
partitionBolt,164,0,1531606707099,1531606707116,17,10.10.21.6
disparityBoltSub,164,0,1531606707118,1531606707190,72,10.10.21.7
disparityBoltSub,164,1,1531606707121,1531606707194,73,10.10.21.7
disparityBoltSub,164,2,1531606707120,1531606707194,74,10.10.21.7
disparityBoltSub,164,3,1531606707122,1531606707193,71,10.10.21.6
disparityBoltSub,164,4,1531606707121,1531606707193,72,10.10.21.6
disparityBoltSub,164,5,1531606707125,1531606707194,69,10.10.21.7
disparityBoltSub,164,6,1531606707123,1531606707194,71,10.10.21.7
disparityBoltSub,164,7,1531606707123,1531606707194,71,10.10.21.6
disparityBoltSub,164,8,1531606707121,1531606707193,72,10.10.21.6
disparityBoltSub,164,9,1531606707127,1531606707197,70,10.10.21.7
disparityBoltSub,164,10,1531606707129,1531606707201,72,10.10.21.7
disparityBoltSub,164,11,1531606707130,1531606707198,68,10.10.21.7
disparityBoltSub,164,12,1531606707123,1531606707195,72,10.10.21.6
disparityBoltSub,164,13,1531606707125,1531606707233,108,10.10.21.6
disparityBoltSub,164,14,1531606707126,1531606707206,80,10.10.21.6
disparityBoltSub,164,15,1531606707126,1531606707200,74,10.10.21.6
disparityBoltSub,164,16,1531606707124,1531606707198,74,10.10.21.6
disparityBoltSub,164,17,1531606707127,1531606707206,79,10.10.21.6
disparityBoltSub,164,18,1531606707125,1531606707237,112,10.10.21.6
disparityBoltSub,164,19,1531606707127,1531606707246,119,10.10.21.7
disparityBoltSub,164,20,1531606707132,1531606707234,102,10.10.21.7
disparityBoltSub,164,21,1531606707133,1531606707258,125,10.10.21.7
disparityBoltSub,164,22,1531606707127,1531606707205,78,10.10.21.6
disparityBoltSub,164,23,1531606707132,1531606707255,123,10.10.21.7
disparityBoltSub,164,24,1531606707130,1531606707200,70,10.10.21.7
disparityBoltSub,164,25,1531606707134,1531606707205,71,10.10.21.7
disparityBoltSub,164,26,1531606707135,1531606707266,131,10.10.21.7
disparityBoltSub,164,27,1531606707136,1531606707252,116,10.10.21.7
disparityBoltSub,164,28,1531606707137,1531606707268,131,10.10.21.7
disparityBoltSub,164,29,1531606707130,1531606707203,73,10.10.21.6
disparityBoltSub,164,30,1531606707138,1531606707207,69,10.10.21.7
disparityBoltSub,164,31,1531606707132,1531606707172,40,10.10.21.6
disparityBolt,164,0,0,0,150,0
mergeBolt,164,0,1531606707269,1531606707286,17,10.10.21.6
reprojectionBolt,164,0,1531606707286,1531606707325,39,null
overall,164,0,1531606707050,1531606707325,275,0
videoSpout,165,0,1531606707554,1531606707558,4,10.10.21.7
rectificationBolt,165,0,1531606707583,1531606707614,31,10.10.21.6
partitionBolt,165,0,1531606707614,1531606707634,20,10.10.21.6
disparityBoltSub,165,0,1531606707637,1531606707680,43,10.10.21.6
disparityBoltSub,165,1,1531606707637,1531606707709,72,10.10.21.7
disparityBoltSub,165,2,1531606707635,1531606707709,74,10.10.21.6
disparityBoltSub,165,3,1531606707638,1531606707710,72,10.10.21.6
disparityBoltSub,165,4,1531606707637,1531606707709,72,10.10.21.6
disparityBoltSub,165,5,1531606707640,1531606707711,71,10.10.21.7
disparityBoltSub,165,6,1531606707639,1531606707715,76,10.10.21.6
disparityBoltSub,165,7,1531606707644,1531606707717,73,10.10.21.7
disparityBoltSub,165,8,1531606707642,1531606707712,70,10.10.21.7
disparityBoltSub,165,9,1531606707647,1531606707718,71,10.10.21.7
disparityBoltSub,165,10,1531606707645,1531606707716,71,10.10.21.7
disparityBoltSub,165,11,1531606707640,1531606707755,115,10.10.21.6
disparityBoltSub,165,12,1531606707648,1531606707719,71,10.10.21.7
disparityBoltSub,165,13,1531606707645,1531606707728,83,10.10.21.7
disparityBoltSub,165,14,1531606707644,1531606707716,72,10.10.21.7
disparityBoltSub,165,15,1531606707646,1531606707718,72,10.10.21.6
disparityBoltSub,165,16,1531606707644,1531606707717,73,10.10.21.6
disparityBoltSub,165,17,1531606707649,1531606707723,74,10.10.21.7
disparityBoltSub,165,18,1531606707646,1531606707732,86,10.10.21.6
disparityBoltSub,165,19,1531606707647,1531606707721,74,10.10.21.7
disparityBoltSub,165,20,1531606707650,1531606707722,72,10.10.21.7
disparityBoltSub,165,21,1531606707654,1531606707728,74,10.10.21.7
disparityBoltSub,165,22,1531606707652,1531606707727,75,10.10.21.7
disparityBoltSub,165,23,1531606707646,1531606707764,118,10.10.21.6
disparityBoltSub,165,24,1531606707655,1531606707728,73,10.10.21.7
disparityBoltSub,165,25,1531606707650,1531606707733,83,10.10.21.7
disparityBoltSub,165,26,1531606707650,1531606707722,72,10.10.21.6
disparityBoltSub,165,27,1531606707651,1531606707771,120,10.10.21.6
disparityBoltSub,165,28,1531606707656,1531606707728,72,10.10.21.7
disparityBoltSub,165,29,1531606707652,1531606707772,120,10.10.21.6
disparityBoltSub,165,30,1531606707650,1531606707725,75,10.10.21.6
disparityBoltSub,165,31,1531606707653,1531606707692,39,10.10.21.7
disparityBolt,165,0,0,0,137,0
mergeBolt,165,0,1531606707773,1531606707789,16,10.10.21.6
reprojectionBolt,165,0,1531606707789,1531606707827,38,null
overall,165,0,1531606707554,1531606707827,273,0
videoSpout,166,0,1531606708058,1531606708062,4,10.10.21.7
rectificationBolt,166,0,1531606708082,1531606708111,29,10.10.21.6
partitionBolt,166,0,1531606708111,1531606708137,26,10.10.21.6
disparityBoltSub,166,0,1531606708141,1531606708185,44,10.10.21.7
disparityBoltSub,166,1,1531606708142,1531606708214,72,10.10.21.7
disparityBoltSub,166,2,1531606708141,1531606708224,83,10.10.21.6
disparityBoltSub,166,3,1531606708139,1531606708213,74,10.10.21.6
disparityBoltSub,166,4,1531606708144,1531606708215,71,10.10.21.7
disparityBoltSub,166,5,1531606708140,1531606708215,75,10.10.21.6
disparityBoltSub,166,6,1531606708144,1531606708216,72,10.10.21.7
disparityBoltSub,166,7,1531606708144,1531606708220,76,10.10.21.6
disparityBoltSub,166,8,1531606708145,1531606708216,71,10.10.21.7
disparityBoltSub,166,9,1531606708147,1531606708216,69,10.10.21.7
disparityBoltSub,166,10,1531606708149,1531606708221,72,10.10.21.7
disparityBoltSub,166,11,1531606708146,1531606708221,75,10.10.21.6
disparityBoltSub,166,12,1531606708147,1531606708270,123,10.10.21.6
disparityBoltSub,166,13,1531606708150,1531606708221,71,10.10.21.7
disparityBoltSub,166,14,1531606708144,1531606708266,122,10.10.21.6
disparityBoltSub,166,15,1531606708151,1531606708224,73,10.10.21.7
disparityBoltSub,166,16,1531606708147,1531606708230,83,10.10.21.6
disparityBoltSub,166,17,1531606708148,1531606708224,76,10.10.21.6
disparityBoltSub,166,18,1531606708149,1531606708225,76,10.10.21.6
disparityBoltSub,166,19,1531606708153,1531606708228,75,10.10.21.7
disparityBoltSub,166,20,1531606708150,1531606708281,131,10.10.21.6
disparityBoltSub,166,21,1531606708150,1531606708226,76,10.10.21.6
disparityBoltSub,166,22,1531606708149,1531606708234,85,10.10.21.6
disparityBoltSub,166,23,1531606708149,1531606708224,75,10.10.21.6
disparityBoltSub,166,24,1531606708149,1531606708267,118,10.10.21.6
disparityBoltSub,166,25,1531606708152,1531606708224,72,10.10.21.7
disparityBoltSub,166,26,1531606708154,1531606708227,73,10.10.21.7
disparityBoltSub,166,27,1531606708152,1531606708229,77,10.10.21.6
disparityBoltSub,166,28,1531606708151,1531606708226,75,10.10.21.6
disparityBoltSub,166,29,1531606708155,1531606708226,71,10.10.21.7
disparityBoltSub,166,30,1531606708154,1531606708223,69,10.10.21.6
disparityBoltSub,166,31,1531606708152,1531606708196,44,10.10.21.6
disparityBolt,166,0,0,0,142,0
mergeBolt,166,0,1531606708281,1531606708297,16,10.10.21.6
reprojectionBolt,166,0,1531606708297,1531606708336,39,null
overall,166,0,1531606708058,1531606708336,278,0
videoSpout,167,0,1531606708563,1531606708567,4,10.10.21.7
rectificationBolt,167,0,1531606708588,1531606708617,29,10.10.21.6
partitionBolt,167,0,1531606708618,1531606708636,18,10.10.21.6
disparityBoltSub,167,0,1531606708639,1531606708682,43,10.10.21.7
disparityBoltSub,167,1,1531606708639,1531606708714,75,10.10.21.6
disparityBoltSub,167,2,1531606708640,1531606708711,71,10.10.21.6
disparityBoltSub,167,3,1531606708643,1531606708716,73,10.10.21.6
disparityBoltSub,167,4,1531606708638,1531606708711,73,10.10.21.6
disparityBoltSub,167,5,1531606708639,1531606708711,72,10.10.21.6
disparityBoltSub,167,6,1531606708642,1531606708715,73,10.10.21.6
disparityBoltSub,167,7,1531606708640,1531606708712,72,10.10.21.6
disparityBoltSub,167,8,1531606708643,1531606708711,68,10.10.21.7
disparityBoltSub,167,9,1531606708653,1531606708725,72,10.10.21.7
disparityBoltSub,167,10,1531606708655,1531606708724,69,10.10.21.7
disparityBoltSub,167,11,1531606708657,1531606708724,67,10.10.21.7
disparityBoltSub,167,12,1531606708658,1531606708727,69,10.10.21.7
disparityBoltSub,167,13,1531606708643,1531606708756,113,10.10.21.6
disparityBoltSub,167,14,1531606708660,1531606708730,70,10.10.21.7
disparityBoltSub,167,15,1531606708652,1531606708723,71,10.10.21.6
disparityBoltSub,167,16,1531606708663,1531606708732,69,10.10.21.7
disparityBoltSub,167,17,1531606708651,1531606708727,76,10.10.21.6
disparityBoltSub,167,18,1531606708665,1531606708737,72,10.10.21.7
disparityBoltSub,167,19,1531606708664,1531606708735,71,10.10.21.7
disparityBoltSub,167,20,1531606708653,1531606708727,74,10.10.21.6
disparityBoltSub,167,21,1531606708666,1531606708739,73,10.10.21.7
disparityBoltSub,167,22,1531606708653,1531606708728,75,10.10.21.6
disparityBoltSub,167,23,1531606708656,1531606708732,76,10.10.21.6
disparityBoltSub,167,24,1531606708669,1531606708738,69,10.10.21.7
disparityBoltSub,167,25,1531606708657,1531606708728,71,10.10.21.6
disparityBoltSub,167,26,1531606708670,1531606708778,108,10.10.21.7
disparityBoltSub,167,27,1531606708661,1531606708768,107,10.10.21.6
disparityBoltSub,167,28,1531606708658,1531606708730,72,10.10.21.6
disparityBoltSub,167,29,1531606708663,1531606708733,70,10.10.21.6
disparityBoltSub,167,30,1531606708671,1531606708781,110,10.10.21.7
disparityBoltSub,167,31,1531606708660,1531606708701,41,10.10.21.6
disparityBolt,167,0,0,0,143,0
mergeBolt,167,0,1531606708783,1531606708798,15,10.10.21.6
reprojectionBolt,167,0,1531606708798,1531606708838,40,null
overall,167,0,1531606708563,1531606708838,275,0
videoSpout,168,0,1531606709067,1531606709071,4,10.10.21.7
rectificationBolt,168,0,1531606709093,1531606709124,31,10.10.21.6
partitionBolt,168,0,1531606709124,1531606709143,19,10.10.21.6
disparityBoltSub,168,0,1531606709145,1531606709199,54,10.10.21.6
disparityBoltSub,168,1,1531606709148,1531606709221,73,10.10.21.7
disparityBoltSub,168,2,1531606709149,1531606709218,69,10.10.21.7
disparityBoltSub,168,3,1531606709153,1531606709261,108,10.10.21.7
disparityBoltSub,168,4,1531606709154,1531606709227,73,10.10.21.7
disparityBoltSub,168,5,1531606709151,1531606709220,69,10.10.21.7
disparityBoltSub,168,6,1531606709147,1531606709228,81,10.10.21.6
disparityBoltSub,168,7,1531606709147,1531606709272,125,10.10.21.6
disparityBoltSub,168,8,1531606709152,1531606709223,71,10.10.21.7
disparityBoltSub,168,9,1531606709157,1531606709230,73,10.10.21.7
disparityBoltSub,168,10,1531606709158,1531606709228,70,10.10.21.7
disparityBoltSub,168,11,1531606709153,1531606709230,77,10.10.21.6
disparityBoltSub,168,12,1531606709153,1531606709277,124,10.10.21.6
disparityBoltSub,168,13,1531606709154,1531606709258,104,10.10.21.7
disparityBoltSub,168,14,1531606709156,1531606709226,70,10.10.21.7
disparityBoltSub,168,15,1531606709151,1531606709220,69,10.10.21.6
disparityBoltSub,168,16,1531606709154,1531606709229,75,10.10.21.6
disparityBoltSub,168,17,1531606709151,1531606709228,77,10.10.21.6
disparityBoltSub,168,18,1531606709151,1531606709274,123,10.10.21.6
disparityBoltSub,168,19,1531606709152,1531606709228,76,10.10.21.6
disparityBoltSub,168,20,1531606709152,1531606709230,78,10.10.21.6
disparityBoltSub,168,21,1531606709152,1531606709282,130,10.10.21.6
disparityBoltSub,168,22,1531606709156,1531606709233,77,10.10.21.7
disparityBoltSub,168,23,1531606709160,1531606709233,73,10.10.21.7
disparityBoltSub,168,24,1531606709160,1531606709232,72,10.10.21.7
disparityBoltSub,168,25,1531606709159,1531606709230,71,10.10.21.7
disparityBoltSub,168,26,1531606709160,1531606709237,77,10.10.21.7
disparityBoltSub,168,27,1531606709157,1531606709238,81,10.10.21.6
disparityBoltSub,168,28,1531606709158,1531606709233,75,10.10.21.6
disparityBoltSub,168,29,1531606709167,1531606709238,71,10.10.21.7
disparityBoltSub,168,30,1531606709169,1531606709239,70,10.10.21.7
disparityBoltSub,168,31,1531606709169,1531606709218,49,10.10.21.7
disparityBolt,168,0,0,0,137,0
mergeBolt,168,0,1531606709282,1531606709297,15,10.10.21.6
reprojectionBolt,168,0,1531606709297,1531606709336,39,null
overall,168,0,1531606709067,1531606709336,269,0
videoSpout,169,0,1531606709572,1531606709576,4,10.10.21.7
rectificationBolt,169,0,1531606709596,1531606709628,32,10.10.21.6
partitionBolt,169,0,1531606709628,1531606709649,21,10.10.21.6
disparityBoltSub,169,0,1531606709649,1531606709692,43,10.10.21.6
disparityBoltSub,169,1,1531606709654,1531606709775,121,10.10.21.7
disparityBoltSub,169,2,1531606709652,1531606709724,72,10.10.21.6
disparityBoltSub,169,3,1531606709654,1531606709776,122,10.10.21.6
disparityBoltSub,169,4,1531606709652,1531606709721,69,10.10.21.6
disparityBoltSub,169,5,1531606709653,1531606709777,124,10.10.21.6
disparityBoltSub,169,6,1531606709655,1531606709730,75,10.10.21.7
disparityBoltSub,169,7,1531606709656,1531606709778,122,10.10.21.6
disparityBoltSub,169,8,1531606709656,1531606709762,106,10.10.21.6
disparityBoltSub,169,9,1531606709657,1531606709781,124,10.10.21.7
disparityBoltSub,169,10,1531606709658,1531606709727,69,10.10.21.6
disparityBoltSub,169,11,1531606709658,1531606709727,69,10.10.21.7
disparityBoltSub,169,12,1531606709659,1531606709778,119,10.10.21.6
disparityBoltSub,169,13,1531606709657,1531606709724,67,10.10.21.6
disparityBoltSub,169,14,1531606709660,1531606709784,124,10.10.21.7
disparityBoltSub,169,15,1531606709660,1531606709729,69,10.10.21.7
disparityBoltSub,169,16,1531606709661,1531606709730,69,10.10.21.6
disparityBoltSub,169,17,1531606709660,1531606709733,73,10.10.21.6
disparityBoltSub,169,18,1531606709659,1531606709733,74,10.10.21.6
disparityBoltSub,169,19,1531606709662,1531606709734,72,10.10.21.6
disparityBoltSub,169,20,1531606709663,1531606709783,120,10.10.21.7
disparityBoltSub,169,21,1531606709663,1531606709732,69,10.10.21.7
disparityBoltSub,169,22,1531606709665,1531606709739,74,10.10.21.7
disparityBoltSub,169,23,1531606709661,1531606709771,110,10.10.21.6
disparityBoltSub,169,24,1531606709663,1531606709731,68,10.10.21.6
disparityBoltSub,169,25,1531606709665,1531606709736,71,10.10.21.6
disparityBoltSub,169,26,1531606709665,1531606709791,126,10.10.21.7
disparityBoltSub,169,27,1531606709665,1531606709736,71,10.10.21.6
disparityBoltSub,169,28,1531606709663,1531606709734,71,10.10.21.6
disparityBoltSub,169,29,1531606709667,1531606709774,107,10.10.21.6
disparityBoltSub,169,30,1531606709667,1531606709793,126,10.10.21.7
disparityBoltSub,169,31,1531606709664,1531606709741,77,10.10.21.6
disparityBolt,169,0,0,0,144,0
mergeBolt,169,0,1531606709795,1531606709810,15,10.10.21.6
reprojectionBolt,169,0,1531606709810,1531606709849,39,null
overall,169,0,1531606709572,1531606709849,277,0
videoSpout,170,0,1531606710076,1531606710080,4,10.10.21.7
rectificationBolt,170,0,1531606710102,1531606710132,30,10.10.21.6
partitionBolt,170,0,1531606710132,1531606710151,19,10.10.21.6
disparityBoltSub,170,0,1531606710153,1531606710198,45,10.10.21.7
disparityBoltSub,170,1,1531606710152,1531606710225,73,10.10.21.6
disparityBoltSub,170,2,1531606710156,1531606710228,72,10.10.21.7
disparityBoltSub,170,3,1531606710156,1531606710230,74,10.10.21.7
disparityBoltSub,170,4,1531606710158,1531606710229,71,10.10.21.6
disparityBoltSub,170,5,1531606710158,1531606710228,70,10.10.21.7
disparityBoltSub,170,6,1531606710158,1531606710229,71,10.10.21.7
disparityBoltSub,170,7,1531606710158,1531606710230,72,10.10.21.6
disparityBoltSub,170,8,1531606710160,1531606710251,91,10.10.21.7
disparityBoltSub,170,9,1531606710159,1531606710234,75,10.10.21.6
disparityBoltSub,170,10,1531606710161,1531606710254,93,10.10.21.7
disparityBoltSub,170,11,1531606710161,1531606710229,68,10.10.21.6
disparityBoltSub,170,12,1531606710160,1531606710234,74,10.10.21.7
disparityBoltSub,170,13,1531606710162,1531606710248,86,10.10.21.7
disparityBoltSub,170,14,1531606710161,1531606710265,104,10.10.21.6
disparityBoltSub,170,15,1531606710163,1531606710235,72,10.10.21.6
disparityBoltSub,170,16,1531606710159,1531606710233,74,10.10.21.6
disparityBoltSub,170,17,1531606710159,1531606710233,74,10.10.21.6
disparityBoltSub,170,18,1531606710160,1531606710235,75,10.10.21.6
disparityBoltSub,170,19,1531606710160,1531606710233,73,10.10.21.6
disparityBoltSub,170,20,1531606710163,1531606710236,73,10.10.21.6
disparityBoltSub,170,21,1531606710160,1531606710235,75,10.10.21.6
disparityBoltSub,170,22,1531606710164,1531606710239,75,10.10.21.7
disparityBoltSub,170,23,1531606710165,1531606710238,73,10.10.21.7
disparityBoltSub,170,24,1531606710162,1531606710266,104,10.10.21.6
disparityBoltSub,170,25,1531606710165,1531606710235,70,10.10.21.6
disparityBoltSub,170,26,1531606710167,1531606710240,73,10.10.21.7
disparityBoltSub,170,27,1531606710167,1531606710238,71,10.10.21.7
disparityBoltSub,170,28,1531606710168,1531606710242,74,10.10.21.7
disparityBoltSub,170,29,1531606710166,1531606710237,71,10.10.21.6
disparityBoltSub,170,30,1531606710172,1531606710269,97,10.10.21.7
disparityBoltSub,170,31,1531606710170,1531606710217,47,10.10.21.7
disparityBolt,170,0,0,0,117,0
mergeBolt,170,0,1531606710271,1531606710286,15,10.10.21.6
reprojectionBolt,170,0,1531606710286,1531606710326,40,null
overall,170,0,1531606710076,1531606710326,250,0
videoSpout,171,0,1531606710580,1531606710585,5,10.10.21.7
rectificationBolt,171,0,1531606710604,1531606710627,23,10.10.21.6
partitionBolt,171,0,1531606710627,1531606710654,27,10.10.21.6
disparityBoltSub,171,0,1531606710658,1531606710706,48,10.10.21.7
disparityBoltSub,171,1,1531606710655,1531606710729,74,10.10.21.6
disparityBoltSub,171,2,1531606710655,1531606710727,72,10.10.21.6
disparityBoltSub,171,3,1531606710659,1531606710731,72,10.10.21.7
disparityBoltSub,171,4,1531606710656,1531606710729,73,10.10.21.6
disparityBoltSub,171,5,1531606710660,1531606710756,96,10.10.21.6
disparityBoltSub,171,6,1531606710659,1531606710736,77,10.10.21.6
disparityBoltSub,171,7,1531606710660,1531606710738,78,10.10.21.7
disparityBoltSub,171,8,1531606710661,1531606710731,70,10.10.21.7
disparityBoltSub,171,9,1531606710661,1531606710733,72,10.10.21.6
disparityBoltSub,171,10,1531606710663,1531606710734,71,10.10.21.7
disparityBoltSub,171,11,1531606710662,1531606710733,71,10.10.21.6
disparityBoltSub,171,12,1531606710665,1531606710740,75,10.10.21.7
disparityBoltSub,171,13,1531606710664,1531606710737,73,10.10.21.6
disparityBoltSub,171,14,1531606710663,1531606710733,70,10.10.21.6
disparityBoltSub,171,15,1531606710667,1531606710740,73,10.10.21.6
disparityBoltSub,171,16,1531606710662,1531606710731,69,10.10.21.6
disparityBoltSub,171,17,1531606710666,1531606710743,77,10.10.21.6
disparityBoltSub,171,18,1531606710668,1531606710743,75,10.10.21.6
disparityBoltSub,171,19,1531606710670,1531606710748,78,10.10.21.6
disparityBoltSub,171,20,1531606710665,1531606710743,78,10.10.21.6
disparityBoltSub,171,21,1531606710667,1531606710740,73,10.10.21.7
disparityBoltSub,171,22,1531606710665,1531606710736,71,10.10.21.6
disparityBoltSub,171,23,1531606710670,1531606710743,73,10.10.21.6
disparityBoltSub,171,24,1531606710665,1531606710753,88,10.10.21.6
disparityBoltSub,171,25,1531606710669,1531606710773,104,10.10.21.7
disparityBoltSub,171,26,1531606710670,1531606710742,72,10.10.21.7
disparityBoltSub,171,27,1531606710672,1531606710744,72,10.10.21.7
disparityBoltSub,171,28,1531606710673,1531606710775,102,10.10.21.7
disparityBoltSub,171,29,1531606710671,1531606710745,74,10.10.21.6
disparityBoltSub,171,30,1531606710672,1531606710742,70,10.10.21.6
disparityBoltSub,171,31,1531606710669,1531606710751,82,10.10.21.6
disparityBolt,171,0,0,0,120,0
mergeBolt,171,0,1531606710777,1531606710792,15,10.10.21.6
reprojectionBolt,171,0,1531606710792,1531606710833,41,null
overall,171,0,1531606710580,1531606710833,253,0
videoSpout,172,0,1531606711085,1531606711090,5,10.10.21.7
rectificationBolt,172,0,1531606711108,1531606711138,30,10.10.21.6
partitionBolt,172,0,1531606711138,1531606711157,19,10.10.21.6
disparityBoltSub,172,0,1531606711161,1531606711206,45,10.10.21.7
disparityBoltSub,172,1,1531606711159,1531606711232,73,10.10.21.6
disparityBoltSub,172,2,1531606711161,1531606711235,74,10.10.21.7
disparityBoltSub,172,3,1531606711163,1531606711235,72,10.10.21.7
disparityBoltSub,172,4,1531606711163,1531606711235,72,10.10.21.7
disparityBoltSub,172,5,1531606711160,1531606711235,75,10.10.21.6
disparityBoltSub,172,6,1531606711164,1531606711236,72,10.10.21.7
disparityBoltSub,172,7,1531606711174,1531606711244,70,10.10.21.7
disparityBoltSub,172,8,1531606711165,1531606711242,77,10.10.21.7
disparityBoltSub,172,9,1531606711174,1531606711246,72,10.10.21.7
disparityBoltSub,172,10,1531606711165,1531606711244,79,10.10.21.6
disparityBoltSub,172,11,1531606711175,1531606711245,70,10.10.21.6
disparityBoltSub,172,12,1531606711175,1531606711249,74,10.10.21.6
disparityBoltSub,172,13,1531606711164,1531606711248,84,10.10.21.6
disparityBoltSub,172,14,1531606711177,1531606711288,111,10.10.21.6
disparityBoltSub,172,15,1531606711178,1531606711260,82,10.10.21.6
disparityBoltSub,172,16,1531606711178,1531606711249,71,10.10.21.7
disparityBoltSub,172,17,1531606711180,1531606711260,80,10.10.21.6
disparityBoltSub,172,18,1531606711177,1531606711254,77,10.10.21.6
disparityBoltSub,172,19,1531606711181,1531606711290,109,10.10.21.6
disparityBoltSub,172,20,1531606711178,1531606711250,72,10.10.21.6
disparityBoltSub,172,21,1531606711178,1531606711251,73,10.10.21.6
disparityBoltSub,172,22,1531606711181,1531606711262,81,10.10.21.6
disparityBoltSub,172,23,1531606711183,1531606711258,75,10.10.21.6
disparityBoltSub,172,24,1531606711182,1531606711259,77,10.10.21.6
disparityBoltSub,172,25,1531606711180,1531606711250,70,10.10.21.6
disparityBoltSub,172,26,1531606711180,1531606711255,75,10.10.21.6
disparityBoltSub,172,27,1531606711184,1531606711260,76,10.10.21.6
disparityBoltSub,172,28,1531606711200,1531606711268,68,10.10.21.7
disparityBoltSub,172,29,1531606711205,1531606711279,74,10.10.21.6
disparityBoltSub,172,30,1531606711181,1531606711289,108,10.10.21.6
disparityBoltSub,172,31,1531606711199,1531606711240,41,10.10.21.7
disparityBolt,172,0,0,0,131,0
mergeBolt,172,0,1531606711291,1531606711305,14,10.10.21.6
reprojectionBolt,172,0,1531606711305,1531606711345,40,null
overall,172,0,1531606711085,1531606711345,260,0
videoSpout,173,0,1531606711590,1531606711594,4,10.10.21.7
rectificationBolt,173,0,1531606711615,1531606711645,30,10.10.21.6
partitionBolt,173,0,1531606711645,1531606711665,20,10.10.21.6
disparityBoltSub,173,0,1531606711665,1531606711705,40,10.10.21.6
disparityBoltSub,173,1,1531606711669,1531606711747,78,10.10.21.7
disparityBoltSub,173,2,1531606711669,1531606711742,73,10.10.21.6
disparityBoltSub,173,3,1531606711670,1531606711744,74,10.10.21.7
disparityBoltSub,173,4,1531606711671,1531606711746,75,10.10.21.7
disparityBoltSub,173,5,1531606711671,1531606711808,137,10.10.21.6
disparityBoltSub,173,6,1531606711669,1531606711738,69,10.10.21.6
disparityBoltSub,173,7,1531606711671,1531606711809,138,10.10.21.6
disparityBoltSub,173,8,1531606711672,1531606711759,87,10.10.21.6
disparityBoltSub,173,9,1531606711672,1531606711747,75,10.10.21.7
disparityBoltSub,173,10,1531606711674,1531606711748,74,10.10.21.7
disparityBoltSub,173,11,1531606711673,1531606711746,73,10.10.21.6
disparityBoltSub,173,12,1531606711674,1531606711745,71,10.10.21.6
disparityBoltSub,173,13,1531606711675,1531606711743,68,10.10.21.6
disparityBoltSub,173,14,1531606711676,1531606711750,74,10.10.21.7
disparityBoltSub,173,15,1531606711675,1531606711748,73,10.10.21.6
disparityBoltSub,173,16,1531606711674,1531606711761,87,10.10.21.6
disparityBoltSub,173,17,1531606711674,1531606711755,81,10.10.21.6
disparityBoltSub,173,18,1531606711676,1531606711748,72,10.10.21.6
disparityBoltSub,173,19,1531606711674,1531606711748,74,10.10.21.6
disparityBoltSub,173,20,1531606711678,1531606711755,77,10.10.21.7
disparityBoltSub,173,21,1531606711676,1531606711755,79,10.10.21.6
disparityBoltSub,173,22,1531606711681,1531606711795,114,10.10.21.7
disparityBoltSub,173,23,1531606711679,1531606711755,76,10.10.21.7
disparityBoltSub,173,24,1531606711685,1531606711759,74,10.10.21.7
disparityBoltSub,173,25,1531606711683,1531606711758,75,10.10.21.7
disparityBoltSub,173,26,1531606711683,1531606711758,75,10.10.21.7
disparityBoltSub,173,27,1531606711681,1531606711792,111,10.10.21.7
disparityBoltSub,173,28,1531606711682,1531606711751,69,10.10.21.6
disparityBoltSub,173,29,1531606711686,1531606711757,71,10.10.21.7
disparityBoltSub,173,30,1531606711687,1531606711762,75,10.10.21.7
disparityBoltSub,173,31,1531606711689,1531606711733,44,10.10.21.7
disparityBolt,173,0,0,0,144,0
mergeBolt,173,0,1531606711810,1531606711827,17,10.10.21.6
reprojectionBolt,173,0,1531606711827,1531606711867,40,null
overall,173,0,1531606711590,1531606711867,277,0
videoSpout,174,0,1531606712094,1531606712099,5,10.10.21.7
rectificationBolt,174,0,1531606712120,1531606712150,30,10.10.21.6
partitionBolt,174,0,1531606712150,1531606712169,19,10.10.21.6
disparityBoltSub,174,0,1531606712172,1531606712214,42,10.10.21.6
disparityBoltSub,174,1,1531606712170,1531606712240,70,10.10.21.6
disparityBoltSub,174,2,1531606712170,1531606712249,79,10.10.21.6
disparityBoltSub,174,3,1531606712173,1531606712241,68,10.10.21.6
disparityBoltSub,174,4,1531606712174,1531606712247,73,10.10.21.7
disparityBoltSub,174,5,1531606712174,1531606712246,72,10.10.21.6
disparityBoltSub,174,6,1531606712177,1531606712247,70,10.10.21.7
disparityBoltSub,174,7,1531606712177,1531606712251,74,10.10.21.7
disparityBoltSub,174,8,1531606712175,1531606712246,71,10.10.21.6
disparityBoltSub,174,9,1531606712174,1531606712295,121,10.10.21.6
disparityBoltSub,174,10,1531606712178,1531606712249,71,10.10.21.7
disparityBoltSub,174,11,1531606712177,1531606712248,71,10.10.21.7
disparityBoltSub,174,12,1531606712175,1531606712245,70,10.10.21.6
disparityBoltSub,174,13,1531606712179,1531606712249,70,10.10.21.7
disparityBoltSub,174,14,1531606712181,1531606712253,72,10.10.21.7
disparityBoltSub,174,15,1531606712178,1531606712297,119,10.10.21.6
disparityBoltSub,174,16,1531606712180,1531606712298,118,10.10.21.6
disparityBoltSub,174,17,1531606712181,1531606712256,75,10.10.21.7
disparityBoltSub,174,18,1531606712182,1531606712257,75,10.10.21.7
disparityBoltSub,174,19,1531606712182,1531606712254,72,10.10.21.7
disparityBoltSub,174,20,1531606712182,1531606712257,75,10.10.21.6
disparityBoltSub,174,21,1531606712184,1531606712262,78,10.10.21.7
disparityBoltSub,174,22,1531606712186,1531606712262,76,10.10.21.7
disparityBoltSub,174,23,1531606712181,1531606712252,71,10.10.21.6
disparityBoltSub,174,24,1531606712182,1531606712256,74,10.10.21.6
disparityBoltSub,174,25,1531606712186,1531606712308,122,10.10.21.6
disparityBoltSub,174,26,1531606712184,1531606712260,76,10.10.21.6
disparityBoltSub,174,27,1531606712186,1531606712261,75,10.10.21.7
disparityBoltSub,174,28,1531606712183,1531606712257,74,10.10.21.6
disparityBoltSub,174,29,1531606712186,1531606712265,79,10.10.21.6
disparityBoltSub,174,30,1531606712187,1531606712259,72,10.10.21.7
disparityBoltSub,174,31,1531606712188,1531606712230,42,10.10.21.7
disparityBolt,174,0,0,0,138,0
mergeBolt,174,0,1531606712311,1531606712326,15,10.10.21.6
reprojectionBolt,174,0,1531606712327,1531606712366,39,null
overall,174,0,1531606712094,1531606712366,272,0
videoSpout,175,0,1531606712599,1531606712611,12,10.10.21.7
rectificationBolt,175,0,1531606712647,1531606712678,31,10.10.21.6
partitionBolt,175,0,1531606712678,1531606712697,19,10.10.21.6
disparityBoltSub,175,0,1531606712698,1531606712737,39,10.10.21.6
disparityBoltSub,175,1,1531606712704,1531606712774,70,10.10.21.7
disparityBoltSub,175,2,1531606712702,1531606712773,71,10.10.21.6
disparityBoltSub,175,3,1531606712701,1531606712774,73,10.10.21.7
disparityBoltSub,175,4,1531606712702,1531606712773,71,10.10.21.6
disparityBoltSub,175,5,1531606712703,1531606712775,72,10.10.21.6
disparityBoltSub,175,6,1531606712714,1531606712785,71,10.10.21.7
disparityBoltSub,175,7,1531606712705,1531606712790,85,10.10.21.7
disparityBoltSub,175,8,1531606712702,1531606712772,70,10.10.21.6
disparityBoltSub,175,9,1531606712704,1531606712837,133,10.10.21.6
disparityBoltSub,175,10,1531606712706,1531606712783,77,10.10.21.6
disparityBoltSub,175,11,1531606712716,1531606712785,69,10.10.21.7
disparityBoltSub,175,12,1531606712707,1531606712835,128,10.10.21.6
disparityBoltSub,175,13,1531606712704,1531606712834,130,10.10.21.6
disparityBoltSub,175,14,1531606712706,1531606712792,86,10.10.21.6
disparityBoltSub,175,15,1531606712708,1531606712794,86,10.10.21.6
disparityBoltSub,175,16,1531606712717,1531606712795,78,10.10.21.7
disparityBoltSub,175,17,1531606712719,1531606712808,89,10.10.21.7
disparityBoltSub,175,18,1531606712706,1531606712779,73,10.10.21.6
disparityBoltSub,175,19,1531606712710,1531606712790,80,10.10.21.6
disparityBoltSub,175,20,1531606712711,1531606712846,135,10.10.21.6
disparityBoltSub,175,21,1531606712707,1531606712823,116,10.10.21.6
disparityBoltSub,175,22,1531606712708,1531606712786,78,10.10.21.6
disparityBoltSub,175,23,1531606712724,1531606712798,74,10.10.21.7
disparityBoltSub,175,24,1531606712721,1531606712793,72,10.10.21.7
disparityBoltSub,175,25,1531606712712,1531606712782,70,10.10.21.6
disparityBoltSub,175,26,1531606712713,1531606712785,72,10.10.21.6
disparityBoltSub,175,27,1531606712725,1531606712795,70,10.10.21.7
disparityBoltSub,175,28,1531606712715,1531606712786,71,10.10.21.6
disparityBoltSub,175,29,1531606712727,1531606712796,69,10.10.21.7
disparityBoltSub,175,30,1531606712716,1531606712788,72,10.10.21.6
disparityBoltSub,175,31,1531606712715,1531606712785,70,10.10.21.6
disparityBolt,175,0,0,0,148,0
mergeBolt,175,0,1531606712847,1531606712862,15,10.10.21.6
reprojectionBolt,175,0,1531606712862,1531606712903,41,null
overall,175,0,1531606712599,1531606712903,304,0
videoSpout,176,0,1531606713112,1531606713116,4,10.10.21.7
rectificationBolt,176,0,1531606713136,1531606713170,34,10.10.21.6
partitionBolt,176,0,1531606713170,1531606713189,19,10.10.21.6
disparityBoltSub,176,0,1531606713218,1531606713264,46,10.10.21.7
disparityBoltSub,176,1,1531606713218,1531606713298,80,10.10.21.6
disparityBoltSub,176,2,1531606713222,1531606713298,76,10.10.21.7
disparityBoltSub,176,3,1531606713220,1531606713297,77,10.10.21.6
disparityBoltSub,176,4,1531606713224,1531606713305,81,10.10.21.7
disparityBoltSub,176,5,1531606713227,1531606713338,111,10.10.21.7
disparityBoltSub,176,6,1531606713220,1531606713338,118,10.10.21.6
disparityBoltSub,176,7,1531606713225,1531606713297,72,10.10.21.7
disparityBoltSub,176,8,1531606713222,1531606713298,76,10.10.21.6
disparityBoltSub,176,9,1531606713224,1531606713294,70,10.10.21.7
disparityBoltSub,176,10,1531606713225,1531606713298,73,10.10.21.6
disparityBoltSub,176,11,1531606713224,1531606713298,74,10.10.21.6
disparityBoltSub,176,12,1531606713223,1531606713293,70,10.10.21.6
disparityBoltSub,176,13,1531606713230,1531606713305,75,10.10.21.7
disparityBoltSub,176,14,1531606713229,1531606713301,72,10.10.21.7
disparityBoltSub,176,15,1531606713226,1531606713298,72,10.10.21.6
disparityBoltSub,176,16,1531606713227,1531606713301,74,10.10.21.7
disparityBoltSub,176,17,1531606713229,1531606713305,76,10.10.21.7
disparityBoltSub,176,18,1531606713233,1531606713306,73,10.10.21.7
disparityBoltSub,176,19,1531606713234,1531606713309,75,10.10.21.7
disparityBoltSub,176,20,1531606713229,1531606713348,119,10.10.21.6
disparityBoltSub,176,21,1531606713236,1531606713313,77,10.10.21.7
disparityBoltSub,176,22,1531606713237,1531606713351,114,10.10.21.7
disparityBoltSub,176,23,1531606713228,1531606713307,79,10.10.21.6
disparityBoltSub,176,24,1531606713240,1531606713313,73,10.10.21.7
disparityBoltSub,176,25,1531606713229,1531606713299,70,10.10.21.6
disparityBoltSub,176,26,1531606713241,1531606713311,70,10.10.21.7
disparityBoltSub,176,27,1531606713234,1531606713313,79,10.10.21.6
disparityBoltSub,176,28,1531606713243,1531606713313,70,10.10.21.7
disparityBoltSub,176,29,1531606713235,1531606713309,74,10.10.21.7
disparityBoltSub,176,30,1531606713233,1531606713306,73,10.10.21.6
disparityBoltSub,176,31,1531606713233,1531606713273,40,10.10.21.6
disparityBolt,176,0,0,0,133,0
mergeBolt,176,0,1531606713353,1531606713368,15,10.10.21.6
reprojectionBolt,176,0,1531606713368,1531606713408,40,null
overall,176,0,1531606713112,1531606713408,296,0
videoSpout,177,0,1531606713617,1531606713621,4,10.10.21.7
rectificationBolt,177,0,1531606713642,1531606713673,31,10.10.21.6
partitionBolt,177,0,1531606713673,1531606713692,19,10.10.21.6
disparityBoltSub,177,0,1531606713697,1531606713742,45,10.10.21.7
disparityBoltSub,177,1,1531606713696,1531606713779,83,10.10.21.6
disparityBoltSub,177,2,1531606713699,1531606713769,70,10.10.21.7
disparityBoltSub,177,3,1531606713695,1531606713815,120,10.10.21.6
disparityBoltSub,177,4,1531606713695,1531606713790,95,10.10.21.6
disparityBoltSub,177,5,1531606713700,1531606713771,71,10.10.21.7
disparityBoltSub,177,6,1531606713696,1531606713790,94,10.10.21.6
disparityBoltSub,177,7,1531606713696,1531606713790,94,10.10.21.6
disparityBoltSub,177,8,1531606713698,1531606713770,72,10.10.21.6
disparityBoltSub,177,9,1531606713700,1531606713795,95,10.10.21.6
disparityBoltSub,177,10,1531606713700,1531606713774,74,10.10.21.7
disparityBoltSub,177,11,1531606713702,1531606713773,71,10.10.21.7
disparityBoltSub,177,12,1531606713706,1531606713790,84,10.10.21.6
disparityBoltSub,177,13,1531606713705,1531606713776,71,10.10.21.7
disparityBoltSub,177,14,1531606713702,1531606713808,106,10.10.21.7
disparityBoltSub,177,15,1531606713706,1531606713777,71,10.10.21.7
disparityBoltSub,177,16,1531606713700,1531606713793,93,10.10.21.6
disparityBoltSub,177,17,1531606713737,1531606713811,74,10.10.21.7
disparityBoltSub,177,18,1531606713737,1531606713810,73,10.10.21.6
disparityBoltSub,177,19,1531606713738,1531606713838,100,10.10.21.6
disparityBoltSub,177,20,1531606713739,1531606713811,72,10.10.21.7
disparityBoltSub,177,21,1531606713740,1531606713812,72,10.10.21.7
disparityBoltSub,177,22,1531606713740,1531606713815,75,10.10.21.6
disparityBoltSub,177,23,1531606713740,1531606713815,75,10.10.21.6
disparityBoltSub,177,24,1531606713741,1531606713813,72,10.10.21.6
disparityBoltSub,177,25,1531606713742,1531606713823,81,10.10.21.6
disparityBoltSub,177,26,1531606713742,1531606713815,73,10.10.21.6
disparityBoltSub,177,27,1531606713743,1531606713815,72,10.10.21.6
disparityBoltSub,177,28,1531606713740,1531606713847,107,10.10.21.7
disparityBoltSub,177,29,1531606713738,1531606713811,73,10.10.21.6
disparityBoltSub,177,30,1531606713738,1531606713812,74,10.10.21.6
disparityBoltSub,177,31,1531606713741,1531606713781,40,10.10.21.7
disparityBolt,177,0,0,0,152,0
mergeBolt,177,0,1531606713848,1531606713863,15,10.10.21.6
reprojectionBolt,177,0,1531606713863,1531606713902,39,null
overall,177,0,1531606713617,1531606713902,285,0
videoSpout,178,0,1531606714121,1531606714125,4,10.10.21.7
rectificationBolt,178,0,1531606714144,1531606714168,24,10.10.21.6
partitionBolt,178,0,1531606714168,1531606714185,17,10.10.21.6
disparityBoltSub,178,0,1531606714189,1531606714232,43,10.10.21.7
disparityBoltSub,178,1,1531606714190,1531606714261,71,10.10.21.7
disparityBoltSub,178,2,1531606714191,1531606714315,124,10.10.21.7
disparityBoltSub,178,3,1531606714190,1531606714313,123,10.10.21.6
disparityBoltSub,178,4,1531606714189,1531606714260,71,10.10.21.6
disparityBoltSub,178,5,1531606714195,1531606714265,70,10.10.21.7
disparityBoltSub,178,6,1531606714193,1531606714316,123,10.10.21.7
disparityBoltSub,178,7,1531606714192,1531606714263,71,10.10.21.6
disparityBoltSub,178,8,1531606714190,1531606714317,127,10.10.21.6
disparityBoltSub,178,9,1531606714196,1531606714327,131,10.10.21.7
disparityBoltSub,178,10,1531606714197,1531606714322,125,10.10.21.7
disparityBoltSub,178,11,1531606714200,1531606714268,68,10.10.21.7
disparityBoltSub,178,12,1531606714192,1531606714265,73,10.10.21.6
disparityBoltSub,178,13,1531606714194,1531606714328,134,10.10.21.6
disparityBoltSub,178,14,1531606714194,1531606714272,78,10.10.21.6
disparityBoltSub,178,15,1531606714195,1531606714268,73,10.10.21.6
disparityBoltSub,178,16,1531606714193,1531606714264,71,10.10.21.6
disparityBoltSub,178,17,1531606714197,1531606714334,137,10.10.21.6
disparityBoltSub,178,18,1531606714194,1531606714271,77,10.10.21.6
disparityBoltSub,178,19,1531606714196,1531606714271,75,10.10.21.7
disparityBoltSub,178,20,1531606714201,1531606714272,71,10.10.21.7
disparityBoltSub,178,21,1531606714203,1531606714335,132,10.10.21.7
disparityBoltSub,178,22,1531606714196,1531606714275,79,10.10.21.6
disparityBoltSub,178,23,1531606714201,1531606714272,71,10.10.21.7
disparityBoltSub,178,24,1531606714199,1531606714329,130,10.10.21.7
disparityBoltSub,178,25,1531606714202,1531606714272,70,10.10.21.7
disparityBoltSub,178,26,1531606714204,1531606714332,128,10.10.21.7
disparityBoltSub,178,27,1531606714206,1531606714275,69,10.10.21.7
disparityBoltSub,178,28,1531606714207,1531606714275,68,10.10.21.7
disparityBoltSub,178,29,1531606714199,1531606714274,75,10.10.21.6
disparityBoltSub,178,30,1531606714208,1531606714333,125,10.10.21.7
disparityBoltSub,178,31,1531606714201,1531606714243,42,10.10.21.6
disparityBolt,178,0,0,0,146,0
mergeBolt,178,0,1531606714336,1531606714351,15,10.10.21.6
reprojectionBolt,178,0,1531606714351,1531606714395,44,null
overall,178,0,1531606714121,1531606714395,274,0
videoSpout,179,0,1531606714625,1531606714629,4,10.10.21.7
rectificationBolt,179,0,1531606714650,1531606714683,33,10.10.21.6
partitionBolt,179,0,1531606714683,1531606714702,19,10.10.21.6
disparityBoltSub,179,0,1531606714704,1531606714749,45,10.10.21.6
disparityBoltSub,179,1,1531606714706,1531606714778,72,10.10.21.7
disparityBoltSub,179,2,1531606714704,1531606714780,76,10.10.21.6
disparityBoltSub,179,3,1531606714707,1531606714779,72,10.10.21.6
disparityBoltSub,179,4,1531606714704,1531606714779,75,10.10.21.6
disparityBoltSub,179,5,1531606714709,1531606714784,75,10.10.21.7
disparityBoltSub,179,6,1531606714707,1531606714814,107,10.10.21.6
disparityBoltSub,179,7,1531606714712,1531606714786,74,10.10.21.7
disparityBoltSub,179,8,1531606714710,1531606714779,69,10.10.21.7
disparityBoltSub,179,9,1531606714714,1531606714839,125,10.10.21.7
disparityBoltSub,179,10,1531606714713,1531606714791,78,10.10.21.7
disparityBoltSub,179,11,1531606714707,1531606714779,72,10.10.21.6
disparityBoltSub,179,12,1531606714717,1531606714789,72,10.10.21.7
disparityBoltSub,179,13,1531606714711,1531606714783,72,10.10.21.7
disparityBoltSub,179,14,1531606714713,1531606714786,73,10.10.21.7
disparityBoltSub,179,15,1531606714711,1531606714787,76,10.10.21.6
disparityBoltSub,179,16,1531606714712,1531606714839,127,10.10.21.6
disparityBoltSub,179,17,1531606714717,1531606714788,71,10.10.21.7
disparityBoltSub,179,18,1531606714714,1531606714799,85,10.10.21.6
disparityBoltSub,179,19,1531606714714,1531606714785,71,10.10.21.7
disparityBoltSub,179,20,1531606714719,1531606714793,74,10.10.21.7
disparityBoltSub,179,21,1531606714722,1531606714799,77,10.10.21.7
disparityBoltSub,179,22,1531606714720,1531606714799,79,10.10.21.7
disparityBoltSub,179,23,1531606714714,1531606714812,98,10.10.21.6
disparityBoltSub,179,24,1531606714724,1531606714841,117,10.10.21.7
disparityBoltSub,179,25,1531606714717,1531606714790,73,10.10.21.7
disparityBoltSub,179,26,1531606714717,1531606714812,95,10.10.21.6
disparityBoltSub,179,27,1531606714716,1531606714842,126,10.10.21.6
disparityBoltSub,179,28,1531606714726,1531606714834,108,10.10.21.7
disparityBoltSub,179,29,1531606714720,1531606714826,106,10.10.21.6
disparityBoltSub,179,30,1531606714717,1531606714787,70,10.10.21.6
disparityBoltSub,179,31,1531606714720,1531606714800,80,10.10.21.7
disparityBolt,179,0,0,0,138,0
mergeBolt,179,0,1531606714843,1531606714858,15,10.10.21.6
reprojectionBolt,179,0,1531606714858,1531606714898,40,null
overall,179,0,1531606714625,1531606714898,273,0
videoSpout,180,0,1531606715129,1531606715133,4,10.10.21.7
rectificationBolt,180,0,1531606715153,1531606715185,32,10.10.21.6
partitionBolt,180,0,1531606715185,1531606715216,31,10.10.21.6
disparityBoltSub,180,0,1531606715220,1531606715266,46,10.10.21.7
disparityBoltSub,180,1,1531606715221,1531606715307,86,10.10.21.7
disparityBoltSub,180,2,1531606715221,1531606715304,83,10.10.21.6
disparityBoltSub,180,3,1531606715219,1531606715295,76,10.10.21.6
disparityBoltSub,180,4,1531606715221,1531606715290,69,10.10.21.7
disparityBoltSub,180,5,1531606715220,1531606715320,100,10.10.21.6
disparityBoltSub,180,6,1531606715233,1531606715308,75,10.10.21.7
disparityBoltSub,180,7,1531606715224,1531606715297,73,10.10.21.6
disparityBoltSub,180,8,1531606715234,1531606715307,73,10.10.21.7
disparityBoltSub,180,9,1531606715236,1531606715310,74,10.10.21.7
disparityBoltSub,180,10,1531606715237,1531606715310,73,10.10.21.7
disparityBoltSub,180,11,1531606715224,1531606715304,80,10.10.21.6
disparityBoltSub,180,12,1531606715226,1531606715345,119,10.10.21.6
disparityBoltSub,180,13,1531606715240,1531606715366,126,10.10.21.7
disparityBoltSub,180,14,1531606715224,1531606715294,70,10.10.21.6
disparityBoltSub,180,15,1531606715239,1531606715312,73,10.10.21.7
disparityBoltSub,180,16,1531606715227,1531606715301,74,10.10.21.6
disparityBoltSub,180,17,1531606715228,1531606715306,78,10.10.21.6
disparityBoltSub,180,18,1531606715228,1531606715320,92,10.10.21.6
disparityBoltSub,180,19,1531606715241,1531606715315,74,10.10.21.7
disparityBoltSub,180,20,1531606715230,1531606715305,75,10.10.21.6
disparityBoltSub,180,21,1531606715229,1531606715304,75,10.10.21.6
disparityBoltSub,180,22,1531606715228,1531606715317,89,10.10.21.6
disparityBoltSub,180,23,1531606715228,1531606715301,73,10.10.21.6
disparityBoltSub,180,24,1531606715228,1531606715313,85,10.10.21.6
disparityBoltSub,180,25,1531606715231,1531606715303,72,10.10.21.7
disparityBoltSub,180,26,1531606715244,1531606715369,125,10.10.21.7
disparityBoltSub,180,27,1531606715232,1531606715306,74,10.10.21.6
disparityBoltSub,180,28,1531606715230,1531606715301,71,10.10.21.6
disparityBoltSub,180,29,1531606715245,1531606715316,71,10.10.21.7
disparityBoltSub,180,30,1531606715233,1531606715303,70,10.10.21.6
disparityBoltSub,180,31,1531606715232,1531606715275,43,10.10.21.6
disparityBolt,180,0,0,0,150,0
mergeBolt,180,0,1531606715371,1531606715387,16,10.10.21.6
reprojectionBolt,180,0,1531606715387,1531606715426,39,null
overall,180,0,1531606715129,1531606715426,297,0
videoSpout,181,0,1531606715633,1531606715638,5,10.10.21.7
rectificationBolt,181,0,1531606715658,1531606715689,31,10.10.21.6
partitionBolt,181,0,1531606715689,1531606715710,21,10.10.21.6
disparityBoltSub,181,0,1531606715713,1531606715753,40,10.10.21.7
disparityBoltSub,181,1,1531606715713,1531606715791,78,10.10.21.6
disparityBoltSub,181,2,1531606715715,1531606715790,75,10.10.21.6
disparityBoltSub,181,3,1531606715714,1531606715788,74,10.10.21.6
disparityBoltSub,181,4,1531606715713,1531606715825,112,10.10.21.6
disparityBoltSub,181,5,1531606715713,1531606715785,72,10.10.21.6
disparityBoltSub,181,6,1531606715716,1531606715793,77,10.10.21.6
disparityBoltSub,181,7,1531606715713,1531606715784,71,10.10.21.6
disparityBoltSub,181,8,1531606715716,1531606715793,77,10.10.21.7
disparityBoltSub,181,9,1531606715735,1531606715859,124,10.10.21.7
disparityBoltSub,181,10,1531606715732,1531606715808,76,10.10.21.7
disparityBoltSub,181,11,1531606715736,1531606715808,72,10.10.21.7
disparityBoltSub,181,12,1531606715737,1531606715810,73,10.10.21.7
disparityBoltSub,181,13,1531606715732,1531606715810,78,10.10.21.6
disparityBoltSub,181,14,1531606715739,1531606715865,126,10.10.21.7
disparityBoltSub,181,15,1531606715735,1531606715866,131,10.10.21.6
disparityBoltSub,181,16,1531606715740,1531606715808,68,10.10.21.7
disparityBoltSub,181,17,1531606715734,1531606715809,75,10.10.21.6
disparityBoltSub,181,18,1531606715742,1531606715814,72,10.10.21.7
disparityBoltSub,181,19,1531606715745,1531606715823,78,10.10.21.7
disparityBoltSub,181,20,1531606715737,1531606715811,74,10.10.21.6
disparityBoltSub,181,21,1531606715743,1531606715869,126,10.10.21.7
disparityBoltSub,181,22,1531606715737,1531606715821,84,10.10.21.6
disparityBoltSub,181,23,1531606715740,1531606715820,80,10.10.21.6
disparityBoltSub,181,24,1531606715747,1531606715871,124,10.10.21.7
disparityBoltSub,181,25,1531606715741,1531606715815,74,10.10.21.6
disparityBoltSub,181,26,1531606715748,1531606715820,72,10.10.21.7
disparityBoltSub,181,27,1531606715744,1531606715819,75,10.10.21.6
disparityBoltSub,181,28,1531606715743,1531606715873,130,10.10.21.6
disparityBoltSub,181,29,1531606715747,1531606715856,109,10.10.21.6
disparityBoltSub,181,30,1531606715750,1531606715819,69,10.10.21.7
disparityBoltSub,181,31,1531606715744,1531606715784,40,10.10.21.6
disparityBolt,181,0,0,0,160,0
mergeBolt,181,0,1531606715874,1531606715889,15,10.10.21.6
reprojectionBolt,181,0,1531606715889,1531606715929,40,null
overall,181,0,1531606715633,1531606715929,296,0
videoSpout,182,0,1531606716138,1531606716142,4,10.10.21.7
rectificationBolt,182,0,1531606716161,1531606716189,28,10.10.21.6
partitionBolt,182,0,1531606716189,1531606716207,18,10.10.21.6
disparityBoltSub,182,0,1531606716210,1531606716283,73,10.10.21.6
disparityBoltSub,182,1,1531606716212,1531606716282,70,10.10.21.7
disparityBoltSub,182,2,1531606716213,1531606716283,70,10.10.21.7
disparityBoltSub,182,3,1531606716212,1531606716300,88,10.10.21.7
disparityBoltSub,182,4,1531606716214,1531606716286,72,10.10.21.7
disparityBoltSub,182,5,1531606716215,1531606716286,71,10.10.21.7
disparityBoltSub,182,6,1531606716211,1531606716287,76,10.10.21.6
disparityBoltSub,182,7,1531606716211,1531606716283,72,10.10.21.6
disparityBoltSub,182,8,1531606716218,1531606716288,70,10.10.21.7
disparityBoltSub,182,9,1531606716215,1531606716286,71,10.10.21.7
disparityBoltSub,182,10,1531606716220,1531606716291,71,10.10.21.7
disparityBoltSub,182,11,1531606716214,1531606716324,110,10.10.21.6
disparityBoltSub,182,12,1531606716223,1531606716297,74,10.10.21.6
disparityBoltSub,182,13,1531606716220,1531606716292,72,10.10.21.7
disparityBoltSub,182,14,1531606716223,1531606716294,71,10.10.21.7
disparityBoltSub,182,15,1531606716215,1531606716284,69,10.10.21.6
disparityBoltSub,182,16,1531606716224,1531606716293,69,10.10.21.6
disparityBoltSub,182,17,1531606716215,1531606716290,75,10.10.21.6
disparityBoltSub,182,18,1531606716216,1531606716289,73,10.10.21.6
disparityBoltSub,182,19,1531606716216,1531606716322,106,10.10.21.6
disparityBoltSub,182,20,1531606716216,1531606716302,86,10.10.21.6
disparityBoltSub,182,21,1531606716216,1531606716289,73,10.10.21.6
disparityBoltSub,182,22,1531606716224,1531606716323,99,10.10.21.7
disparityBoltSub,182,23,1531606716222,1531606716320,98,10.10.21.7
disparityBoltSub,182,24,1531606716223,1531606716293,70,10.10.21.7
disparityBoltSub,182,25,1531606716225,1531606716296,71,10.10.21.7
disparityBoltSub,182,26,1531606716227,1531606716306,79,10.10.21.7
disparityBoltSub,182,27,1531606716222,1531606716310,88,10.10.21.6
disparityBoltSub,182,28,1531606716225,1531606716334,109,10.10.21.6
disparityBoltSub,182,29,1531606716228,1531606716318,90,10.10.21.7
disparityBoltSub,182,30,1531606716230,1531606716305,75,10.10.21.7
disparityBoltSub,182,31,1531606716230,1531606716271,41,10.10.21.7
disparityBolt,182,0,0,0,124,0
mergeBolt,182,0,1531606716336,1531606716351,15,10.10.21.6
reprojectionBolt,182,0,1531606716351,1531606716391,40,null
overall,182,0,1531606716138,1531606716391,253,0
videoSpout,183,0,1531606716642,1531606716647,5,10.10.21.7
rectificationBolt,183,0,1531606716668,1531606716697,29,10.10.21.6
partitionBolt,183,0,1531606716697,1531606716715,18,10.10.21.6
disparityBoltSub,183,0,1531606716716,1531606716759,43,10.10.21.6
disparityBoltSub,183,1,1531606716720,1531606716796,76,10.10.21.7
disparityBoltSub,183,2,1531606716720,1531606716796,76,10.10.21.6
disparityBoltSub,183,3,1531606716720,1531606716792,72,10.10.21.6
disparityBoltSub,183,4,1531606716718,1531606716792,74,10.10.21.6
disparityBoltSub,183,5,1531606716722,1531606716791,69,10.10.21.6
disparityBoltSub,183,6,1531606716722,1531606716799,77,10.10.21.7
disparityBoltSub,183,7,1531606716722,1531606716792,70,10.10.21.6
disparityBoltSub,183,8,1531606716723,1531606716795,72,10.10.21.6
disparityBoltSub,183,9,1531606716723,1531606716836,113,10.10.21.7
disparityBoltSub,183,10,1531606716724,1531606716794,70,10.10.21.6
disparityBoltSub,183,11,1531606716725,1531606716796,71,10.10.21.7
disparityBoltSub,183,12,1531606716724,1531606716798,74,10.10.21.6
disparityBoltSub,183,13,1531606716722,1531606716792,70,10.10.21.6
disparityBoltSub,183,14,1531606716725,1531606716796,71,10.10.21.7
disparityBoltSub,183,15,1531606716728,1531606716797,69,10.10.21.7
disparityBoltSub,183,16,1531606716726,1531606716797,71,10.10.21.6
disparityBoltSub,183,17,1531606716727,1531606716802,75,10.10.21.6
disparityBoltSub,183,18,1531606716726,1531606716801,75,10.10.21.6
disparityBoltSub,183,19,1531606716728,1531606716801,73,10.10.21.6
disparityBoltSub,183,20,1531606716728,1531606716803,75,10.10.21.7
disparityBoltSub,183,21,1531606716731,1531606716804,73,10.10.21.7
disparityBoltSub,183,22,1531606716730,1531606716803,73,10.10.21.7
disparityBoltSub,183,23,1531606716728,1531606716801,73,10.10.21.6
disparityBoltSub,183,24,1531606716730,1531606716801,71,10.10.21.6
disparityBoltSub,183,25,1531606716731,1531606716800,69,10.10.21.6
disparityBoltSub,183,26,1531606716732,1531606716845,113,10.10.21.7
disparityBoltSub,183,27,1531606716732,1531606716804,72,10.10.21.6
disparityBoltSub,183,28,1531606716730,1531606716804,74,10.10.21.6
disparityBoltSub,183,29,1531606716732,1531606716804,72,10.10.21.6
disparityBoltSub,183,30,1531606716733,1531606716805,72,10.10.21.7
disparityBoltSub,183,31,1531606716731,1531606716771,40,10.10.21.6
disparityBolt,183,0,0,0,129,0
mergeBolt,183,0,1531606716846,1531606716862,16,10.10.21.6
reprojectionBolt,183,0,1531606716862,1531606716902,40,null
overall,183,0,1531606716642,1531606716902,260,0
videoSpout,184,0,1531606717147,1531606717152,5,10.10.21.7
rectificationBolt,184,0,1531606717177,1531606717206,29,10.10.21.6
partitionBolt,184,0,1531606717206,1531606717226,20,10.10.21.6
disparityBoltSub,184,0,1531606717229,1531606717273,44,10.10.21.7
disparityBoltSub,184,1,1531606717227,1531606717300,73,10.10.21.6
disparityBoltSub,184,2,1531606717231,1531606717301,70,10.10.21.7
disparityBoltSub,184,3,1531606717231,1531606717302,71,10.10.21.7
disparityBoltSub,184,4,1531606717231,1531606717303,72,10.10.21.6
disparityBoltSub,184,5,1531606717233,1531606717302,69,10.10.21.7
disparityBoltSub,184,6,1531606717233,1531606717341,108,10.10.21.7
disparityBoltSub,184,7,1531606717232,1531606717303,71,10.10.21.6
disparityBoltSub,184,8,1531606717234,1531606717349,115,10.10.21.7
disparityBoltSub,184,9,1531606717233,1531606717308,75,10.10.21.6
disparityBoltSub,184,10,1531606717236,1531606717311,75,10.10.21.7
disparityBoltSub,184,11,1531606717234,1531606717304,70,10.10.21.6
disparityBoltSub,184,12,1531606717236,1531606717305,69,10.10.21.7
disparityBoltSub,184,13,1531606717237,1531606717309,72,10.10.21.7
disparityBoltSub,184,14,1531606717235,1531606717305,70,10.10.21.6
disparityBoltSub,184,15,1531606717236,1531606717311,75,10.10.21.6
disparityBoltSub,184,16,1531606717235,1531606717314,79,10.10.21.6
disparityBoltSub,184,17,1531606717235,1531606717310,75,10.10.21.6
disparityBoltSub,184,18,1531606717235,1531606717309,74,10.10.21.6
disparityBoltSub,184,19,1531606717235,1531606717308,73,10.10.21.6
disparityBoltSub,184,20,1531606717238,1531606717312,74,10.10.21.6
disparityBoltSub,184,21,1531606717237,1531606717311,74,10.10.21.6
disparityBoltSub,184,22,1531606717239,1531606717357,118,10.10.21.7
disparityBoltSub,184,23,1531606717240,1531606717312,72,10.10.21.7
disparityBoltSub,184,24,1531606717238,1531606717309,71,10.10.21.6
disparityBoltSub,184,25,1531606717240,1531606717311,71,10.10.21.6
disparityBoltSub,184,26,1531606717241,1531606717311,70,10.10.21.7
disparityBoltSub,184,27,1531606717245,1531606717317,72,10.10.21.7
disparityBoltSub,184,28,1531606717243,1531606717314,71,10.10.21.7
disparityBoltSub,184,29,1531606717242,1531606717311,69,10.10.21.6
disparityBoltSub,184,30,1531606717246,1531606717318,72,10.10.21.7
disparityBoltSub,184,31,1531606717247,1531606717325,78,10.10.21.7
disparityBolt,184,0,0,0,130,0
mergeBolt,184,0,1531606717359,1531606717375,16,10.10.21.6
reprojectionBolt,184,0,1531606717375,1531606717414,39,null
overall,184,0,1531606717147,1531606717414,267,0
videoSpout,185,0,1531606717652,1531606717657,5,10.10.21.7
rectificationBolt,185,0,1531606717677,1531606717699,22,10.10.21.6
partitionBolt,185,0,1531606717699,1531606717717,18,10.10.21.6
disparityBoltSub,185,0,1531606717730,1531606717773,43,10.10.21.7
disparityBoltSub,185,1,1531606717718,1531606717807,89,10.10.21.6
disparityBoltSub,185,2,1531606717729,1531606717798,69,10.10.21.6
disparityBoltSub,185,3,1531606717732,1531606717801,69,10.10.21.7
disparityBoltSub,185,4,1531606717730,1531606717802,72,10.10.21.6
disparityBoltSub,185,5,1531606717731,1531606717807,76,10.10.21.6
disparityBoltSub,185,6,1531606717732,1531606717806,74,10.10.21.6
disparityBoltSub,185,7,1531606717732,1531606717815,83,10.10.21.7
disparityBoltSub,185,8,1531606717734,1531606717850,116,10.10.21.7
disparityBoltSub,185,9,1531606717734,1531606717803,69,10.10.21.6
disparityBoltSub,185,10,1531606717735,1531606717809,74,10.10.21.7
disparityBoltSub,185,11,1531606717734,1531606717805,71,10.10.21.6
disparityBoltSub,185,12,1531606717736,1531606717816,80,10.10.21.7
disparityBoltSub,185,13,1531606717735,1531606717809,74,10.10.21.6
disparityBoltSub,185,14,1531606717737,1531606717808,71,10.10.21.6
disparityBoltSub,185,15,1531606717738,1531606717811,73,10.10.21.6
disparityBoltSub,185,16,1531606717736,1531606717809,73,10.10.21.6
disparityBoltSub,185,17,1531606717738,1531606717815,77,10.10.21.6
disparityBoltSub,185,18,1531606717739,1531606717851,112,10.10.21.6
disparityBoltSub,185,19,1531606717739,1531606717817,78,10.10.21.6
disparityBoltSub,185,20,1531606717737,1531606717813,76,10.10.21.6
disparityBoltSub,185,21,1531606717740,1531606717860,120,10.10.21.7
disparityBoltSub,185,22,1531606717738,1531606717811,73,10.10.21.6
disparityBoltSub,185,23,1531606717740,1531606717813,73,10.10.21.6
disparityBoltSub,185,24,1531606717739,1531606717810,71,10.10.21.6
disparityBoltSub,185,25,1531606717742,1531606717815,73,10.10.21.7
disparityBoltSub,185,26,1531606717744,1531606717817,73,10.10.21.7
disparityBoltSub,185,27,1531606717743,1531606717816,73,10.10.21.7
disparityBoltSub,185,28,1531606717744,1531606717816,72,10.10.21.7
disparityBoltSub,185,29,1531606717743,1531606717814,71,10.10.21.6
disparityBoltSub,185,30,1531606717744,1531606717814,70,10.10.21.6
disparityBoltSub,185,31,1531606717743,1531606717820,77,10.10.21.6
disparityBolt,185,0,0,0,142,0
mergeBolt,185,0,1531606717862,1531606717877,15,10.10.21.6
reprojectionBolt,185,0,1531606717877,1531606717918,41,null
overall,185,0,1531606717652,1531606717918,266,0
videoSpout,186,0,1531606718158,1531606718162,4,10.10.21.7
rectificationBolt,186,0,1531606718179,1531606718209,30,10.10.21.6
partitionBolt,186,0,1531606718209,1531606718228,19,10.10.21.6
disparityBoltSub,186,0,1531606718233,1531606718310,77,10.10.21.7
disparityBoltSub,186,1,1531606718230,1531606718318,88,10.10.21.6
disparityBoltSub,186,2,1531606718233,1531606718307,74,10.10.21.7
disparityBoltSub,186,3,1531606718236,1531606718341,105,10.10.21.7
disparityBoltSub,186,4,1531606718233,1531606718305,72,10.10.21.7
disparityBoltSub,186,5,1531606718231,1531606718319,88,10.10.21.6
disparityBoltSub,186,6,1531606718236,1531606718305,69,10.10.21.7
disparityBoltSub,186,7,1531606718235,1531606718304,69,10.10.21.7
disparityBoltSub,186,8,1531606718237,1531606718312,75,10.10.21.7
disparityBoltSub,186,9,1531606718239,1531606718308,69,10.10.21.7
disparityBoltSub,186,10,1531606718235,1531606718310,75,10.10.21.6
disparityBoltSub,186,11,1531606718237,1531606718308,71,10.10.21.6
disparityBoltSub,186,12,1531606718236,1531606718309,73,10.10.21.6
disparityBoltSub,186,13,1531606718235,1531606718319,84,10.10.21.6
disparityBoltSub,186,14,1531606718237,1531606718307,70,10.10.21.6
disparityBoltSub,186,15,1531606718238,1531606718310,72,10.10.21.6
disparityBoltSub,186,16,1531606718240,1531606718313,73,10.10.21.7
disparityBoltSub,186,17,1531606718239,1531606718312,73,10.10.21.6
disparityBoltSub,186,18,1531606718237,1531606718320,83,10.10.21.6
disparityBoltSub,186,19,1531606718240,1531606718313,73,10.10.21.6
disparityBoltSub,186,20,1531606718238,1531606718324,86,10.10.21.6
disparityBoltSub,186,21,1531606718239,1531606718320,81,10.10.21.6
disparityBoltSub,186,22,1531606718241,1531606718317,76,10.10.21.6
disparityBoltSub,186,23,1531606718241,1531606718323,82,10.10.21.6
disparityBoltSub,186,24,1531606718249,1531606718318,69,10.10.21.6
disparityBoltSub,186,25,1531606718240,1531606718318,78,10.10.21.6
disparityBoltSub,186,26,1531606718240,1531606718321,81,10.10.21.6
disparityBoltSub,186,27,1531606718267,1531606718339,72,10.10.21.6
disparityBoltSub,186,28,1531606718244,1531606718312,68,10.10.21.7
disparityBoltSub,186,29,1531606718268,1531606718337,69,10.10.21.6
disparityBoltSub,186,30,1531606718242,1531606718318,76,10.10.21.6
disparityBoltSub,186,31,1531606718245,1531606718285,40,10.10.21.7
disparityBolt,186,0,0,0,111,0
mergeBolt,186,0,1531606718342,1531606718358,16,10.10.21.6
reprojectionBolt,186,0,1531606718358,1531606718399,41,null
overall,186,0,1531606718158,1531606718399,241,0
videoSpout,187,0,1531606718663,1531606718667,4,10.10.21.7
rectificationBolt,187,0,1531606718683,1531606718711,28,10.10.21.6
partitionBolt,187,0,1531606718711,1531606718731,20,10.10.21.6
disparityBoltSub,187,0,1531606718731,1531606718774,43,10.10.21.6
disparityBoltSub,187,1,1531606718735,1531606718807,72,10.10.21.7
disparityBoltSub,187,2,1531606718735,1531606718810,75,10.10.21.6
disparityBoltSub,187,3,1531606718735,1531606718810,75,10.10.21.7
disparityBoltSub,187,4,1531606718737,1531606718807,70,10.10.21.7
disparityBoltSub,187,5,1531606718737,1531606718810,73,10.10.21.6
disparityBoltSub,187,6,1531606718734,1531606718804,70,10.10.21.6
disparityBoltSub,187,7,1531606718736,1531606718809,73,10.10.21.6
disparityBoltSub,187,8,1531606718738,1531606718829,91,10.10.21.6
disparityBoltSub,187,9,1531606718738,1531606718846,108,10.10.21.7
disparityBoltSub,187,10,1531606718739,1531606718809,70,10.10.21.7
disparityBoltSub,187,11,1531606718739,1531606718811,72,10.10.21.6
disparityBoltSub,187,12,1531606718741,1531606718862,121,10.10.21.6
disparityBoltSub,187,13,1531606718739,1531606718808,69,10.10.21.6
disparityBoltSub,187,14,1531606718741,1531606718811,70,10.10.21.7
disparityBoltSub,187,15,1531606718741,1531606718814,73,10.10.21.6
disparityBoltSub,187,16,1531606718740,1531606718835,95,10.10.21.6
disparityBoltSub,187,17,1531606718740,1531606718817,77,10.10.21.6
disparityBoltSub,187,18,1531606718742,1531606718817,75,10.10.21.6
disparityBoltSub,187,19,1531606718740,1531606718815,75,10.10.21.6
disparityBoltSub,187,20,1531606718743,1531606718818,75,10.10.21.7
disparityBoltSub,187,21,1531606718740,1531606718862,122,10.10.21.6
disparityBoltSub,187,22,1531606718745,1531606718819,74,10.10.21.7
disparityBoltSub,187,23,1531606718749,1531606718822,73,10.10.21.7
disparityBoltSub,187,24,1531606718747,1531606718856,109,10.10.21.7
disparityBoltSub,187,25,1531606718750,1531606718823,73,10.10.21.7
disparityBoltSub,187,26,1531606718745,1531606718817,72,10.10.21.7
disparityBoltSub,187,27,1531606718748,1531606718819,71,10.10.21.7
disparityBoltSub,187,28,1531606718746,1531606718816,70,10.10.21.6
disparityBoltSub,187,29,1531606718753,1531606718825,72,10.10.21.7
disparityBoltSub,187,30,1531606718751,1531606718823,72,10.10.21.7
disparityBoltSub,187,31,1531606718754,1531606718795,41,10.10.21.7
disparityBolt,187,0,0,0,131,0
mergeBolt,187,0,1531606718863,1531606718880,17,10.10.21.6
reprojectionBolt,187,0,1531606718880,1531606718921,41,null
overall,187,0,1531606718663,1531606718921,258,0
videoSpout,188,0,1531606719167,1531606719171,4,10.10.21.7
rectificationBolt,188,0,1531606719193,1531606719221,28,10.10.21.6
partitionBolt,188,0,1531606719221,1531606719241,20,10.10.21.6
disparityBoltSub,188,0,1531606719244,1531606719287,43,10.10.21.6
disparityBoltSub,188,1,1531606719242,1531606719317,75,10.10.21.6
disparityBoltSub,188,2,1531606719242,1531606719317,75,10.10.21.6
disparityBoltSub,188,3,1531606719245,1531606719315,70,10.10.21.6
disparityBoltSub,188,4,1531606719245,1531606719316,71,10.10.21.7
disparityBoltSub,188,5,1531606719246,1531606719319,73,10.10.21.6
disparityBoltSub,188,6,1531606719247,1531606719316,69,10.10.21.7
disparityBoltSub,188,7,1531606719248,1531606719325,77,10.10.21.7
disparityBoltSub,188,8,1531606719247,1531606719320,73,10.10.21.6
disparityBoltSub,188,9,1531606719245,1531606719368,123,10.10.21.6
disparityBoltSub,188,10,1531606719250,1531606719319,69,10.10.21.7
disparityBoltSub,188,11,1531606719249,1531606719319,70,10.10.21.7
disparityBoltSub,188,12,1531606719246,1531606719318,72,10.10.21.6
disparityBoltSub,188,13,1531606719252,1531606719329,77,10.10.21.7
disparityBoltSub,188,14,1531606719253,1531606719325,72,10.10.21.7
disparityBoltSub,188,15,1531606719250,1531606719323,73,10.10.21.6
disparityBoltSub,188,16,1531606719251,1531606719372,121,10.10.21.6
disparityBoltSub,188,17,1531606719253,1531606719329,76,10.10.21.7
disparityBoltSub,188,18,1531606719254,1531606719380,126,10.10.21.7
disparityBoltSub,188,19,1531606719255,1531606719327,72,10.10.21.7
disparityBoltSub,188,20,1531606719253,1531606719329,76,10.10.21.6
disparityBoltSub,188,21,1531606719257,1531606719330,73,10.10.21.7
disparityBoltSub,188,22,1531606719258,1531606719369,111,10.10.21.7
disparityBoltSub,188,23,1531606719253,1531606719325,72,10.10.21.6
disparityBoltSub,188,24,1531606719254,1531606719376,122,10.10.21.6
disparityBoltSub,188,25,1531606719258,1531606719384,126,10.10.21.6
disparityBoltSub,188,26,1531606719256,1531606719326,70,10.10.21.6
disparityBoltSub,188,27,1531606719258,1531606719335,77,10.10.21.7
disparityBoltSub,188,28,1531606719255,1531606719330,75,10.10.21.6
disparityBoltSub,188,29,1531606719258,1531606719332,74,10.10.21.6
disparityBoltSub,188,30,1531606719259,1531606719344,85,10.10.21.7
disparityBoltSub,188,31,1531606719259,1531606719300,41,10.10.21.7
disparityBolt,188,0,0,0,142,0
mergeBolt,188,0,1531606719385,1531606719402,17,10.10.21.6
reprojectionBolt,188,0,1531606719402,1531606719442,40,null
overall,188,0,1531606719167,1531606719442,275,0
videoSpout,189,0,1531606719671,1531606719675,4,10.10.21.7
rectificationBolt,189,0,1531606719696,1531606719726,30,10.10.21.6
partitionBolt,189,0,1531606719726,1531606719745,19,10.10.21.6
disparityBoltSub,189,0,1531606719762,1531606719805,43,10.10.21.6
disparityBoltSub,189,1,1531606719766,1531606719841,75,10.10.21.7
disparityBoltSub,189,2,1531606719765,1531606719845,80,10.10.21.6
disparityBoltSub,189,3,1531606719767,1531606719833,66,10.10.21.7
disparityBoltSub,189,4,1531606719767,1531606719889,122,10.10.21.6
disparityBoltSub,189,5,1531606719768,1531606719840,72,10.10.21.6
disparityBoltSub,189,6,1531606719770,1531606719842,72,10.10.21.7
disparityBoltSub,189,7,1531606719768,1531606719838,70,10.10.21.7
disparityBoltSub,189,8,1531606719767,1531606719841,74,10.10.21.6
disparityBoltSub,189,9,1531606719769,1531606719840,71,10.10.21.6
disparityBoltSub,189,10,1531606719770,1531606719843,73,10.10.21.6
disparityBoltSub,189,11,1531606719771,1531606719849,78,10.10.21.7
disparityBoltSub,189,12,1531606719771,1531606719841,70,10.10.21.6
disparityBoltSub,189,13,1531606719769,1531606719893,124,10.10.21.6
disparityBoltSub,189,14,1531606719772,1531606719844,72,10.10.21.6
disparityBoltSub,189,15,1531606719773,1531606719845,72,10.10.21.6
disparityBoltSub,189,16,1531606719773,1531606719850,77,10.10.21.7
disparityBoltSub,189,17,1531606719774,1531606719860,86,10.10.21.7
disparityBoltSub,189,18,1531606719772,1531606719845,73,10.10.21.6
disparityBoltSub,189,19,1531606719774,1531606719850,76,10.10.21.6
disparityBoltSub,189,20,1531606719774,1531606719846,72,10.10.21.6
disparityBoltSub,189,21,1531606719773,1531606719847,74,10.10.21.6
disparityBoltSub,189,22,1531606719773,1531606719854,81,10.10.21.6
disparityBoltSub,189,23,1531606719778,1531606719849,71,10.10.21.7
disparityBoltSub,189,24,1531606719777,1531606719852,75,10.10.21.7
disparityBoltSub,189,25,1531606719776,1531606719847,71,10.10.21.6
disparityBoltSub,189,26,1531606719778,1531606719851,73,10.10.21.6
disparityBoltSub,189,27,1531606719780,1531606719852,72,10.10.21.7
disparityBoltSub,189,28,1531606719779,1531606719848,69,10.10.21.6
disparityBoltSub,189,29,1531606719781,1531606719863,82,10.10.21.7
disparityBoltSub,189,30,1531606719779,1531606719849,70,10.10.21.6
disparityBoltSub,189,31,1531606719779,1531606719821,42,10.10.21.6
disparityBolt,189,0,0,0,131,0
mergeBolt,189,0,1531606719893,1531606719908,15,10.10.21.6
reprojectionBolt,189,0,1531606719908,1531606719947,39,null
overall,189,0,1531606719671,1531606719947,276,0
videoSpout,190,0,1531606720175,1531606720179,4,10.10.21.7
rectificationBolt,190,0,1531606720197,1531606720225,28,10.10.21.6
partitionBolt,190,0,1531606720225,1531606720243,18,10.10.21.6
disparityBoltSub,190,0,1531606720247,1531606720293,46,10.10.21.7
disparityBoltSub,190,1,1531606720244,1531606720331,87,10.10.21.6
disparityBoltSub,190,2,1531606720248,1531606720322,74,10.10.21.7
disparityBoltSub,190,3,1531606720249,1531606720330,81,10.10.21.6
disparityBoltSub,190,4,1531606720249,1531606720324,75,10.10.21.7
disparityBoltSub,190,5,1531606720253,1531606720323,70,10.10.21.7
disparityBoltSub,190,6,1531606720247,1531606720330,83,10.10.21.6
disparityBoltSub,190,7,1531606720251,1531606720325,74,10.10.21.7
disparityBoltSub,190,8,1531606720250,1531606720321,71,10.10.21.6
disparityBoltSub,190,9,1531606720250,1531606720319,69,10.10.21.7
disparityBoltSub,190,10,1531606720252,1531606720330,78,10.10.21.6
disparityBoltSub,190,11,1531606720251,1531606720355,104,10.10.21.6
disparityBoltSub,190,12,1531606720249,1531606720332,83,10.10.21.6
disparityBoltSub,190,13,1531606720256,1531606720327,71,10.10.21.7
disparityBoltSub,190,14,1531606720255,1531606720327,72,10.10.21.7
disparityBoltSub,190,15,1531606720254,1531606720337,83,10.10.21.6
disparityBoltSub,190,16,1531606720254,1531606720327,73,10.10.21.7
disparityBoltSub,190,17,1531606720255,1531606720330,75,10.10.21.7
disparityBoltSub,190,18,1531606720257,1531606720333,76,10.10.21.7
disparityBoltSub,190,19,1531606720280,1531606720353,73,10.10.21.7
disparityBoltSub,190,20,1531606720267,1531606720344,77,10.10.21.6
disparityBoltSub,190,21,1531606720283,1531606720355,72,10.10.21.7
disparityBoltSub,190,22,1531606720282,1531606720357,75,10.10.21.7
disparityBoltSub,190,23,1531606720255,1531606720339,84,10.10.21.6
disparityBoltSub,190,24,1531606720285,1531606720355,70,10.10.21.7
disparityBoltSub,190,25,1531606720255,1531606720338,83,10.10.21.6
disparityBoltSub,190,26,1531606720288,1531606720364,76,10.10.21.7
disparityBoltSub,190,27,1531606720259,1531606720347,88,10.10.21.6
disparityBoltSub,190,28,1531606720288,1531606720358,70,10.10.21.7
disparityBoltSub,190,29,1531606720281,1531606720354,73,10.10.21.7
disparityBoltSub,190,30,1531606720280,1531606720384,104,10.10.21.6
disparityBoltSub,190,31,1531606720279,1531606720321,42,10.10.21.6
disparityBolt,190,0,0,0,140,0
mergeBolt,190,0,1531606720385,1531606720399,14,10.10.21.6
reprojectionBolt,190,0,1531606720399,1531606720439,40,null
overall,190,0,1531606720175,1531606720439,264,0
videoSpout,191,0,1531606720679,1531606720683,4,10.10.21.7
rectificationBolt,191,0,1531606720702,1531606720731,29,10.10.21.6
partitionBolt,191,0,1531606720731,1531606720750,19,10.10.21.6
disparityBoltSub,191,0,1531606720754,1531606720793,39,10.10.21.7
disparityBoltSub,191,1,1531606720753,1531606720829,76,10.10.21.6
disparityBoltSub,191,2,1531606720756,1531606720823,67,10.10.21.7
disparityBoltSub,191,3,1531606720752,1531606720829,77,10.10.21.6
disparityBoltSub,191,4,1531606720752,1531606720825,73,10.10.21.6
disparityBoltSub,191,5,1531606720757,1531606720828,71,10.10.21.7
disparityBoltSub,191,6,1531606720753,1531606720834,81,10.10.21.6
disparityBoltSub,191,7,1531606720753,1531606720824,71,10.10.21.6
disparityBoltSub,191,8,1531606720755,1531606720833,78,10.10.21.6
disparityBoltSub,191,9,1531606720758,1531606720837,79,10.10.21.6
disparityBoltSub,191,10,1531606720758,1531606720831,73,10.10.21.7
disparityBoltSub,191,11,1531606720760,1531606720831,71,10.10.21.7
disparityBoltSub,191,12,1531606720759,1531606720832,73,10.10.21.6
disparityBoltSub,191,13,1531606720761,1531606720832,71,10.10.21.7
disparityBoltSub,191,14,1531606720761,1531606720834,73,10.10.21.7
disparityBoltSub,191,15,1531606720761,1531606720833,72,10.10.21.7
disparityBoltSub,191,16,1531606720758,1531606720832,74,10.10.21.6
disparityBoltSub,191,17,1531606720764,1531606720838,74,10.10.21.7
disparityBoltSub,191,18,1531606720761,1531606720893,132,10.10.21.6
disparityBoltSub,191,19,1531606720762,1531606720895,133,10.10.21.6
disparityBoltSub,191,20,1531606720766,1531606720837,71,10.10.21.7
disparityBoltSub,191,21,1531606720767,1531606720839,72,10.10.21.7
disparityBoltSub,191,22,1531606720763,1531606720897,134,10.10.21.6
disparityBoltSub,191,23,1531606720764,1531606720895,131,10.10.21.6
disparityBoltSub,191,24,1531606720764,1531606720853,89,10.10.21.6
disparityBoltSub,191,25,1531606720766,1531606720879,113,10.10.21.6
disparityBoltSub,191,26,1531606720766,1531606720898,132,10.10.21.6
disparityBoltSub,191,27,1531606720767,1531606720839,72,10.10.21.6
disparityBoltSub,191,28,1531606720768,1531606720836,68,10.10.21.7
disparityBoltSub,191,29,1531606720765,1531606720838,73,10.10.21.6
disparityBoltSub,191,30,1531606720766,1531606720838,72,10.10.21.6
disparityBoltSub,191,31,1531606720769,1531606720809,40,10.10.21.7
disparityBolt,191,0,0,0,146,0
mergeBolt,191,0,1531606720899,1531606720916,17,10.10.21.6
reprojectionBolt,191,0,1531606720916,1531606720973,57,null
overall,191,0,1531606720679,1531606720973,294,0
videoSpout,192,0,1531606721183,1531606721188,5,10.10.21.7
rectificationBolt,192,0,1531606721206,1531606721231,25,10.10.21.6
partitionBolt,192,0,1531606721231,1531606721249,18,10.10.21.6
disparityBoltSub,192,0,1531606721252,1531606721296,44,10.10.21.7
disparityBoltSub,192,1,1531606721253,1531606721333,80,10.10.21.7
disparityBoltSub,192,2,1531606721261,1531606721332,71,10.10.21.7
disparityBoltSub,192,3,1531606721254,1531606721324,70,10.10.21.6
disparityBoltSub,192,4,1531606721255,1531606721326,71,10.10.21.6
disparityBoltSub,192,5,1531606721263,1531606721335,72,10.10.21.7
disparityBoltSub,192,6,1531606721264,1531606721342,78,10.10.21.7
disparityBoltSub,192,7,1531606721257,1531606721326,69,10.10.21.6
disparityBoltSub,192,8,1531606721254,1531606721327,73,10.10.21.6
disparityBoltSub,192,9,1531606721266,1531606721338,72,10.10.21.7
disparityBoltSub,192,10,1531606721267,1531606721338,71,10.10.21.7
disparityBoltSub,192,11,1531606721269,1531606721341,72,10.10.21.7
disparityBoltSub,192,12,1531606721257,1531606721330,73,10.10.21.6
disparityBoltSub,192,13,1531606721260,1531606721332,72,10.10.21.6
disparityBoltSub,192,14,1531606721261,1531606721382,121,10.10.21.6
disparityBoltSub,192,15,1531606721263,1531606721339,76,10.10.21.6
disparityBoltSub,192,16,1531606721260,1531606721378,118,10.10.21.6
disparityBoltSub,192,17,1531606721264,1531606721337,73,10.10.21.6
disparityBoltSub,192,18,1531606721261,1531606721341,80,10.10.21.6
disparityBoltSub,192,19,1531606721264,1531606721344,80,10.10.21.7
disparityBoltSub,192,20,1531606721271,1531606721344,73,10.10.21.7
disparityBoltSub,192,21,1531606721272,1531606721363,91,10.10.21.7
disparityBoltSub,192,22,1531606721264,1531606721345,81,10.10.21.6
disparityBoltSub,192,23,1531606721266,1531606721354,88,10.10.21.7
disparityBoltSub,192,24,1531606721268,1531606721343,75,10.10.21.7
disparityBoltSub,192,25,1531606721270,1531606721340,70,10.10.21.7
disparityBoltSub,192,26,1531606721274,1531606721341,67,10.10.21.7
disparityBoltSub,192,27,1531606721273,1531606721344,71,10.10.21.7
disparityBoltSub,192,28,1531606721275,1531606721346,71,10.10.21.7
disparityBoltSub,192,29,1531606721267,1531606721342,75,10.10.21.6
disparityBoltSub,192,30,1531606721279,1531606721358,79,10.10.21.7
disparityBoltSub,192,31,1531606721270,1531606721310,40,10.10.21.6
disparityBolt,192,0,0,0,130,0
mergeBolt,192,0,1531606721383,1531606721398,15,10.10.21.6
reprojectionBolt,192,0,1531606721398,1531606721437,39,null
overall,192,0,1531606721183,1531606721437,254,0
videoSpout,193,0,1531606721688,1531606721692,4,10.10.21.7
rectificationBolt,193,0,1531606721713,1531606721747,34,10.10.21.6
partitionBolt,193,0,1531606721747,1531606721788,41,10.10.21.6
disparityBoltSub,193,0,1531606721790,1531606721835,45,10.10.21.6
disparityBoltSub,193,1,1531606721792,1531606721917,125,10.10.21.7
disparityBoltSub,193,2,1531606721790,1531606721866,76,10.10.21.6
disparityBoltSub,193,3,1531606721792,1531606721867,75,10.10.21.6
disparityBoltSub,193,4,1531606721791,1531606721866,75,10.10.21.6
disparityBoltSub,193,5,1531606721794,1531606721868,74,10.10.21.7
disparityBoltSub,193,6,1531606721793,1531606721868,75,10.10.21.6
disparityBoltSub,193,7,1531606721797,1531606721869,72,10.10.21.7
disparityBoltSub,193,8,1531606721795,1531606721869,74,10.10.21.7
disparityBoltSub,193,9,1531606721801,1531606721870,69,10.10.21.7
disparityBoltSub,193,10,1531606721799,1531606721875,76,10.10.21.7
disparityBoltSub,193,11,1531606721793,1531606721863,70,10.10.21.6
disparityBoltSub,193,12,1531606721802,1531606721875,73,10.10.21.7
disparityBoltSub,193,13,1531606721797,1531606721868,71,10.10.21.7
disparityBoltSub,193,14,1531606721799,1531606721915,116,10.10.21.7
disparityBoltSub,193,15,1531606721797,1531606721872,75,10.10.21.6
disparityBoltSub,193,16,1531606721798,1531606721871,73,10.10.21.6
disparityBoltSub,193,17,1531606721804,1531606721880,76,10.10.21.7
disparityBoltSub,193,18,1531606721800,1531606721881,81,10.10.21.6
disparityBoltSub,193,19,1531606721800,1531606721875,75,10.10.21.7
disparityBoltSub,193,20,1531606721807,1531606721926,119,10.10.21.7
disparityBoltSub,193,21,1531606721806,1531606721886,80,10.10.21.7
disparityBoltSub,193,22,1531606721809,1531606721917,108,10.10.21.7
disparityBoltSub,193,23,1531606721800,1531606721873,73,10.10.21.6
disparityBoltSub,193,24,1531606721810,1531606721884,74,10.10.21.7
disparityBoltSub,193,25,1531606721804,1531606721897,93,10.10.21.7
disparityBoltSub,193,26,1531606721806,1531606721919,113,10.10.21.6
disparityBoltSub,193,27,1531606721803,1531606721875,72,10.10.21.6
disparityBoltSub,193,28,1531606721811,1531606721881,70,10.10.21.7
disparityBoltSub,193,29,1531606721807,1531606721919,112,10.10.21.6
disparityBoltSub,193,30,1531606721803,1531606721876,73,10.10.21.6
disparityBoltSub,193,31,1531606721807,1531606721847,40,10.10.21.7
disparityBolt,193,0,0,0,136,0
mergeBolt,193,0,1531606721927,1531606721943,16,10.10.21.6
reprojectionBolt,193,0,1531606721943,1531606721982,39,null
overall,193,0,1531606721688,1531606721982,294,0
videoSpout,194,0,1531606722192,1531606722196,4,10.10.21.7
rectificationBolt,194,0,1531606722214,1531606722244,30,10.10.21.6
partitionBolt,194,0,1531606722244,1531606722262,18,10.10.21.6
disparityBoltSub,194,0,1531606722265,1531606722337,72,10.10.21.7
disparityBoltSub,194,1,1531606722266,1531606722339,73,10.10.21.7
disparityBoltSub,194,2,1531606722266,1531606722345,79,10.10.21.6
disparityBoltSub,194,3,1531606722265,1531606722338,73,10.10.21.6
disparityBoltSub,194,4,1531606722268,1531606722367,99,10.10.21.7
disparityBoltSub,194,5,1531606722265,1531606722338,73,10.10.21.6
disparityBoltSub,194,6,1531606722269,1531606722342,73,10.10.21.7
disparityBoltSub,194,7,1531606722267,1531606722349,82,10.10.21.6
disparityBoltSub,194,8,1531606722271,1531606722342,71,10.10.21.7
disparityBoltSub,194,9,1531606722269,1531606722340,71,10.10.21.7
disparityBoltSub,194,10,1531606722272,1531606722345,73,10.10.21.7
disparityBoltSub,194,11,1531606722270,1531606722343,73,10.10.21.6
disparityBoltSub,194,12,1531606722272,1531606722353,81,10.10.21.6
disparityBoltSub,194,13,1531606722278,1531606722349,71,10.10.21.7
disparityBoltSub,194,14,1531606722276,1531606722349,73,10.10.21.6
disparityBoltSub,194,15,1531606722279,1531606722353,74,10.10.21.7
disparityBoltSub,194,16,1531606722278,1531606722352,74,10.10.21.6
disparityBoltSub,194,17,1531606722279,1531606722386,107,10.10.21.6
disparityBoltSub,194,18,1531606722280,1531606722361,81,10.10.21.6
disparityBoltSub,194,19,1531606722280,1531606722355,75,10.10.21.7
disparityBoltSub,194,20,1531606722281,1531606722397,116,10.10.21.6
disparityBoltSub,194,21,1531606722281,1531606722355,74,10.10.21.6
disparityBoltSub,194,22,1531606722280,1531606722399,119,10.10.21.6
disparityBoltSub,194,23,1531606722280,1531606722386,106,10.10.21.6
disparityBoltSub,194,24,1531606722280,1531606722353,73,10.10.21.6
disparityBoltSub,194,25,1531606722284,1531606722356,72,10.10.21.7
disparityBoltSub,194,26,1531606722285,1531606722358,73,10.10.21.7
disparityBoltSub,194,27,1531606722283,1531606722362,79,10.10.21.6
disparityBoltSub,194,28,1531606722282,1531606722388,106,10.10.21.6
disparityBoltSub,194,29,1531606722286,1531606722356,70,10.10.21.7
disparityBoltSub,194,30,1531606722284,1531606722393,109,10.10.21.6
disparityBoltSub,194,31,1531606722283,1531606722328,45,10.10.21.6
disparityBolt,194,0,0,0,134,0
mergeBolt,194,0,1531606722399,1531606722414,15,10.10.21.6
reprojectionBolt,194,0,1531606722414,1531606722453,39,null
overall,194,0,1531606722192,1531606722453,261,0
videoSpout,195,0,1531606722696,1531606722700,4,10.10.21.7
rectificationBolt,195,0,1531606722720,1531606722752,32,10.10.21.6
partitionBolt,195,0,1531606722752,1531606722771,19,10.10.21.6
disparityBoltSub,195,0,1531606722774,1531606722820,46,10.10.21.7
disparityBoltSub,195,1,1531606722775,1531606722846,71,10.10.21.6
disparityBoltSub,195,2,1531606722776,1531606722847,71,10.10.21.6
disparityBoltSub,195,3,1531606722775,1531606722902,127,10.10.21.6
disparityBoltSub,195,4,1531606722773,1531606722880,107,10.10.21.6
disparityBoltSub,195,5,1531606722774,1531606722847,73,10.10.21.6
disparityBoltSub,195,6,1531606722777,1531606722851,74,10.10.21.6
disparityBoltSub,195,7,1531606722775,1531606722847,72,10.10.21.6
disparityBoltSub,195,8,1531606722781,1531606722859,78,10.10.21.7
disparityBoltSub,195,9,1531606722781,1531606722854,73,10.10.21.7
disparityBoltSub,195,10,1531606722782,1531606722854,72,10.10.21.7
disparityBoltSub,195,11,1531606722785,1531606722863,78,10.10.21.7
disparityBoltSub,195,12,1531606722787,1531606722859,72,10.10.21.7
disparityBoltSub,195,13,1531606722777,1531606722848,71,10.10.21.6
disparityBoltSub,195,14,1531606722787,1531606722859,72,10.10.21.7
disparityBoltSub,195,15,1531606722782,1531606722908,126,10.10.21.6
disparityBoltSub,195,16,1531606722789,1531606722863,74,10.10.21.7
disparityBoltSub,195,17,1531606722779,1531606722855,76,10.10.21.6
disparityBoltSub,195,18,1531606722791,1531606722865,74,10.10.21.7
disparityBoltSub,195,19,1531606722794,1531606722868,74,10.10.21.7
disparityBoltSub,195,20,1531606722780,1531606722857,77,10.10.21.6
disparityBoltSub,195,21,1531606722792,1531606722869,77,10.10.21.7
disparityBoltSub,195,22,1531606722781,1531606722885,104,10.10.21.6
disparityBoltSub,195,23,1531606722783,1531606722857,74,10.10.21.6
disparityBoltSub,195,24,1531606722795,1531606722866,71,10.10.21.7
disparityBoltSub,195,25,1531606722785,1531606722856,71,10.10.21.6
disparityBoltSub,195,26,1531606722796,1531606722870,74,10.10.21.7
disparityBoltSub,195,27,1531606722793,1531606722867,74,10.10.21.6
disparityBoltSub,195,28,1531606722792,1531606722864,72,10.10.21.6
disparityBoltSub,195,29,1531606722794,1531606722871,77,10.10.21.6
disparityBoltSub,195,30,1531606722797,1531606722867,70,10.10.21.7
disparityBoltSub,195,31,1531606722786,1531606722827,41,10.10.21.6
disparityBolt,195,0,0,0,135,0
mergeBolt,195,0,1531606722908,1531606722927,19,10.10.21.6
reprojectionBolt,195,0,1531606722928,1531606722966,38,null
overall,195,0,1531606722696,1531606722966,270,0
videoSpout,196,0,1531606723201,1531606723205,4,10.10.21.7
rectificationBolt,196,0,1531606723223,1531606723253,30,10.10.21.6
partitionBolt,196,0,1531606723253,1531606723273,20,10.10.21.6
disparityBoltSub,196,0,1531606723274,1531606723317,43,10.10.21.6
disparityBoltSub,196,1,1531606723277,1531606723350,73,10.10.21.7
disparityBoltSub,196,2,1531606723279,1531606723349,70,10.10.21.7
disparityBoltSub,196,3,1531606723278,1531606723355,77,10.10.21.7
disparityBoltSub,196,4,1531606723287,1531606723362,75,10.10.21.7
disparityBoltSub,196,5,1531606723281,1531606723352,71,10.10.21.7
disparityBoltSub,196,6,1531606723277,1531606723357,80,10.10.21.6
disparityBoltSub,196,7,1531606723277,1531606723355,78,10.10.21.6
disparityBoltSub,196,8,1531606723283,1531606723354,71,10.10.21.7
disparityBoltSub,196,9,1531606723290,1531606723364,74,10.10.21.7
disparityBoltSub,196,10,1531606723287,1531606723357,70,10.10.21.7
disparityBoltSub,196,11,1531606723281,1531606723358,77,10.10.21.6
disparityBoltSub,196,12,1531606723282,1531606723352,70,10.10.21.6
disparityBoltSub,196,13,1531606723284,1531606723352,68,10.10.21.7
disparityBoltSub,196,14,1531606723285,1531606723393,108,10.10.21.7
disparityBoltSub,196,15,1531606723280,1531606723354,74,10.10.21.6
disparityBoltSub,196,16,1531606723282,1531606723354,72,10.10.21.6
disparityBoltSub,196,17,1531606723282,1531606723355,73,10.10.21.6
disparityBoltSub,196,18,1531606723282,1531606723355,73,10.10.21.6
disparityBoltSub,196,19,1531606723282,1531606723355,73,10.10.21.6
disparityBoltSub,196,20,1531606723282,1531606723363,81,10.10.21.6
disparityBoltSub,196,21,1531606723282,1531606723363,81,10.10.21.6
disparityBoltSub,196,22,1531606723287,1531606723363,76,10.10.21.7
disparityBoltSub,196,23,1531606723291,1531606723363,72,10.10.21.7
disparityBoltSub,196,24,1531606723293,1531606723363,70,10.10.21.7
disparityBoltSub,196,25,1531606723289,1531606723363,74,10.10.21.7
disparityBoltSub,196,26,1531606723290,1531606723421,131,10.10.21.7
disparityBoltSub,196,27,1531606723287,1531606723375,88,10.10.21.6
disparityBoltSub,196,28,1531606723288,1531606723365,77,10.10.21.6
disparityBoltSub,196,29,1531606723294,1531606723424,130,10.10.21.7
disparityBoltSub,196,30,1531606723292,1531606723363,71,10.10.21.7
disparityBoltSub,196,31,1531606723294,1531606723370,76,10.10.21.7
disparityBolt,196,0,0,0,150,0
mergeBolt,196,0,1531606723426,1531606723441,15,10.10.21.6
reprojectionBolt,196,0,1531606723441,1531606723481,40,null
overall,196,0,1531606723201,1531606723481,280,0
videoSpout,197,0,1531606723706,1531606723710,4,10.10.21.7
rectificationBolt,197,0,1531606723730,1531606723762,32,10.10.21.6
partitionBolt,197,0,1531606723762,1531606723788,26,10.10.21.6
disparityBoltSub,197,0,1531606723789,1531606723837,48,10.10.21.6
disparityBoltSub,197,1,1531606723792,1531606723865,73,10.10.21.7
disparityBoltSub,197,2,1531606723792,1531606723866,74,10.10.21.6
disparityBoltSub,197,3,1531606723792,1531606723866,74,10.10.21.6
disparityBoltSub,197,4,1531606723790,1531606723860,70,10.10.21.6
disparityBoltSub,197,5,1531606723793,1531606723928,135,10.10.21.6
disparityBoltSub,197,6,1531606723794,1531606723866,72,10.10.21.7
disparityBoltSub,197,7,1531606723795,1531606723870,75,10.10.21.6
disparityBoltSub,197,8,1531606723795,1531606723871,76,10.10.21.6
disparityBoltSub,197,9,1531606723796,1531606723866,70,10.10.21.7
disparityBoltSub,197,10,1531606723797,1531606723932,135,10.10.21.6
disparityBoltSub,197,11,1531606723797,1531606723868,71,10.10.21.7
disparityBoltSub,197,12,1531606723797,1531606723870,73,10.10.21.6
disparityBoltSub,197,13,1531606723796,1531606723869,73,10.10.21.6
disparityBoltSub,197,14,1531606723798,1531606723870,72,10.10.21.7
disparityBoltSub,197,15,1531606723800,1531606723867,67,10.10.21.7
disparityBoltSub,197,16,1531606723800,1531606723870,70,10.10.21.6
disparityBoltSub,197,17,1531606723799,1531606723873,74,10.10.21.6
disparityBoltSub,197,18,1531606723798,1531606723874,76,10.10.21.6
disparityBoltSub,197,19,1531606723801,1531606723878,77,10.10.21.6
disparityBoltSub,197,20,1531606723802,1531606723875,73,10.10.21.7
disparityBoltSub,197,21,1531606723802,1531606723874,72,10.10.21.7
disparityBoltSub,197,22,1531606723801,1531606723877,76,10.10.21.7
disparityBoltSub,197,23,1531606723800,1531606723873,73,10.10.21.6
disparityBoltSub,197,24,1531606723802,1531606723875,73,10.10.21.6
disparityBoltSub,197,25,1531606723803,1531606723873,70,10.10.21.6
disparityBoltSub,197,26,1531606723804,1531606723875,71,10.10.21.7
disparityBoltSub,197,27,1531606723804,1531606723876,72,10.10.21.6
disparityBoltSub,197,28,1531606723802,1531606723876,74,10.10.21.6
disparityBoltSub,197,29,1531606723806,1531606723879,73,10.10.21.6
disparityBoltSub,197,30,1531606723806,1531606723874,68,10.10.21.7
disparityBoltSub,197,31,1531606723803,1531606723845,42,10.10.21.6
disparityBolt,197,0,0,0,143,0
mergeBolt,197,0,1531606723933,1531606723948,15,10.10.21.6
reprojectionBolt,197,0,1531606723948,1531606723988,40,null
overall,197,0,1531606723706,1531606723988,282,0
videoSpout,198,0,1531606724210,1531606724214,4,10.10.21.7
rectificationBolt,198,0,1531606724231,1531606724262,31,10.10.21.6
partitionBolt,198,0,1531606724262,1531606724280,18,10.10.21.6
disparityBoltSub,198,0,1531606724283,1531606724335,52,10.10.21.7
disparityBoltSub,198,1,1531606724282,1531606724403,121,10.10.21.6
disparityBoltSub,198,2,1531606724285,1531606724357,72,10.10.21.7
disparityBoltSub,198,3,1531606724285,1531606724359,74,10.10.21.7
disparityBoltSub,198,4,1531606724286,1531606724359,73,10.10.21.6
disparityBoltSub,198,5,1531606724287,1531606724358,71,10.10.21.7
disparityBoltSub,198,6,1531606724287,1531606724359,72,10.10.21.7
disparityBoltSub,198,7,1531606724287,1531606724357,70,10.10.21.6
disparityBoltSub,198,8,1531606724290,1531606724362,72,10.10.21.7
disparityBoltSub,198,9,1531606724287,1531606724360,73,10.10.21.6
disparityBoltSub,198,10,1531606724304,1531606724379,75,10.10.21.7
disparityBoltSub,198,11,1531606724288,1531606724363,75,10.10.21.6
disparityBoltSub,198,12,1531606724290,1531606724360,70,10.10.21.7
disparityBoltSub,198,13,1531606724305,1531606724378,73,10.10.21.7
disparityBoltSub,198,14,1531606724304,1531606724373,69,10.10.21.6
disparityBoltSub,198,15,1531606724303,1531606724372,69,10.10.21.6
disparityBoltSub,198,16,1531606724301,1531606724377,76,10.10.21.6
disparityBoltSub,198,17,1531606724301,1531606724374,73,10.10.21.6
disparityBoltSub,198,18,1531606724302,1531606724413,111,10.10.21.6
disparityBoltSub,198,19,1531606724302,1531606724412,110,10.10.21.6
disparityBoltSub,198,20,1531606724305,1531606724380,75,10.10.21.6
disparityBoltSub,198,21,1531606724303,1531606724375,72,10.10.21.6
disparityBoltSub,198,22,1531606724306,1531606724381,75,10.10.21.7
disparityBoltSub,198,23,1531606724307,1531606724381,74,10.10.21.7
disparityBoltSub,198,24,1531606724304,1531606724423,119,10.10.21.6
disparityBoltSub,198,25,1531606724306,1531606724377,71,10.10.21.6
disparityBoltSub,198,26,1531606724310,1531606724380,70,10.10.21.7
disparityBoltSub,198,27,1531606724308,1531606724386,78,10.10.21.7
disparityBoltSub,198,28,1531606724312,1531606724384,72,10.10.21.7
disparityBoltSub,198,29,1531606724308,1531606724383,75,10.10.21.6
disparityBoltSub,198,30,1531606724315,1531606724390,75,10.10.21.7
disparityBoltSub,198,31,1531606724314,1531606724355,41,10.10.21.7
disparityBolt,198,0,0,0,141,0
mergeBolt,198,0,1531606724423,1531606724439,16,10.10.21.6
reprojectionBolt,198,0,1531606724439,1531606724477,38,null
overall,198,0,1531606724210,1531606724477,267,0
videoSpout,199,0,1531606724714,1531606724718,4,10.10.21.7
rectificationBolt,199,0,1531606724739,1531606724763,24,10.10.21.6
partitionBolt,199,0,1531606724763,1531606724781,18,10.10.21.6
disparityBoltSub,199,0,1531606724784,1531606724826,42,10.10.21.7
disparityBoltSub,199,1,1531606724782,1531606724858,76,10.10.21.6
disparityBoltSub,199,2,1531606724783,1531606724852,69,10.10.21.6
disparityBoltSub,199,3,1531606724786,1531606724858,72,10.10.21.7
disparityBoltSub,199,4,1531606724783,1531606724853,70,10.10.21.6
disparityBoltSub,199,5,1531606724787,1531606724861,74,10.10.21.6
disparityBoltSub,199,6,1531606724786,1531606724864,78,10.10.21.6
disparityBoltSub,199,7,1531606724788,1531606724863,75,10.10.21.7
disparityBoltSub,199,8,1531606724789,1531606724861,72,10.10.21.7
disparityBoltSub,199,9,1531606724788,1531606724857,69,10.10.21.6
disparityBoltSub,199,10,1531606724791,1531606724863,72,10.10.21.7
disparityBoltSub,199,11,1531606724789,1531606724860,71,10.10.21.6
disparityBoltSub,199,12,1531606724792,1531606724863,71,10.10.21.7
disparityBoltSub,199,13,1531606724790,1531606724870,80,10.10.21.6
disparityBoltSub,199,14,1531606724790,1531606724874,84,10.10.21.6
disparityBoltSub,199,15,1531606724792,1531606724889,97,10.10.21.6
disparityBoltSub,199,16,1531606724790,1531606724900,110,10.10.21.6
disparityBoltSub,199,17,1531606724794,1531606724874,80,10.10.21.6
disparityBoltSub,199,18,1531606724793,1531606724879,86,10.10.21.6
disparityBoltSub,199,19,1531606724795,1531606724874,79,10.10.21.6
disparityBoltSub,199,20,1531606724791,1531606724868,77,10.10.21.6
disparityBoltSub,199,21,1531606724795,1531606724872,77,10.10.21.7
disparityBoltSub,199,22,1531606724793,1531606724866,73,10.10.21.6
disparityBoltSub,199,23,1531606724796,1531606724872,76,10.10.21.6
disparityBoltSub,199,24,1531606724794,1531606724863,69,10.10.21.6
disparityBoltSub,199,25,1531606724796,1531606724866,70,10.10.21.7
disparityBoltSub,199,26,1531606724799,1531606724870,71,10.10.21.7
disparityBoltSub,199,27,1531606724797,1531606724871,74,10.10.21.7
disparityBoltSub,199,28,1531606724800,1531606724868,68,10.10.21.7
disparityBoltSub,199,29,1531606724797,1531606724872,75,10.10.21.6
disparityBoltSub,199,30,1531606724799,1531606724871,72,10.10.21.6
disparityBoltSub,199,31,1531606724797,1531606724836,39,10.10.21.6
disparityBolt,199,0,0,0,118,0
mergeBolt,199,0,1531606724900,1531606724916,16,10.10.21.6
reprojectionBolt,199,0,1531606724916,1531606724960,44,null
overall,199,0,1531606724714,1531606724960,246,0
videoSpout,200,0,1531606725218,1531606725222,4,10.10.21.7
rectificationBolt,200,0,1531606725240,1531606725270,30,10.10.21.6
partitionBolt,200,0,1531606725270,1531606725289,19,10.10.21.6
disparityBoltSub,200,0,1531606725295,1531606725337,42,10.10.21.7
disparityBoltSub,200,1,1531606725291,1531606725363,72,10.10.21.6
disparityBoltSub,200,2,1531606725293,1531606725365,72,10.10.21.7
disparityBoltSub,200,3,1531606725296,1531606725411,115,10.10.21.7
disparityBoltSub,200,4,1531606725294,1531606725367,73,10.10.21.7
disparityBoltSub,200,5,1531606725293,1531606725364,71,10.10.21.6
disparityBoltSub,200,6,1531606725297,1531606725367,70,10.10.21.7
disparityBoltSub,200,7,1531606725299,1531606725369,70,10.10.21.7
disparityBoltSub,200,8,1531606725299,1531606725370,71,10.10.21.7
disparityBoltSub,200,9,1531606725300,1531606725369,69,10.10.21.7
disparityBoltSub,200,10,1531606725298,1531606725368,70,10.10.21.6
disparityBoltSub,200,11,1531606725300,1531606725414,114,10.10.21.6
disparityBoltSub,200,12,1531606725298,1531606725367,69,10.10.21.6
disparityBoltSub,200,13,1531606725297,1531606725369,72,10.10.21.6
disparityBoltSub,200,14,1531606725302,1531606725406,104,10.10.21.6
disparityBoltSub,200,15,1531606725301,1531606725371,70,10.10.21.6
disparityBoltSub,200,16,1531606725302,1531606725416,114,10.10.21.7
disparityBoltSub,200,17,1531606725303,1531606725379,76,10.10.21.6
disparityBoltSub,200,18,1531606725299,1531606725376,77,10.10.21.6
disparityBoltSub,200,19,1531606725303,1531606725379,76,10.10.21.6
disparityBoltSub,200,20,1531606725300,1531606725398,98,10.10.21.6
disparityBoltSub,200,21,1531606725300,1531606725375,75,10.10.21.6
disparityBoltSub,200,22,1531606725304,1531606725400,96,10.10.21.6
disparityBoltSub,200,23,1531606725305,1531606725378,73,10.10.21.6
disparityBoltSub,200,24,1531606725305,1531606725394,89,10.10.21.6
disparityBoltSub,200,25,1531606725302,1531606725394,92,10.10.21.6
disparityBoltSub,200,26,1531606725302,1531606725372,70,10.10.21.6
disparityBoltSub,200,27,1531606725306,1531606725378,72,10.10.21.6
disparityBoltSub,200,28,1531606725307,1531606725379,72,10.10.21.7
disparityBoltSub,200,29,1531606725307,1531606725384,77,10.10.21.6
disparityBoltSub,200,30,1531606725304,1531606725376,72,10.10.21.6
disparityBoltSub,200,31,1531606725307,1531606725348,41,10.10.21.7
disparityBolt,200,0,0,0,125,0
mergeBolt,200,0,1531606725418,1531606725432,14,10.10.21.6
reprojectionBolt,200,0,1531606725432,1531606725471,39,null
overall,200,0,1531606725218,1531606725471,253,0
videoSpout,201,0,1531606725723,1531606725727,4,10.10.21.7
rectificationBolt,201,0,1531606725746,1531606725775,29,10.10.21.6
partitionBolt,201,0,1531606725775,1531606725799,24,10.10.21.6
disparityBoltSub,201,0,1531606725800,1531606725878,78,10.10.21.6
disparityBoltSub,201,1,1531606725802,1531606725874,72,10.10.21.7
disparityBoltSub,201,2,1531606725803,1531606725877,74,10.10.21.6
disparityBoltSub,201,3,1531606725804,1531606725882,78,10.10.21.7
disparityBoltSub,201,4,1531606725804,1531606725876,72,10.10.21.7
disparityBoltSub,201,5,1531606725804,1531606725912,108,10.10.21.6
disparityBoltSub,201,6,1531606725803,1531606725873,70,10.10.21.6
disparityBoltSub,201,7,1531606725805,1531606725924,119,10.10.21.6
disparityBoltSub,201,8,1531606725804,1531606725877,73,10.10.21.6
disparityBoltSub,201,9,1531606725807,1531606725877,70,10.10.21.7
disparityBoltSub,201,10,1531606725807,1531606725881,74,10.10.21.7
disparityBoltSub,201,11,1531606725807,1531606725927,120,10.10.21.6
disparityBoltSub,201,12,1531606725808,1531606725930,122,10.10.21.6
disparityBoltSub,201,13,1531606725810,1531606725882,72,10.10.21.6
disparityBoltSub,201,14,1531606725808,1531606725879,71,10.10.21.7
disparityBoltSub,201,15,1531606725811,1531606725883,72,10.10.21.6
disparityBoltSub,201,16,1531606725807,1531606725929,122,10.10.21.6
disparityBoltSub,201,17,1531606725807,1531606725882,75,10.10.21.6
disparityBoltSub,201,18,1531606725812,1531606725884,72,10.10.21.6
disparityBoltSub,201,19,1531606725808,1531606725884,76,10.10.21.6
disparityBoltSub,201,20,1531606725811,1531606725883,72,10.10.21.7
disparityBoltSub,201,21,1531606725809,1531606725931,122,10.10.21.6
disparityBoltSub,201,22,1531606725812,1531606725918,106,10.10.21.7
disparityBoltSub,201,23,1531606725816,1531606725887,71,10.10.21.7
disparityBoltSub,201,24,1531606725814,1531606725886,72,10.10.21.7
disparityBoltSub,201,25,1531606725817,1531606725920,103,10.10.21.7
disparityBoltSub,201,26,1531606725814,1531606725886,72,10.10.21.7
disparityBoltSub,201,27,1531606725815,1531606725890,75,10.10.21.7
disparityBoltSub,201,28,1531606725815,1531606725933,118,10.10.21.6
disparityBoltSub,201,29,1531606725821,1531606725890,69,10.10.21.7
disparityBoltSub,201,30,1531606725819,1531606725889,70,10.10.21.7
disparityBoltSub,201,31,1531606725820,1531606725862,42,10.10.21.7
disparityBolt,201,0,0,0,133,0
mergeBolt,201,0,1531606725935,1531606725949,14,10.10.21.6
reprojectionBolt,201,0,1531606725949,1531606725990,41,null
overall,201,0,1531606725723,1531606725990,267,0
videoSpout,202,0,1531606726227,1531606726232,5,10.10.21.7
rectificationBolt,202,0,1531606726252,1531606726284,32,10.10.21.6
partitionBolt,202,0,1531606726284,1531606726304,20,10.10.21.6
disparityBoltSub,202,0,1531606726306,1531606726350,44,10.10.21.6
disparityBoltSub,202,1,1531606726305,1531606726376,71,10.10.21.6
disparityBoltSub,202,2,1531606726305,1531606726377,72,10.10.21.6
disparityBoltSub,202,3,1531606726307,1531606726396,89,10.10.21.6
disparityBoltSub,202,4,1531606726309,1531606726388,79,10.10.21.7
disparityBoltSub,202,5,1531606726309,1531606726377,68,10.10.21.6
disparityBoltSub,202,6,1531606726311,1531606726387,76,10.10.21.7
disparityBoltSub,202,7,1531606726311,1531606726387,76,10.10.21.7
disparityBoltSub,202,8,1531606726311,1531606726424,113,10.10.21.6
disparityBoltSub,202,9,1531606726309,1531606726382,73,10.10.21.6
disparityBoltSub,202,10,1531606726313,1531606726382,69,10.10.21.7
disparityBoltSub,202,11,1531606726313,1531606726387,74,10.10.21.7
disparityBoltSub,202,12,1531606726311,1531606726380,69,10.10.21.6
disparityBoltSub,202,13,1531606726315,1531606726383,68,10.10.21.7
disparityBoltSub,202,14,1531606726316,1531606726420,104,10.10.21.7
disparityBoltSub,202,15,1531606726313,1531606726384,71,10.10.21.6
disparityBoltSub,202,16,1531606726314,1531606726433,119,10.10.21.6
disparityBoltSub,202,17,1531606726315,1531606726394,79,10.10.21.7
disparityBoltSub,202,18,1531606726318,1531606726392,74,10.10.21.7
disparityBoltSub,202,19,1531606726318,1531606726391,73,10.10.21.7
disparityBoltSub,202,20,1531606726318,1531606726412,94,10.10.21.6
disparityBoltSub,202,21,1531606726324,1531606726397,73,10.10.21.7
disparityBoltSub,202,22,1531606726326,1531606726403,77,10.10.21.7
disparityBoltSub,202,23,1531606726323,1531606726397,74,10.10.21.6
disparityBoltSub,202,24,1531606726325,1531606726399,74,10.10.21.6
disparityBoltSub,202,25,1531606726327,1531606726411,84,10.10.21.6
disparityBoltSub,202,26,1531606726327,1531606726397,70,10.10.21.6
disparityBoltSub,202,27,1531606726327,1531606726438,111,10.10.21.7
disparityBoltSub,202,28,1531606726325,1531606726399,74,10.10.21.6
disparityBoltSub,202,29,1531606726328,1531606726401,73,10.10.21.6
disparityBoltSub,202,30,1531606726335,1531606726403,68,10.10.21.7
disparityBoltSub,202,31,1531606726328,1531606726370,42,10.10.21.7
disparityBolt,202,0,0,0,133,0
mergeBolt,202,0,1531606726439,1531606726455,16,10.10.21.6
reprojectionBolt,202,0,1531606726455,1531606726494,39,null
overall,202,0,1531606726227,1531606726494,267,0
videoSpout,203,0,1531606726732,1531606726736,4,10.10.21.7
rectificationBolt,203,0,1531606726757,1531606726788,31,10.10.21.6
partitionBolt,203,0,1531606726788,1531606726807,19,10.10.21.6
disparityBoltSub,203,0,1531606726808,1531606726850,42,10.10.21.6
disparityBoltSub,203,1,1531606726812,1531606726884,72,10.10.21.7
disparityBoltSub,203,2,1531606726811,1531606726884,73,10.10.21.6
disparityBoltSub,203,3,1531606726814,1531606726886,72,10.10.21.7
disparityBoltSub,203,4,1531606726811,1531606726880,69,10.10.21.6
disparityBoltSub,203,5,1531606726813,1531606726884,71,10.10.21.6
disparityBoltSub,203,6,1531606726814,1531606726886,72,10.10.21.7
disparityBoltSub,203,7,1531606726815,1531606726885,70,10.10.21.7
disparityBoltSub,203,8,1531606726812,1531606726883,71,10.10.21.6
disparityBoltSub,203,9,1531606726814,1531606726884,70,10.10.21.6
disparityBoltSub,203,10,1531606726815,1531606726888,73,10.10.21.6
disparityBoltSub,203,11,1531606726816,1531606726887,71,10.10.21.7
disparityBoltSub,203,12,1531606726817,1531606726889,72,10.10.21.6
disparityBoltSub,203,13,1531606726815,1531606726889,74,10.10.21.6
disparityBoltSub,203,14,1531606726817,1531606726889,72,10.10.21.6
disparityBoltSub,203,15,1531606726818,1531606726891,73,10.10.21.6
disparityBoltSub,203,16,1531606726818,1531606726893,75,10.10.21.7
disparityBoltSub,203,17,1531606726819,1531606726891,72,10.10.21.7
disparityBoltSub,203,18,1531606726817,1531606726919,102,10.10.21.6
disparityBoltSub,203,19,1531606726820,1531606726943,123,10.10.21.6
disparityBoltSub,203,20,1531606726820,1531606726927,107,10.10.21.6
disparityBoltSub,203,21,1531606726818,1531606726892,74,10.10.21.6
disparityBoltSub,203,22,1531606726819,1531606726896,77,10.10.21.6
disparityBoltSub,203,23,1531606726823,1531606726894,71,10.10.21.7
disparityBoltSub,203,24,1531606726821,1531606726893,72,10.10.21.7
disparityBoltSub,203,25,1531606726828,1531606726898,70,10.10.21.6
disparityBoltSub,203,26,1531606726829,1531606726905,76,10.10.21.6
disparityBoltSub,203,27,1531606726824,1531606726900,76,10.10.21.7
disparityBoltSub,203,28,1531606726830,1531606726901,71,10.10.21.6
disparityBoltSub,203,29,1531606726826,1531606726900,74,10.10.21.7
disparityBoltSub,203,30,1531606726831,1531606726944,113,10.10.21.6
disparityBoltSub,203,31,1531606726830,1531606726869,39,10.10.21.6
disparityBolt,203,0,0,0,136,0
mergeBolt,203,0,1531606726945,1531606726960,15,10.10.21.6
reprojectionBolt,203,0,1531606726960,1531606727001,41,null
overall,203,0,1531606726732,1531606727001,269,0
videoSpout,204,0,1531606727236,1531606727241,5,10.10.21.7
rectificationBolt,204,0,1531606727263,1531606727292,29,10.10.21.6
partitionBolt,204,0,1531606727292,1531606727310,18,10.10.21.6
disparityBoltSub,204,0,1531606727313,1531606727356,43,10.10.21.7
disparityBoltSub,204,1,1531606727311,1531606727388,77,10.10.21.6
disparityBoltSub,204,2,1531606727315,1531606727390,75,10.10.21.7
disparityBoltSub,204,3,1531606727315,1531606727438,123,10.10.21.6
disparityBoltSub,204,4,1531606727316,1531606727396,80,10.10.21.7
disparityBoltSub,204,5,1531606727318,1531606727388,70,10.10.21.7
disparityBoltSub,204,6,1531606727314,1531606727385,71,10.10.21.6
disparityBoltSub,204,7,1531606727320,1531606727411,91,10.10.21.7
disparityBoltSub,204,8,1531606727317,1531606727392,75,10.10.21.6
disparityBoltSub,204,9,1531606727318,1531606727389,71,10.10.21.7
disparityBoltSub,204,10,1531606727318,1531606727394,76,10.10.21.6
disparityBoltSub,204,11,1531606727318,1531606727387,69,10.10.21.6
disparityBoltSub,204,12,1531606727317,1531606727387,70,10.10.21.6
disparityBoltSub,204,13,1531606727324,1531606727395,71,10.10.21.7
disparityBoltSub,204,14,1531606727321,1531606727392,71,10.10.21.7
disparityBoltSub,204,15,1531606727321,1531606727392,71,10.10.21.6
disparityBoltSub,204,16,1531606727321,1531606727413,92,10.10.21.7
disparityBoltSub,204,17,1531606727324,1531606727417,93,10.10.21.7
disparityBoltSub,204,18,1531606727325,1531606727399,74,10.10.21.7
disparityBoltSub,204,19,1531606727326,1531606727456,130,10.10.21.7
disparityBoltSub,204,20,1531606727322,1531606727447,125,10.10.21.6
disparityBoltSub,204,21,1531606727330,1531606727403,73,10.10.21.7
disparityBoltSub,204,22,1531606727328,1531606727425,97,10.10.21.7
disparityBoltSub,204,23,1531606727323,1531606727400,77,10.10.21.6
disparityBoltSub,204,24,1531606727330,1531606727404,74,10.10.21.7
disparityBoltSub,204,25,1531606727324,1531606727395,71,10.10.21.6
disparityBoltSub,204,26,1531606727332,1531606727459,127,10.10.21.7
disparityBoltSub,204,27,1531606727326,1531606727405,79,10.10.21.6
disparityBoltSub,204,28,1531606727334,1531606727404,70,10.10.21.7
disparityBoltSub,204,29,1531606727328,1531606727397,69,10.10.21.7
disparityBoltSub,204,30,1531606727326,1531606727399,73,10.10.21.6
disparityBoltSub,204,31,1531606727326,1531606727368,42,10.10.21.6
disparityBolt,204,0,0,0,148,0
mergeBolt,204,0,1531606727461,1531606727477,16,10.10.21.6
reprojectionBolt,204,0,1531606727477,1531606727517,40,null
overall,204,0,1531606727236,1531606727517,281,0
videoSpout,205,0,1531606727741,1531606727745,4,10.10.21.7
rectificationBolt,205,0,1531606727767,1531606727797,30,10.10.21.6
partitionBolt,205,0,1531606727797,1531606727816,19,10.10.21.6
disparityBoltSub,205,0,1531606727826,1531606727868,42,10.10.21.7
disparityBoltSub,205,1,1531606727822,1531606727897,75,10.10.21.6
disparityBoltSub,205,2,1531606727827,1531606727901,74,10.10.21.7
disparityBoltSub,205,3,1531606727824,1531606727898,74,10.10.21.6
disparityBoltSub,205,4,1531606727825,1531606727896,71,10.10.21.6
disparityBoltSub,205,5,1531606727828,1531606727898,70,10.10.21.7
disparityBoltSub,205,6,1531606727825,1531606727903,78,10.10.21.6
disparityBoltSub,205,7,1531606727826,1531606727898,72,10.10.21.6
disparityBoltSub,205,8,1531606727828,1531606727902,74,10.10.21.6
disparityBoltSub,205,9,1531606727828,1531606727908,80,10.10.21.6
disparityBoltSub,205,10,1531606727830,1531606727903,73,10.10.21.7
disparityBoltSub,205,11,1531606727832,1531606727905,73,10.10.21.7
disparityBoltSub,205,12,1531606727831,1531606727906,75,10.10.21.6
disparityBoltSub,205,13,1531606727833,1531606727906,73,10.10.21.7
disparityBoltSub,205,14,1531606727833,1531606727904,71,10.10.21.7
disparityBoltSub,205,15,1531606727834,1531606727907,73,10.10.21.7
disparityBoltSub,205,16,1531606727831,1531606727955,124,10.10.21.6
disparityBoltSub,205,17,1531606727835,1531606727909,74,10.10.21.7
disparityBoltSub,205,18,1531606727833,1531606727929,96,10.10.21.6
disparityBoltSub,205,19,1531606727833,1531606727907,74,10.10.21.6
disparityBoltSub,205,20,1531606727837,1531606727913,76,10.10.21.7
disparityBoltSub,205,21,1531606727839,1531606727912,73,10.10.21.7
disparityBoltSub,205,22,1531606727835,1531606727912,77,10.10.21.6
disparityBoltSub,205,23,1531606727836,1531606727910,74,10.10.21.6
disparityBoltSub,205,24,1531606727835,1531606727913,78,10.10.21.6
disparityBoltSub,205,25,1531606727837,1531606727941,104,10.10.21.6
disparityBoltSub,205,26,1531606727837,1531606727909,72,10.10.21.6
disparityBoltSub,205,27,1531606727838,1531606727909,71,10.10.21.6
disparityBoltSub,205,28,1531606727838,1531606727910,72,10.10.21.7
disparityBoltSub,205,29,1531606727836,1531606727910,74,10.10.21.6
disparityBoltSub,205,30,1531606727837,1531606727909,72,10.10.21.6
disparityBoltSub,205,31,1531606727840,1531606727883,43,10.10.21.7
disparityBolt,205,0,0,0,133,0
mergeBolt,205,0,1531606727955,1531606727972,17,10.10.21.6
reprojectionBolt,205,0,1531606727972,1531606728011,39,null
overall,205,0,1531606727741,1531606728011,270,0
videoSpout,206,0,1531606728245,1531606728249,4,10.10.21.7
rectificationBolt,206,0,1531606728267,1531606728292,25,10.10.21.6
partitionBolt,206,0,1531606728292,1531606728309,17,10.10.21.6
disparityBoltSub,206,0,1531606728311,1531606728354,43,10.10.21.7
disparityBoltSub,206,1,1531606728316,1531606728384,68,10.10.21.7
disparityBoltSub,206,2,1531606728314,1531606728382,68,10.10.21.7
disparityBoltSub,206,3,1531606728314,1531606728383,69,10.10.21.6
disparityBoltSub,206,4,1531606728314,1531606728387,73,10.10.21.6
disparityBoltSub,206,5,1531606728318,1531606728387,69,10.10.21.7
disparityBoltSub,206,6,1531606728317,1531606728424,107,10.10.21.7
disparityBoltSub,206,7,1531606728316,1531606728386,70,10.10.21.6
disparityBoltSub,206,8,1531606728314,1531606728421,107,10.10.21.6
disparityBoltSub,206,9,1531606728320,1531606728388,68,10.10.21.7
disparityBoltSub,206,10,1531606728322,1531606728395,73,10.10.21.7
disparityBoltSub,206,11,1531606728324,1531606728392,68,10.10.21.7
disparityBoltSub,206,12,1531606728316,1531606728392,76,10.10.21.6
disparityBoltSub,206,13,1531606728318,1531606728393,75,10.10.21.6
disparityBoltSub,206,14,1531606728319,1531606728398,79,10.10.21.6
disparityBoltSub,206,15,1531606728319,1531606728437,118,10.10.21.6
disparityBoltSub,206,16,1531606728318,1531606728392,74,10.10.21.6
disparityBoltSub,206,17,1531606728320,1531606728394,74,10.10.21.6
disparityBoltSub,206,18,1531606728319,1531606728432,113,10.10.21.6
disparityBoltSub,206,19,1531606728321,1531606728395,74,10.10.21.7
disparityBoltSub,206,20,1531606728325,1531606728396,71,10.10.21.7
disparityBoltSub,206,21,1531606728327,1531606728399,72,10.10.21.7
disparityBoltSub,206,22,1531606728320,1531606728399,79,10.10.21.6
disparityBoltSub,206,23,1531606728323,1531606728396,73,10.10.21.7
disparityBoltSub,206,24,1531606728326,1531606728438,112,10.10.21.7
disparityBoltSub,206,25,1531606728327,1531606728394,67,10.10.21.7
disparityBoltSub,206,26,1531606728328,1531606728399,71,10.10.21.7
disparityBoltSub,206,27,1531606728330,1531606728400,70,10.10.21.7
disparityBoltSub,206,28,1531606728330,1531606728403,73,10.10.21.7
disparityBoltSub,206,29,1531606728324,1531606728440,116,10.10.21.6
disparityBoltSub,206,30,1531606728332,1531606728408,76,10.10.21.7
disparityBoltSub,206,31,1531606728326,1531606728365,39,10.10.21.6
disparityBolt,206,0,0,0,129,0
mergeBolt,206,0,1531606728441,1531606728456,15,10.10.21.6
reprojectionBolt,206,0,1531606728456,1531606728495,39,null
overall,206,0,1531606728245,1531606728495,250,0
videoSpout,207,0,1531606728750,1531606728754,4,10.10.21.7
rectificationBolt,207,0,1531606728774,1531606728804,30,10.10.21.6
partitionBolt,207,0,1531606728804,1531606728823,19,10.10.21.6
disparityBoltSub,207,0,1531606728824,1531606728870,46,10.10.21.6
disparityBoltSub,207,1,1531606728827,1531606728903,76,10.10.21.7
disparityBoltSub,207,2,1531606728824,1531606728897,73,10.10.21.6
disparityBoltSub,207,3,1531606728829,1531606728901,72,10.10.21.6
disparityBoltSub,207,4,1531606728825,1531606728899,74,10.10.21.6
disparityBoltSub,207,5,1531606728829,1531606728896,67,10.10.21.7
disparityBoltSub,207,6,1531606728830,1531606728907,77,10.10.21.6
disparityBoltSub,207,7,1531606728830,1531606728901,71,10.10.21.7
disparityBoltSub,207,8,1531606728831,1531606728898,67,10.10.21.7
disparityBoltSub,207,9,1531606728833,1531606728903,70,10.10.21.7
disparityBoltSub,207,10,1531606728834,1531606728970,136,10.10.21.7
disparityBoltSub,207,11,1531606728828,1531606728935,107,10.10.21.6
disparityBoltSub,207,12,1531606728836,1531606728908,72,10.10.21.7
disparityBoltSub,207,13,1531606728834,1531606728968,134,10.10.21.7
disparityBoltSub,207,14,1531606728832,1531606728968,136,10.10.21.7
disparityBoltSub,207,15,1531606728834,1531606728911,77,10.10.21.6
disparityBoltSub,207,16,1531606728833,1531606728941,108,10.10.21.6
disparityBoltSub,207,17,1531606728838,1531606728974,136,10.10.21.7
disparityBoltSub,207,18,1531606728834,1531606728920,86,10.10.21.6
disparityBoltSub,207,19,1531606728835,1531606728907,72,10.10.21.7
disparityBoltSub,207,20,1531606728839,1531606728909,70,10.10.21.7
disparityBoltSub,207,21,1531606728842,1531606728916,74,10.10.21.7
disparityBoltSub,207,22,1531606728841,1531606728921,80,10.10.21.7
disparityBoltSub,207,23,1531606728835,1531606728905,70,10.10.21.6
disparityBoltSub,207,24,1531606728844,1531606728917,73,10.10.21.7
disparityBoltSub,207,25,1531606728838,1531606728910,72,10.10.21.7
disparityBoltSub,207,26,1531606728838,1531606728910,72,10.10.21.6
disparityBoltSub,207,27,1531606728839,1531606728910,71,10.10.21.6
disparityBoltSub,207,28,1531606728845,1531606728920,75,10.10.21.7
disparityBoltSub,207,29,1531606728840,1531606728911,71,10.10.21.6
disparityBoltSub,207,30,1531606728838,1531606728908,70,10.10.21.6
disparityBoltSub,207,31,1531606728840,1531606728885,45,10.10.21.7
disparityBolt,207,0,0,0,150,0
mergeBolt,207,0,1531606728975,1531606728995,20,10.10.21.6
reprojectionBolt,207,0,1531606728995,1531606729037,42,null
overall,207,0,1531606728750,1531606729037,287,0
videoSpout,208,0,1531606729254,1531606729258,4,10.10.21.7
rectificationBolt,208,0,1531606729277,1531606729317,40,10.10.21.6
partitionBolt,208,0,1531606729317,1531606729338,21,10.10.21.6
disparityBoltSub,208,0,1531606729340,1531606729386,46,10.10.21.7
disparityBoltSub,208,1,1531606729342,1531606729418,76,10.10.21.7
disparityBoltSub,208,2,1531606729342,1531606729424,82,10.10.21.6
disparityBoltSub,208,3,1531606729340,1531606729414,74,10.10.21.6
disparityBoltSub,208,4,1531606729343,1531606729413,70,10.10.21.7
disparityBoltSub,208,5,1531606729340,1531606729416,76,10.10.21.6
disparityBoltSub,208,6,1531606729344,1531606729418,74,10.10.21.7
disparityBoltSub,208,7,1531606729343,1531606729420,77,10.10.21.6
disparityBoltSub,208,8,1531606729347,1531606729418,71,10.10.21.7
disparityBoltSub,208,9,1531606729345,1531606729418,73,10.10.21.7
disparityBoltSub,208,10,1531606729348,1531606729418,70,10.10.21.7
disparityBoltSub,208,11,1531606729351,1531606729430,79,10.10.21.6
disparityBoltSub,208,12,1531606729352,1531606729443,91,10.10.21.6
disparityBoltSub,208,13,1531606729351,1531606729424,73,10.10.21.7
disparityBoltSub,208,14,1531606729346,1531606729419,73,10.10.21.6
disparityBoltSub,208,15,1531606729350,1531606729423,73,10.10.21.7
disparityBoltSub,208,16,1531606729353,1531606729435,82,10.10.21.6
disparityBoltSub,208,17,1531606729354,1531606729433,79,10.10.21.6
disparityBoltSub,208,18,1531606729355,1531606729447,92,10.10.21.6
disparityBoltSub,208,19,1531606729354,1531606729436,82,10.10.21.7
disparityBoltSub,208,20,1531606729356,1531606729480,124,10.10.21.6
disparityBoltSub,208,21,1531606729357,1531606729432,75,10.10.21.6
disparityBoltSub,208,22,1531606729350,1531606729430,80,10.10.21.6
disparityBoltSub,208,23,1531606729350,1531606729429,79,10.10.21.6
disparityBoltSub,208,24,1531606729351,1531606729470,119,10.10.21.6
disparityBoltSub,208,25,1531606729354,1531606729427,73,10.10.21.7
disparityBoltSub,208,26,1531606729355,1531606729426,71,10.10.21.7
disparityBoltSub,208,27,1531606729358,1531606729438,80,10.10.21.6
disparityBoltSub,208,28,1531606729353,1531606729429,76,10.10.21.6
disparityBoltSub,208,29,1531606729356,1531606729426,70,10.10.21.7
disparityBoltSub,208,30,1531606729359,1531606729433,74,10.10.21.6
disparityBoltSub,208,31,1531606729354,1531606729401,47,10.10.21.6
disparityBolt,208,0,0,0,140,0
mergeBolt,208,0,1531606729481,1531606729497,16,10.10.21.6
reprojectionBolt,208,0,1531606729497,1531606729536,39,null
overall,208,0,1531606729254,1531606729536,282,0
videoSpout,209,0,1531606729758,1531606729767,9,10.10.21.7
rectificationBolt,209,0,1531606729788,1531606729818,30,10.10.21.6
partitionBolt,209,0,1531606729818,1531606729837,19,10.10.21.6
disparityBoltSub,209,0,1531606729839,1531606729882,43,10.10.21.7
disparityBoltSub,209,1,1531606729840,1531606729912,72,10.10.21.6
disparityBoltSub,209,2,1531606729842,1531606729914,72,10.10.21.6
disparityBoltSub,209,3,1531606729840,1531606729915,75,10.10.21.6
disparityBoltSub,209,4,1531606729839,1531606729912,73,10.10.21.6
disparityBoltSub,209,5,1531606729840,1531606729913,73,10.10.21.6
disparityBoltSub,209,6,1531606729843,1531606729918,75,10.10.21.6
disparityBoltSub,209,7,1531606729840,1531606729917,77,10.10.21.6
disparityBoltSub,209,8,1531606729843,1531606729913,70,10.10.21.7
disparityBoltSub,209,9,1531606729856,1531606729947,91,10.10.21.7
disparityBoltSub,209,10,1531606729855,1531606729930,75,10.10.21.7
disparityBoltSub,209,11,1531606729857,1531606729924,67,10.10.21.7
disparityBoltSub,209,12,1531606729859,1531606729929,70,10.10.21.7
disparityBoltSub,209,13,1531606729853,1531606729931,78,10.10.21.6
disparityBoltSub,209,14,1531606729860,1531606729947,87,10.10.21.7
disparityBoltSub,209,15,1531606729856,1531606729930,74,10.10.21.6
disparityBoltSub,209,16,1531606729862,1531606729930,68,10.10.21.7
disparityBoltSub,209,17,1531606729856,1531606729931,75,10.10.21.6
disparityBoltSub,209,18,1531606729864,1531606729942,78,10.10.21.7
disparityBoltSub,209,19,1531606729865,1531606729936,71,10.10.21.7
disparityBoltSub,209,20,1531606729857,1531606729933,76,10.10.21.6
disparityBoltSub,209,21,1531606729866,1531606729942,76,10.10.21.7
disparityBoltSub,209,22,1531606729858,1531606729933,75,10.10.21.6
disparityBoltSub,209,23,1531606729861,1531606729935,74,10.10.21.6
disparityBoltSub,209,24,1531606729868,1531606729937,69,10.10.21.7
disparityBoltSub,209,25,1531606729861,1531606729944,83,10.10.21.6
disparityBoltSub,209,26,1531606729870,1531606729943,73,10.10.21.7
disparityBoltSub,209,27,1531606729863,1531606729933,70,10.10.21.6
disparityBoltSub,209,28,1531606729866,1531606729938,72,10.10.21.6
disparityBoltSub,209,29,1531606729865,1531606729946,81,10.10.21.6
disparityBoltSub,209,30,1531606729871,1531606729945,74,10.10.21.7
disparityBoltSub,209,31,1531606729864,1531606729941,77,10.10.21.6
disparityBolt,209,0,0,0,108,0
mergeBolt,209,0,1531606729949,1531606729964,15,10.10.21.6
reprojectionBolt,209,0,1531606729964,1531606730003,39,null
overall,209,0,1531606729758,1531606730003,245,0
videoSpout,210,0,1531606730267,1531606730271,4,10.10.21.7
rectificationBolt,210,0,1531606730292,1531606730324,32,10.10.21.6
partitionBolt,210,0,1531606730324,1531606730343,19,10.10.21.6
disparityBoltSub,210,0,1531606730347,1531606730388,41,10.10.21.6
disparityBoltSub,210,1,1531606730347,1531606730455,108,10.10.21.7
disparityBoltSub,210,2,1531606730349,1531606730456,107,10.10.21.7
disparityBoltSub,210,3,1531606730348,1531606730466,118,10.10.21.7
disparityBoltSub,210,4,1531606730350,1531606730414,64,10.10.21.7
disparityBoltSub,210,5,1531606730350,1531606730413,63,10.10.21.7
disparityBoltSub,210,6,1531606730347,1531606730422,75,10.10.21.6
disparityBoltSub,210,7,1531606730346,1531606730419,73,10.10.21.6
disparityBoltSub,210,8,1531606730353,1531606730473,120,10.10.21.7
disparityBoltSub,210,9,1531606730351,1531606730439,88,10.10.21.7
disparityBoltSub,210,10,1531606730353,1531606730473,120,10.10.21.7
disparityBoltSub,210,11,1531606730351,1531606730424,73,10.10.21.6
disparityBoltSub,210,12,1531606730352,1531606730423,71,10.10.21.6
disparityBoltSub,210,13,1531606730354,1531606730423,69,10.10.21.7
disparityBoltSub,210,14,1531606730356,1531606730424,68,10.10.21.7
disparityBoltSub,210,15,1531606730350,1531606730419,69,10.10.21.6
disparityBoltSub,210,16,1531606730354,1531606730431,77,10.10.21.6
disparityBoltSub,210,17,1531606730351,1531606730425,74,10.10.21.6
disparityBoltSub,210,18,1531606730351,1531606730423,72,10.10.21.6
disparityBoltSub,210,19,1531606730352,1531606730426,74,10.10.21.6
disparityBoltSub,210,20,1531606730351,1531606730460,109,10.10.21.6
disparityBoltSub,210,21,1531606730352,1531606730426,74,10.10.21.6
disparityBoltSub,210,22,1531606730358,1531606730434,76,10.10.21.7
disparityBoltSub,210,23,1531606730355,1531606730426,71,10.10.21.7
disparityBoltSub,210,24,1531606730356,1531606730420,64,10.10.21.7
disparityBoltSub,210,25,1531606730358,1531606730441,83,10.10.21.7
disparityBoltSub,210,26,1531606730360,1531606730429,69,10.10.21.7
disparityBoltSub,210,27,1531606730357,1531606730437,80,10.10.21.6
disparityBoltSub,210,28,1531606730358,1531606730464,106,10.10.21.6
disparityBoltSub,210,29,1531606730361,1531606730478,117,10.10.21.7
disparityBoltSub,210,30,1531606730363,1531606730435,72,10.10.21.7
disparityBoltSub,210,31,1531606730364,1531606730401,37,10.10.21.7
disparityBolt,210,0,0,0,132,0
mergeBolt,210,0,1531606730480,1531606730497,17,10.10.21.6
reprojectionBolt,210,0,1531606730497,1531606730536,39,null
overall,210,0,1531606730267,1531606730536,269,0
videoSpout,211,0,1531606730771,1531606730775,4,10.10.21.7
rectificationBolt,211,0,1531606730796,1531606730833,37,10.10.21.6
partitionBolt,211,0,1531606730833,1531606730854,21,10.10.21.6
disparityBoltSub,211,0,1531606730855,1531606730896,41,10.10.21.6
disparityBoltSub,211,1,1531606730858,1531606730931,73,10.10.21.7
disparityBoltSub,211,2,1531606730858,1531606730928,70,10.10.21.6
disparityBoltSub,211,3,1531606730858,1531606730930,72,10.10.21.6
disparityBoltSub,211,4,1531606730857,1531606730979,122,10.10.21.6
disparityBoltSub,211,5,1531606730859,1531606730930,71,10.10.21.6
disparityBoltSub,211,6,1531606730860,1531606730932,72,10.10.21.7
disparityBoltSub,211,7,1531606730861,1531606730929,68,10.10.21.6
disparityBoltSub,211,8,1531606730861,1531606730933,72,10.10.21.6
disparityBoltSub,211,9,1531606730863,1531606730935,72,10.10.21.7
disparityBoltSub,211,10,1531606730863,1531606730931,68,10.10.21.6
disparityBoltSub,211,11,1531606730864,1531606730933,69,10.10.21.7
disparityBoltSub,211,12,1531606730863,1531606730936,73,10.10.21.6
disparityBoltSub,211,13,1531606730862,1531606730931,69,10.10.21.6
disparityBoltSub,211,14,1531606730864,1531606730928,64,10.10.21.7
disparityBoltSub,211,15,1531606730866,1531606730935,69,10.10.21.7
disparityBoltSub,211,16,1531606730865,1531606730988,123,10.10.21.6
disparityBoltSub,211,17,1531606730866,1531606730944,78,10.10.21.6
disparityBoltSub,211,18,1531606730865,1531606730942,77,10.10.21.6
disparityBoltSub,211,19,1531606730867,1531606730938,71,10.10.21.6
disparityBoltSub,211,20,1531606730868,1531606730939,71,10.10.21.7
disparityBoltSub,211,21,1531606730868,1531606730935,67,10.10.21.7
disparityBoltSub,211,22,1531606730870,1531606730943,73,10.10.21.7
disparityBoltSub,211,23,1531606730867,1531606730941,74,10.10.21.6
disparityBoltSub,211,24,1531606730869,1531606730939,70,10.10.21.6
disparityBoltSub,211,25,1531606730871,1531606730940,69,10.10.21.6
disparityBoltSub,211,26,1531606730871,1531606730940,69,10.10.21.7
disparityBoltSub,211,27,1531606730871,1531606730942,71,10.10.21.6
disparityBoltSub,211,28,1531606730870,1531606730940,70,10.10.21.6
disparityBoltSub,211,29,1531606730872,1531606730949,77,10.10.21.6
disparityBoltSub,211,30,1531606730873,1531606730941,68,10.10.21.7
disparityBoltSub,211,31,1531606730871,1531606730911,40,10.10.21.6
disparityBolt,211,0,0,0,133,0
mergeBolt,211,0,1531606730989,1531606731004,15,10.10.21.6
reprojectionBolt,211,0,1531606731004,1531606731043,39,null
overall,211,0,1531606730771,1531606731043,272,0
videoSpout,212,0,1531606731276,1531606731281,5,10.10.21.7
rectificationBolt,212,0,1531606731302,1531606731333,31,10.10.21.6
partitionBolt,212,0,1531606731333,1531606731359,26,10.10.21.6
disparityBoltSub,212,0,1531606731362,1531606731408,46,10.10.21.7
disparityBoltSub,212,1,1531606731360,1531606731434,74,10.10.21.6
disparityBoltSub,212,2,1531606731364,1531606731437,73,10.10.21.7
disparityBoltSub,212,3,1531606731364,1531606731440,76,10.10.21.7
disparityBoltSub,212,4,1531606731364,1531606731437,73,10.10.21.6
disparityBoltSub,212,5,1531606731366,1531606731437,71,10.10.21.7
disparityBoltSub,212,6,1531606731366,1531606731498,132,10.10.21.7
disparityBoltSub,212,7,1531606731365,1531606731438,73,10.10.21.6
disparityBoltSub,212,8,1531606731368,1531606731441,73,10.10.21.7
disparityBoltSub,212,9,1531606731366,1531606731444,78,10.10.21.6
disparityBoltSub,212,10,1531606731370,1531606731448,78,10.10.21.7
disparityBoltSub,212,11,1531606731373,1531606731443,70,10.10.21.6
disparityBoltSub,212,12,1531606731368,1531606731441,73,10.10.21.7
disparityBoltSub,212,13,1531606731372,1531606731442,70,10.10.21.7
disparityBoltSub,212,14,1531606731374,1531606731446,72,10.10.21.6
disparityBoltSub,212,15,1531606731375,1531606731445,70,10.10.21.6
disparityBoltSub,212,16,1531606731367,1531606731443,76,10.10.21.6
disparityBoltSub,212,17,1531606731368,1531606731442,74,10.10.21.6
disparityBoltSub,212,18,1531606731368,1531606731443,75,10.10.21.6
disparityBoltSub,212,19,1531606731368,1531606731442,74,10.10.21.6
disparityBoltSub,212,20,1531606731376,1531606731447,71,10.10.21.6
disparityBoltSub,212,21,1531606731369,1531606731446,77,10.10.21.6
disparityBoltSub,212,22,1531606731373,1531606731451,78,10.10.21.7
disparityBoltSub,212,23,1531606731374,1531606731501,127,10.10.21.7
disparityBoltSub,212,24,1531606731370,1531606731441,71,10.10.21.6
disparityBoltSub,212,25,1531606731377,1531606731448,71,10.10.21.6
disparityBoltSub,212,26,1531606731377,1531606731448,71,10.10.21.7
disparityBoltSub,212,27,1531606731375,1531606731450,75,10.10.21.7
disparityBoltSub,212,28,1531606731378,1531606731451,73,10.10.21.7
disparityBoltSub,212,29,1531606731377,1531606731449,72,10.10.21.6
disparityBoltSub,212,30,1531606731381,1531606731454,73,10.10.21.7
disparityBoltSub,212,31,1531606731380,1531606731422,42,10.10.21.7
disparityBolt,212,0,0,0,141,0
mergeBolt,212,0,1531606731503,1531606731517,14,10.10.21.6
reprojectionBolt,212,0,1531606731518,1531606731556,38,null
overall,212,0,1531606731276,1531606731556,280,0
videoSpout,213,0,1531606731781,1531606731785,4,10.10.21.7
rectificationBolt,213,0,1531606731805,1531606731830,25,10.10.21.6
partitionBolt,213,0,1531606731830,1531606731848,18,10.10.21.6
disparityBoltSub,213,0,1531606731851,1531606731895,44,10.10.21.7
disparityBoltSub,213,1,1531606731849,1531606731924,75,10.10.21.6
disparityBoltSub,213,2,1531606731850,1531606731921,71,10.10.21.6
disparityBoltSub,213,3,1531606731853,1531606731922,69,10.10.21.7
disparityBoltSub,213,4,1531606731850,1531606731921,71,10.10.21.6
disparityBoltSub,213,5,1531606731854,1531606731926,72,10.10.21.6
disparityBoltSub,213,6,1531606731854,1531606731929,75,10.10.21.6
disparityBoltSub,213,7,1531606731855,1531606731932,77,10.10.21.7
disparityBoltSub,213,8,1531606731856,1531606731930,74,10.10.21.7
disparityBoltSub,213,9,1531606731856,1531606731926,70,10.10.21.6
disparityBoltSub,213,10,1531606731858,1531606731932,74,10.10.21.7
disparityBoltSub,213,11,1531606731859,1531606731930,71,10.10.21.6
disparityBoltSub,213,12,1531606731866,1531606731940,74,10.10.21.7
disparityBoltSub,213,13,1531606731867,1531606731996,129,10.10.21.6
disparityBoltSub,213,14,1531606731865,1531606731938,73,10.10.21.6
disparityBoltSub,213,15,1531606731869,1531606731940,71,10.10.21.6
disparityBoltSub,213,16,1531606731857,1531606731930,73,10.10.21.6
disparityBoltSub,213,17,1531606731867,1531606731942,75,10.10.21.6
disparityBoltSub,213,18,1531606731870,1531606731942,72,10.10.21.6
disparityBoltSub,213,19,1531606731870,1531606731946,76,10.10.21.6
disparityBoltSub,213,20,1531606731858,1531606731939,81,10.10.21.6
disparityBoltSub,213,21,1531606731868,1531606731943,75,10.10.21.7
disparityBoltSub,213,22,1531606731865,1531606731987,122,10.10.21.6
disparityBoltSub,213,23,1531606731871,1531606731965,94,10.10.21.6
disparityBoltSub,213,24,1531606731866,1531606731997,131,10.10.21.6
disparityBoltSub,213,25,1531606731869,1531606731940,71,10.10.21.7
disparityBoltSub,213,26,1531606731871,1531606731942,71,10.10.21.7
disparityBoltSub,213,27,1531606731870,1531606731941,71,10.10.21.7
disparityBoltSub,213,28,1531606731872,1531606731944,72,10.10.21.7
disparityBoltSub,213,29,1531606731872,1531606731965,93,10.10.21.6
disparityBoltSub,213,30,1531606731873,1531606731948,75,10.10.21.6
disparityBoltSub,213,31,1531606731869,1531606731909,40,10.10.21.6
disparityBolt,213,0,0,0,148,0
mergeBolt,213,0,1531606731997,1531606732012,15,10.10.21.6
reprojectionBolt,213,0,1531606732012,1531606732051,39,null
overall,213,0,1531606731781,1531606732051,270,0
videoSpout,214,0,1531606732285,1531606732289,4,10.10.21.7
rectificationBolt,214,0,1531606732306,1531606732338,32,10.10.21.6
partitionBolt,214,0,1531606732338,1531606732357,19,10.10.21.6
disparityBoltSub,214,0,1531606732360,1531606732405,45,10.10.21.7
disparityBoltSub,214,1,1531606732359,1531606732432,73,10.10.21.6
disparityBoltSub,214,2,1531606732364,1531606732442,78,10.10.21.7
disparityBoltSub,214,3,1531606732362,1531606732434,72,10.10.21.7
disparityBoltSub,214,4,1531606732363,1531606732436,73,10.10.21.7
disparityBoltSub,214,5,1531606732360,1531606732434,74,10.10.21.6
disparityBoltSub,214,6,1531606732365,1531606732431,66,10.10.21.7
disparityBoltSub,214,7,1531606732365,1531606732431,66,10.10.21.7
disparityBoltSub,214,8,1531606732365,1531606732438,73,10.10.21.7
disparityBoltSub,214,9,1531606732366,1531606732436,70,10.10.21.7
disparityBoltSub,214,10,1531606732364,1531606732440,76,10.10.21.6
disparityBoltSub,214,11,1531606732365,1531606732488,123,10.10.21.6
disparityBoltSub,214,12,1531606732367,1531606732440,73,10.10.21.6
disparityBoltSub,214,13,1531606732364,1531606732437,73,10.10.21.6
disparityBoltSub,214,14,1531606732369,1531606732439,70,10.10.21.6
disparityBoltSub,214,15,1531606732368,1531606732440,72,10.10.21.6
disparityBoltSub,214,16,1531606732369,1531606732442,73,10.10.21.7
disparityBoltSub,214,17,1531606732370,1531606732443,73,10.10.21.6
disparityBoltSub,214,18,1531606732367,1531606732446,79,10.10.21.6
disparityBoltSub,214,19,1531606732370,1531606732444,74,10.10.21.6
disparityBoltSub,214,20,1531606732368,1531606732493,125,10.10.21.6
disparityBoltSub,214,21,1531606732368,1531606732474,106,10.10.21.6
disparityBoltSub,214,22,1531606732371,1531606732448,77,10.10.21.6
disparityBoltSub,214,23,1531606732373,1531606732446,73,10.10.21.6
disparityBoltSub,214,24,1531606732372,1531606732442,70,10.10.21.6
disparityBoltSub,214,25,1531606732370,1531606732442,72,10.10.21.6
disparityBoltSub,214,26,1531606732370,1531606732475,105,10.10.21.6
disparityBoltSub,214,27,1531606732374,1531606732447,73,10.10.21.6
disparityBoltSub,214,28,1531606732374,1531606732442,68,10.10.21.7
disparityBoltSub,214,29,1531606732375,1531606732446,71,10.10.21.6
disparityBoltSub,214,30,1531606732372,1531606732444,72,10.10.21.6
disparityBoltSub,214,31,1531606732376,1531606732416,40,10.10.21.7
disparityBolt,214,0,0,0,134,0
mergeBolt,214,0,1531606732493,1531606732509,16,10.10.21.6
reprojectionBolt,214,0,1531606732509,1531606732554,45,null
overall,214,0,1531606732285,1531606732554,269,0
videoSpout,215,0,1531606732789,1531606732793,4,10.10.21.7
rectificationBolt,215,0,1531606732813,1531606732846,33,10.10.21.6
partitionBolt,215,0,1531606732846,1531606732866,20,10.10.21.6
disparityBoltSub,215,0,1531606732867,1531606732908,41,10.10.21.6
disparityBoltSub,215,1,1531606732869,1531606732945,76,10.10.21.7
disparityBoltSub,215,2,1531606732870,1531606732945,75,10.10.21.6
disparityBoltSub,215,3,1531606732871,1531606732943,72,10.10.21.7
disparityBoltSub,215,4,1531606732871,1531606732945,74,10.10.21.7
disparityBoltSub,215,5,1531606732872,1531606732942,70,10.10.21.6
disparityBoltSub,215,6,1531606732870,1531606732987,117,10.10.21.6
disparityBoltSub,215,7,1531606732873,1531606732952,79,10.10.21.6
disparityBoltSub,215,8,1531606732872,1531606732946,74,10.10.21.6
disparityBoltSub,215,9,1531606732874,1531606732944,70,10.10.21.7
disparityBoltSub,215,10,1531606732875,1531606732944,69,10.10.21.7
disparityBoltSub,215,11,1531606732875,1531606732991,116,10.10.21.6
disparityBoltSub,215,12,1531606732876,1531606732953,77,10.10.21.6
disparityBoltSub,215,13,1531606732877,1531606732946,69,10.10.21.6
disparityBoltSub,215,14,1531606732877,1531606732949,72,10.10.21.7
disparityBoltSub,215,15,1531606732878,1531606732952,74,10.10.21.6
disparityBoltSub,215,16,1531606732876,1531606732953,77,10.10.21.6
disparityBoltSub,215,17,1531606732876,1531606732954,78,10.10.21.6
disparityBoltSub,215,18,1531606732878,1531606732954,76,10.10.21.6
disparityBoltSub,215,19,1531606732876,1531606732952,76,10.10.21.6
disparityBoltSub,215,20,1531606732879,1531606732949,70,10.10.21.7
disparityBoltSub,215,21,1531606732878,1531606732956,78,10.10.21.6
disparityBoltSub,215,22,1531606732881,1531606732954,73,10.10.21.7
disparityBoltSub,215,23,1531606732884,1531606732958,74,10.10.21.7
disparityBoltSub,215,24,1531606732883,1531606732956,73,10.10.21.7
disparityBoltSub,215,25,1531606732886,1531606732959,73,10.10.21.7
disparityBoltSub,215,26,1531606732883,1531606732951,68,10.10.21.7
disparityBoltSub,215,27,1531606732885,1531606733019,134,10.10.21.7
disparityBoltSub,215,28,1531606732883,1531606732952,69,10.10.21.6
disparityBoltSub,215,29,1531606732889,1531606732958,69,10.10.21.7
disparityBoltSub,215,30,1531606732887,1531606733013,126,10.10.21.7
disparityBoltSub,215,31,1531606732891,1531606732932,41,10.10.21.7
disparityBolt,215,0,0,0,152,0
mergeBolt,215,0,1531606733021,1531606733037,16,10.10.21.6
reprojectionBolt,215,0,1531606733038,1531606733077,39,null
overall,215,0,1531606732789,1531606733077,288,0
videoSpout,216,0,1531606733293,1531606733297,4,10.10.21.7
rectificationBolt,216,0,1531606733315,1531606733348,33,10.10.21.6
partitionBolt,216,0,1531606733348,1531606733376,28,10.10.21.6
disparityBoltSub,216,0,1531606733380,1531606733420,40,10.10.21.6
disparityBoltSub,216,1,1531606733377,1531606733498,121,10.10.21.6
disparityBoltSub,216,2,1531606733377,1531606733502,125,10.10.21.6
disparityBoltSub,216,3,1531606733381,1531606733451,70,10.10.21.6
disparityBoltSub,216,4,1531606733381,1531606733453,72,10.10.21.7
disparityBoltSub,216,5,1531606733383,1531606733455,72,10.10.21.6
disparityBoltSub,216,6,1531606733383,1531606733500,117,10.10.21.7
disparityBoltSub,216,7,1531606733384,1531606733460,76,10.10.21.7
disparityBoltSub,216,8,1531606733384,1531606733452,68,10.10.21.6
disparityBoltSub,216,9,1531606733381,1531606733456,75,10.10.21.6
disparityBoltSub,216,10,1531606733385,1531606733453,68,10.10.21.7
disparityBoltSub,216,11,1531606733384,1531606733455,71,10.10.21.7
disparityBoltSub,216,12,1531606733382,1531606733451,69,10.10.21.6
disparityBoltSub,216,13,1531606733387,1531606733502,115,10.10.21.7
disparityBoltSub,216,14,1531606733389,1531606733495,106,10.10.21.7
disparityBoltSub,216,15,1531606733385,1531606733460,75,10.10.21.6
disparityBoltSub,216,16,1531606733386,1531606733460,74,10.10.21.6
disparityBoltSub,216,17,1531606733387,1531606733460,73,10.10.21.7
disparityBoltSub,216,18,1531606733389,1531606733463,74,10.10.21.7
disparityBoltSub,216,19,1531606733391,1531606733497,106,10.10.21.7
disparityBoltSub,216,20,1531606733389,1531606733515,126,10.10.21.6
disparityBoltSub,216,21,1531606733393,1531606733466,73,10.10.21.7
disparityBoltSub,216,22,1531606733394,1531606733471,77,10.10.21.7
disparityBoltSub,216,23,1531606733388,1531606733460,72,10.10.21.6
disparityBoltSub,216,24,1531606733390,1531606733464,74,10.10.21.6
disparityBoltSub,216,25,1531606733392,1531606733469,77,10.10.21.6
disparityBoltSub,216,26,1531606733390,1531606733464,74,10.10.21.6
disparityBoltSub,216,27,1531606733392,1531606733461,69,10.10.21.7
disparityBoltSub,216,28,1531606733391,1531606733511,120,10.10.21.6
disparityBoltSub,216,29,1531606733391,1531606733467,76,10.10.21.6
disparityBoltSub,216,30,1531606733394,1531606733465,71,10.10.21.7
disparityBoltSub,216,31,1531606733396,1531606733435,39,10.10.21.7
disparityBolt,216,0,0,0,138,0
mergeBolt,216,0,1531606733516,1531606733530,14,10.10.21.6
reprojectionBolt,216,0,1531606733530,1531606733570,40,null
overall,216,0,1531606733293,1531606733570,277,0
videoSpout,217,0,1531606733798,1531606733802,4,10.10.21.7
rectificationBolt,217,0,1531606733822,1531606733852,30,10.10.21.6
partitionBolt,217,0,1531606733852,1531606733870,18,10.10.21.6
disparityBoltSub,217,0,1531606733871,1531606733920,49,10.10.21.6
disparityBoltSub,217,1,1531606733874,1531606733945,71,10.10.21.7
disparityBoltSub,217,2,1531606733873,1531606733949,76,10.10.21.6
disparityBoltSub,217,3,1531606733875,1531606733946,71,10.10.21.7
disparityBoltSub,217,4,1531606733876,1531606733948,72,10.10.21.6
disparityBoltSub,217,5,1531606733877,1531606733983,106,10.10.21.6
disparityBoltSub,217,6,1531606733879,1531606733951,72,10.10.21.7
disparityBoltSub,217,7,1531606733880,1531606733953,73,10.10.21.7
disparityBoltSub,217,8,1531606733877,1531606733964,87,10.10.21.6
disparityBoltSub,217,9,1531606733879,1531606733955,76,10.10.21.6
disparityBoltSub,217,10,1531606733882,1531606733988,106,10.10.21.6
disparityBoltSub,217,11,1531606733881,1531606733950,69,10.10.21.7
disparityBoltSub,217,12,1531606733882,1531606733956,74,10.10.21.6
disparityBoltSub,217,13,1531606733880,1531606733951,71,10.10.21.6
disparityBoltSub,217,14,1531606733885,1531606733959,74,10.10.21.6
disparityBoltSub,217,15,1531606733884,1531606733957,73,10.10.21.6
disparityBoltSub,217,16,1531606733885,1531606733960,75,10.10.21.7
disparityBoltSub,217,17,1531606733892,1531606733964,72,10.10.21.7
disparityBoltSub,217,18,1531606733883,1531606733977,94,10.10.21.6
disparityBoltSub,217,19,1531606733895,1531606733971,76,10.10.21.6
disparityBoltSub,217,20,1531606733894,1531606734015,121,10.10.21.6
disparityBoltSub,217,21,1531606733890,1531606733982,92,10.10.21.6
disparityBoltSub,217,22,1531606733891,1531606733967,76,10.10.21.6
disparityBoltSub,217,23,1531606733893,1531606733963,70,10.10.21.7
disparityBoltSub,217,24,1531606733894,1531606733965,71,10.10.21.7
disparityBoltSub,217,25,1531606733896,1531606733965,69,10.10.21.6
disparityBoltSub,217,26,1531606733898,1531606734006,108,10.10.21.6
disparityBoltSub,217,27,1531606733898,1531606733967,69,10.10.21.7
disparityBoltSub,217,28,1531606733899,1531606733971,72,10.10.21.6
disparityBoltSub,217,29,1531606733900,1531606733969,69,10.10.21.7
disparityBoltSub,217,30,1531606733902,1531606733974,72,10.10.21.6
disparityBoltSub,217,31,1531606733900,1531606733949,49,10.10.21.6
disparityBolt,217,0,0,0,144,0
mergeBolt,217,0,1531606734016,1531606734032,16,10.10.21.6
reprojectionBolt,217,0,1531606734032,1531606734072,40,null
overall,217,0,1531606733798,1531606734072,274,0
videoSpout,218,0,1531606734302,1531606734306,4,10.10.21.7
rectificationBolt,218,0,1531606734323,1531606734353,30,10.10.21.6
partitionBolt,218,0,1531606734353,1531606734371,18,10.10.21.6
disparityBoltSub,218,0,1531606734374,1531606734420,46,10.10.21.7
disparityBoltSub,218,1,1531606734372,1531606734448,76,10.10.21.6
disparityBoltSub,218,2,1531606734375,1531606734451,76,10.10.21.7
disparityBoltSub,218,3,1531606734375,1531606734448,73,10.10.21.6
disparityBoltSub,218,4,1531606734377,1531606734450,73,10.10.21.7
disparityBoltSub,218,5,1531606734379,1531606734450,71,10.10.21.7
disparityBoltSub,218,6,1531606734375,1531606734495,120,10.10.21.6
disparityBoltSub,218,7,1531606734381,1531606734453,72,10.10.21.7
disparityBoltSub,218,8,1531606734378,1531606734484,106,10.10.21.6
disparityBoltSub,218,9,1531606734378,1531606734449,71,10.10.21.7
disparityBoltSub,218,10,1531606734379,1531606734454,75,10.10.21.6
disparityBoltSub,218,11,1531606734378,1531606734498,120,10.10.21.6
disparityBoltSub,218,12,1531606734378,1531606734484,106,10.10.21.6
disparityBoltSub,218,13,1531606734382,1531606734488,106,10.10.21.7
disparityBoltSub,218,14,1531606734383,1531606734454,71,10.10.21.7
disparityBoltSub,218,15,1531606734381,1531606734454,73,10.10.21.6
disparityBoltSub,218,16,1531606734382,1531606734495,113,10.10.21.7
disparityBoltSub,218,17,1531606734383,1531606734460,77,10.10.21.7
disparityBoltSub,218,18,1531606734385,1531606734457,72,10.10.21.7
disparityBoltSub,218,19,1531606734387,1531606734497,110,10.10.21.7
disparityBoltSub,218,20,1531606734382,1531606734454,72,10.10.21.6
disparityBoltSub,218,21,1531606734389,1531606734464,75,10.10.21.7
disparityBoltSub,218,22,1531606734388,1531606734465,77,10.10.21.7
disparityBoltSub,218,23,1531606734383,1531606734459,76,10.10.21.6
disparityBoltSub,218,24,1531606734391,1531606734461,70,10.10.21.7
disparityBoltSub,218,25,1531606734383,1531606734457,74,10.10.21.6
disparityBoltSub,218,26,1531606734393,1531606734505,112,10.10.21.7
disparityBoltSub,218,27,1531606734387,1531606734472,85,10.10.21.6
disparityBoltSub,218,28,1531606734393,1531606734463,70,10.10.21.7
disparityBoltSub,218,29,1531606734387,1531606734460,73,10.10.21.7
disparityBoltSub,218,30,1531606734385,1531606734462,77,10.10.21.6
disparityBoltSub,218,31,1531606734386,1531606734427,41,10.10.21.6
disparityBolt,218,0,0,0,133,0
mergeBolt,218,0,1531606734506,1531606734522,16,10.10.21.6
reprojectionBolt,218,0,1531606734522,1531606734567,45,null
overall,218,0,1531606734302,1531606734567,265,0
videoSpout,219,0,1531606734806,1531606734810,4,10.10.21.7
rectificationBolt,219,0,1531606734832,1531606734869,37,10.10.21.6
partitionBolt,219,0,1531606734869,1531606734889,20,10.10.21.6
disparityBoltSub,219,0,1531606734893,1531606734935,42,10.10.21.7
disparityBoltSub,219,1,1531606734892,1531606734970,78,10.10.21.6
disparityBoltSub,219,2,1531606734894,1531606734963,69,10.10.21.7
disparityBoltSub,219,3,1531606734892,1531606735024,132,10.10.21.6
disparityBoltSub,219,4,1531606734892,1531606734969,77,10.10.21.6
disparityBoltSub,219,5,1531606734895,1531606734966,71,10.10.21.7
disparityBoltSub,219,6,1531606734893,1531606734968,75,10.10.21.6
disparityBoltSub,219,7,1531606734892,1531606735012,120,10.10.21.6
disparityBoltSub,219,8,1531606734895,1531606734970,75,10.10.21.6
disparityBoltSub,219,9,1531606734897,1531606734984,87,10.10.21.6
disparityBoltSub,219,10,1531606734897,1531606735017,120,10.10.21.7
disparityBoltSub,219,11,1531606734898,1531606734969,71,10.10.21.7
disparityBoltSub,219,12,1531606734898,1531606734973,75,10.10.21.6
disparityBoltSub,219,13,1531606734900,1531606734971,71,10.10.21.7
disparityBoltSub,219,14,1531606734899,1531606735020,121,10.10.21.7
disparityBoltSub,219,15,1531606734901,1531606734971,70,10.10.21.7
disparityBoltSub,219,16,1531606734897,1531606734972,75,10.10.21.6
disparityBoltSub,219,17,1531606734903,1531606734976,73,10.10.21.7
disparityBoltSub,219,18,1531606734900,1531606734974,74,10.10.21.6
disparityBoltSub,219,19,1531606734900,1531606734973,73,10.10.21.6
disparityBoltSub,219,20,1531606734904,1531606734979,75,10.10.21.7
disparityBoltSub,219,21,1531606734906,1531606734978,72,10.10.21.7
disparityBoltSub,219,22,1531606734902,1531606734981,79,10.10.21.6
disparityBoltSub,219,23,1531606734902,1531606734976,74,10.10.21.6
disparityBoltSub,219,24,1531606734913,1531606735034,121,10.10.21.6
disparityBoltSub,219,25,1531606734904,1531606735032,128,10.10.21.6
disparityBoltSub,219,26,1531606734915,1531606734990,75,10.10.21.6
disparityBoltSub,219,27,1531606734915,1531606734986,71,10.10.21.6
disparityBoltSub,219,28,1531606734907,1531606734978,71,10.10.21.7
disparityBoltSub,219,29,1531606734904,1531606734978,74,10.10.21.6
disparityBoltSub,219,30,1531606734904,1531606734977,73,10.10.21.6
disparityBoltSub,219,31,1531606734911,1531606734952,41,10.10.21.7
disparityBolt,219,0,0,0,142,0
mergeBolt,219,0,1531606735035,1531606735051,16,10.10.21.6
reprojectionBolt,219,0,1531606735051,1531606735091,40,null
overall,219,0,1531606734806,1531606735091,285,0
videoSpout,220,0,1531606735310,1531606735314,4,10.10.21.7
rectificationBolt,220,0,1531606735336,1531606735362,26,10.10.21.6
partitionBolt,220,0,1531606735362,1531606735390,28,10.10.21.6
disparityBoltSub,220,0,1531606735393,1531606735437,44,10.10.21.7
disparityBoltSub,220,1,1531606735395,1531606735475,80,10.10.21.7
disparityBoltSub,220,2,1531606735397,1531606735473,76,10.10.21.7
disparityBoltSub,220,3,1531606735395,1531606735463,68,10.10.21.6
disparityBoltSub,220,4,1531606735395,1531606735474,79,10.10.21.6
disparityBoltSub,220,5,1531606735399,1531606735472,73,10.10.21.7
disparityBoltSub,220,6,1531606735399,1531606735473,74,10.10.21.7
disparityBoltSub,220,7,1531606735398,1531606735507,109,10.10.21.6
disparityBoltSub,220,8,1531606735396,1531606735472,76,10.10.21.6
disparityBoltSub,220,9,1531606735405,1531606735474,69,10.10.21.7
disparityBoltSub,220,10,1531606735402,1531606735479,77,10.10.21.7
disparityBoltSub,220,11,1531606735403,1531606735473,70,10.10.21.7
disparityBoltSub,220,12,1531606735398,1531606735472,74,10.10.21.6
disparityBoltSub,220,13,1531606735401,1531606735476,75,10.10.21.6
disparityBoltSub,220,14,1531606735402,1531606735483,81,10.10.21.6
disparityBoltSub,220,15,1531606735403,1531606735476,73,10.10.21.6
disparityBoltSub,220,16,1531606735399,1531606735475,76,10.10.21.6
disparityBoltSub,220,17,1531606735404,1531606735480,76,10.10.21.6
disparityBoltSub,220,18,1531606735400,1531606735474,74,10.10.21.6
disparityBoltSub,220,19,1531606735403,1531606735476,73,10.10.21.7
disparityBoltSub,220,20,1531606735406,1531606735480,74,10.10.21.7
disparityBoltSub,220,21,1531606735408,1531606735485,77,10.10.21.7
disparityBoltSub,220,22,1531606735402,1531606735482,80,10.10.21.6
disparityBoltSub,220,23,1531606735405,1531606735479,74,10.10.21.7
disparityBoltSub,220,24,1531606735408,1531606735484,76,10.10.21.7
disparityBoltSub,220,25,1531606735408,1531606735483,75,10.10.21.7
disparityBoltSub,220,26,1531606735409,1531606735482,73,10.10.21.7
disparityBoltSub,220,27,1531606735411,1531606735483,72,10.10.21.7
disparityBoltSub,220,28,1531606735413,1531606735486,73,10.10.21.7
disparityBoltSub,220,29,1531606735405,1531606735477,72,10.10.21.6
disparityBoltSub,220,30,1531606735413,1531606735493,80,10.10.21.7
disparityBoltSub,220,31,1531606735407,1531606735485,78,10.10.21.6
disparityBolt,220,0,0,0,114,0
mergeBolt,220,0,1531606735508,1531606735523,15,10.10.21.6
reprojectionBolt,220,0,1531606735523,1531606735564,41,null
overall,220,0,1531606735310,1531606735564,254,0
videoSpout,221,0,1531606735815,1531606735819,4,10.10.21.7
rectificationBolt,221,0,1531606735840,1531606735870,30,10.10.21.6
partitionBolt,221,0,1531606735870,1531606735888,18,10.10.21.6
disparityBoltSub,221,0,1531606735891,1531606735932,41,10.10.21.6
disparityBoltSub,221,1,1531606735893,1531606735970,77,10.10.21.7
disparityBoltSub,221,2,1531606735890,1531606736018,128,10.10.21.6
disparityBoltSub,221,3,1531606735892,1531606735968,76,10.10.21.6
disparityBoltSub,221,4,1531606735891,1531606735963,72,10.10.21.6
disparityBoltSub,221,5,1531606735895,1531606735968,73,10.10.21.7
disparityBoltSub,221,6,1531606735893,1531606735968,75,10.10.21.6
disparityBoltSub,221,7,1531606735897,1531606735968,71,10.10.21.7
disparityBoltSub,221,8,1531606735899,1531606735969,70,10.10.21.7
disparityBoltSub,221,9,1531606735901,1531606735972,71,10.10.21.7
disparityBoltSub,221,10,1531606735912,1531606735984,72,10.10.21.7
disparityBoltSub,221,11,1531606735894,1531606736021,127,10.10.21.6
disparityBoltSub,221,12,1531606735913,1531606735992,79,10.10.21.7
disparityBoltSub,221,13,1531606735898,1531606735970,72,10.10.21.7
disparityBoltSub,221,14,1531606735900,1531606735972,72,10.10.21.7
disparityBoltSub,221,15,1531606735899,1531606735975,76,10.10.21.6
disparityBoltSub,221,16,1531606735899,1531606735974,75,10.10.21.6
disparityBoltSub,221,17,1531606735915,1531606735995,80,10.10.21.7
disparityBoltSub,221,18,1531606735901,1531606735984,83,10.10.21.6
disparityBoltSub,221,19,1531606735911,1531606735991,80,10.10.21.7
disparityBoltSub,221,20,1531606735920,1531606736039,119,10.10.21.7
disparityBoltSub,221,21,1531606735918,1531606736038,120,10.10.21.7
disparityBoltSub,221,22,1531606735920,1531606735994,74,10.10.21.7
disparityBoltSub,221,23,1531606735911,1531606735987,76,10.10.21.6
disparityBoltSub,221,24,1531606735921,1531606735993,72,10.10.21.7
disparityBoltSub,221,25,1531606735918,1531606735988,70,10.10.21.7
disparityBoltSub,221,26,1531606735915,1531606735984,69,10.10.21.6
disparityBoltSub,221,27,1531606735916,1531606735988,72,10.10.21.6
disparityBoltSub,221,28,1531606735923,1531606735995,72,10.10.21.7
disparityBoltSub,221,29,1531606735918,1531606735989,71,10.10.21.6
disparityBoltSub,221,30,1531606735914,1531606735988,74,10.10.21.6
disparityBoltSub,221,31,1531606735918,1531606735961,43,10.10.21.7
disparityBolt,221,0,0,0,149,0
mergeBolt,221,0,1531606736040,1531606736056,16,10.10.21.6
reprojectionBolt,221,0,1531606736056,1531606736094,38,null
overall,221,0,1531606735815,1531606736094,279,0
videoSpout,222,0,1531606736319,1531606736323,4,10.10.21.7
rectificationBolt,222,0,1531606736343,1531606736372,29,10.10.21.6
partitionBolt,222,0,1531606736372,1531606736392,20,10.10.21.6
disparityBoltSub,222,0,1531606736395,1531606736459,64,10.10.21.7
disparityBoltSub,222,1,1531606736397,1531606736470,73,10.10.21.7
disparityBoltSub,222,2,1531606736397,1531606736478,81,10.10.21.6
disparityBoltSub,222,3,1531606736394,1531606736466,72,10.10.21.6
disparityBoltSub,222,4,1531606736398,1531606736487,89,10.10.21.7
disparityBoltSub,222,5,1531606736395,1531606736468,73,10.10.21.6
disparityBoltSub,222,6,1531606736399,1531606736516,117,10.10.21.7
disparityBoltSub,222,7,1531606736398,1531606736474,76,10.10.21.6
disparityBoltSub,222,8,1531606736400,1531606736516,116,10.10.21.7
disparityBoltSub,222,9,1531606736401,1531606736475,74,10.10.21.7
disparityBoltSub,222,10,1531606736404,1531606736475,71,10.10.21.7
disparityBoltSub,222,11,1531606736401,1531606736475,74,10.10.21.6
disparityBoltSub,222,12,1531606736402,1531606736476,74,10.10.21.6
disparityBoltSub,222,13,1531606736405,1531606736477,72,10.10.21.7
disparityBoltSub,222,14,1531606736400,1531606736523,123,10.10.21.6
disparityBoltSub,222,15,1531606736406,1531606736480,74,10.10.21.7
disparityBoltSub,222,16,1531606736403,1531606736480,77,10.10.21.6
disparityBoltSub,222,17,1531606736406,1531606736484,78,10.10.21.6
disparityBoltSub,222,18,1531606736404,1531606736482,78,10.10.21.6
disparityBoltSub,222,19,1531606736407,1531606736481,74,10.10.21.7
disparityBoltSub,222,20,1531606736407,1531606736535,128,10.10.21.6
disparityBoltSub,222,21,1531606736407,1531606736480,73,10.10.21.6
disparityBoltSub,222,22,1531606736405,1531606736479,74,10.10.21.6
disparityBoltSub,222,23,1531606736406,1531606736530,124,10.10.21.6
disparityBoltSub,222,24,1531606736405,1531606736507,102,10.10.21.6
disparityBoltSub,222,25,1531606736408,1531606736481,73,10.10.21.7
disparityBoltSub,222,26,1531606736410,1531606736483,73,10.10.21.7
disparityBoltSub,222,27,1531606736408,1531606736487,79,10.10.21.6
disparityBoltSub,222,28,1531606736408,1531606736490,82,10.10.21.6
disparityBoltSub,222,29,1531606736410,1531606736487,77,10.10.21.7
disparityBoltSub,222,30,1531606736410,1531606736505,95,10.10.21.6
disparityBoltSub,222,31,1531606736409,1531606736453,44,10.10.21.6
disparityBolt,222,0,0,0,141,0
mergeBolt,222,0,1531606736536,1531606736550,14,10.10.21.6
reprojectionBolt,222,0,1531606736550,1531606736594,44,null
overall,222,0,1531606736319,1531606736594,275,0
videoSpout,223,0,1531606736823,1531606736828,5,10.10.21.7
rectificationBolt,223,0,1531606736848,1531606736880,32,10.10.21.6
partitionBolt,223,0,1531606736880,1531606736906,26,10.10.21.6
disparityBoltSub,223,0,1531606736910,1531606736952,42,10.10.21.7
disparityBoltSub,223,1,1531606736910,1531606736984,74,10.10.21.6
disparityBoltSub,223,2,1531606736911,1531606736983,72,10.10.21.6
disparityBoltSub,223,3,1531606736910,1531606736982,72,10.10.21.6
disparityBoltSub,223,4,1531606736909,1531606736982,73,10.10.21.6
disparityBoltSub,223,5,1531606736909,1531606736985,76,10.10.21.6
disparityBoltSub,223,6,1531606736913,1531606736984,71,10.10.21.6
disparityBoltSub,223,7,1531606736910,1531606736986,76,10.10.21.6
disparityBoltSub,223,8,1531606736914,1531606736984,70,10.10.21.7
disparityBoltSub,223,9,1531606736914,1531606736985,71,10.10.21.7
disparityBoltSub,223,10,1531606736916,1531606736985,69,10.10.21.7
disparityBoltSub,223,11,1531606736918,1531606736987,69,10.10.21.7
disparityBoltSub,223,12,1531606736919,1531606736989,70,10.10.21.7
disparityBoltSub,223,13,1531606736913,1531606736985,72,10.10.21.6
disparityBoltSub,223,14,1531606736920,1531606736990,70,10.10.21.7
disparityBoltSub,223,15,1531606736916,1531606736988,72,10.10.21.6
disparityBoltSub,223,16,1531606736922,1531606736993,71,10.10.21.7
disparityBoltSub,223,17,1531606736916,1531606736992,76,10.10.21.6
disparityBoltSub,223,18,1531606736924,1531606736996,72,10.10.21.7
disparityBoltSub,223,19,1531606736925,1531606736996,71,10.10.21.7
disparityBoltSub,223,20,1531606736918,1531606736994,76,10.10.21.6
disparityBoltSub,223,21,1531606736927,1531606737000,73,10.10.21.7
disparityBoltSub,223,22,1531606736918,1531606737028,110,10.10.21.6
disparityBoltSub,223,23,1531606736919,1531606736996,77,10.10.21.6
disparityBoltSub,223,24,1531606736928,1531606736998,70,10.10.21.7
disparityBoltSub,223,25,1531606736921,1531606736996,75,10.10.21.6
disparityBoltSub,223,26,1531606736929,1531606737001,72,10.10.21.7
disparityBoltSub,223,27,1531606736922,1531606736996,74,10.10.21.6
disparityBoltSub,223,28,1531606736922,1531606737028,106,10.10.21.6
disparityBoltSub,223,29,1531606736924,1531606737000,76,10.10.21.6
disparityBoltSub,223,30,1531606736930,1531606736998,68,10.10.21.7
disparityBoltSub,223,31,1531606736922,1531606736966,44,10.10.21.6
disparityBolt,223,0,0,0,119,0
mergeBolt,223,0,1531606737029,1531606737045,16,10.10.21.6
reprojectionBolt,223,0,1531606737045,1531606737085,40,null
overall,223,0,1531606736823,1531606737085,262,0
videoSpout,224,0,1531606737328,1531606737332,4,10.10.21.7
rectificationBolt,224,0,1531606737349,1531606737377,28,10.10.21.6
partitionBolt,224,0,1531606737377,1531606737424,47,10.10.21.6
disparityBoltSub,224,0,1531606737426,1531606737475,49,10.10.21.6
disparityBoltSub,224,1,1531606737428,1531606737501,73,10.10.21.7
disparityBoltSub,224,2,1531606737430,1531606737501,71,10.10.21.7
disparityBoltSub,224,3,1531606737429,1531606737503,74,10.10.21.7
disparityBoltSub,224,4,1531606737431,1531606737538,107,10.10.21.7
disparityBoltSub,224,5,1531606737433,1531606737504,71,10.10.21.7
disparityBoltSub,224,6,1531606737428,1531606737503,75,10.10.21.6
disparityBoltSub,224,7,1531606737427,1531606737502,75,10.10.21.6
disparityBoltSub,224,8,1531606737433,1531606737503,70,10.10.21.7
disparityBoltSub,224,9,1531606737433,1531606737503,70,10.10.21.7
disparityBoltSub,224,10,1531606737432,1531606737503,71,10.10.21.7
disparityBoltSub,224,11,1531606737431,1531606737539,108,10.10.21.6
disparityBoltSub,224,12,1531606737433,1531606737505,72,10.10.21.6
disparityBoltSub,224,13,1531606737435,1531606737505,70,10.10.21.7
disparityBoltSub,224,14,1531606737436,1531606737516,80,10.10.21.7
disparityBoltSub,224,15,1531606737432,1531606737535,103,10.10.21.6
disparityBoltSub,224,16,1531606737434,1531606737507,73,10.10.21.6
disparityBoltSub,224,17,1531606737432,1531606737509,77,10.10.21.6
disparityBoltSub,224,18,1531606737433,1531606737509,76,10.10.21.6
disparityBoltSub,224,19,1531606737433,1531606737541,108,10.10.21.6
disparityBoltSub,224,20,1531606737433,1531606737546,113,10.10.21.6
disparityBoltSub,224,21,1531606737433,1531606737509,76,10.10.21.6
disparityBoltSub,224,22,1531606737438,1531606737516,78,10.10.21.7
disparityBoltSub,224,23,1531606737438,1531606737564,126,10.10.21.7
disparityBoltSub,224,24,1531606737437,1531606737513,76,10.10.21.7
disparityBoltSub,224,25,1531606737441,1531606737512,71,10.10.21.7
disparityBoltSub,224,26,1531606737439,1531606737546,107,10.10.21.7
disparityBoltSub,224,27,1531606737439,1531606737532,93,10.10.21.6
disparityBoltSub,224,28,1531606737438,1531606737529,91,10.10.21.6
disparityBoltSub,224,29,1531606737444,1531606737516,72,10.10.21.7
disparityBoltSub,224,30,1531606737443,1531606737568,125,10.10.21.7
disparityBoltSub,224,31,1531606737444,1531606737490,46,10.10.21.7
disparityBolt,224,0,0,0,142,0
mergeBolt,224,0,1531606737570,1531606737585,15,10.10.21.6
reprojectionBolt,224,0,1531606737585,1531606737625,40,null
overall,224,0,1531606737328,1531606737625,297,0
videoSpout,225,0,1531606737832,1531606737836,4,10.10.21.7
rectificationBolt,225,0,1531606737856,1531606737891,35,10.10.21.6
partitionBolt,225,0,1531606737891,1531606737911,20,10.10.21.6
disparityBoltSub,225,0,1531606737912,1531606737970,58,10.10.21.6
disparityBoltSub,225,1,1531606737915,1531606737991,76,10.10.21.7
disparityBoltSub,225,2,1531606737914,1531606737989,75,10.10.21.6
disparityBoltSub,225,3,1531606737915,1531606737989,74,10.10.21.6
disparityBoltSub,225,4,1531606737913,1531606737991,78,10.10.21.6
disparityBoltSub,225,5,1531606737916,1531606737988,72,10.10.21.6
disparityBoltSub,225,6,1531606737917,1531606737997,80,10.10.21.7
disparityBoltSub,225,7,1531606737916,1531606737987,71,10.10.21.6
disparityBoltSub,225,8,1531606737918,1531606737990,72,10.10.21.6
disparityBoltSub,225,9,1531606737919,1531606737992,73,10.10.21.7
disparityBoltSub,225,10,1531606737919,1531606737990,71,10.10.21.6
disparityBoltSub,225,11,1531606737920,1531606737992,72,10.10.21.7
disparityBoltSub,225,12,1531606737920,1531606738013,93,10.10.21.6
disparityBoltSub,225,13,1531606737918,1531606737990,72,10.10.21.6
disparityBoltSub,225,14,1531606737920,1531606737992,72,10.10.21.7
disparityBoltSub,225,15,1531606737922,1531606737992,70,10.10.21.7
disparityBoltSub,225,16,1531606737921,1531606738016,95,10.10.21.6
disparityBoltSub,225,17,1531606737922,1531606738000,78,10.10.21.6
disparityBoltSub,225,18,1531606737921,1531606738002,81,10.10.21.6
disparityBoltSub,225,19,1531606737923,1531606738001,78,10.10.21.6
disparityBoltSub,225,20,1531606737941,1531606738017,76,10.10.21.7
disparityBoltSub,225,21,1531606737937,1531606738008,71,10.10.21.7
disparityBoltSub,225,22,1531606737937,1531606738013,76,10.10.21.7
disparityBoltSub,225,23,1531606737924,1531606738011,87,10.10.21.6
disparityBoltSub,225,24,1531606737937,1531606738015,78,10.10.21.6
disparityBoltSub,225,25,1531606737939,1531606738010,71,10.10.21.6
disparityBoltSub,225,26,1531606737942,1531606738013,71,10.10.21.7
disparityBoltSub,225,27,1531606737940,1531606738017,77,10.10.21.6
disparityBoltSub,225,28,1531606737938,1531606738014,76,10.10.21.6
disparityBoltSub,225,29,1531606737940,1531606738014,74,10.10.21.6
disparityBoltSub,225,30,1531606737940,1531606738013,73,10.10.21.7
disparityBoltSub,225,31,1531606737939,1531606738019,80,10.10.21.6
disparityBolt,225,0,0,0,107,0
mergeBolt,225,0,1531606738019,1531606738033,14,10.10.21.6
reprojectionBolt,225,0,1531606738033,1531606738072,39,null
overall,225,0,1531606737832,1531606738072,240,0
videoSpout,226,0,1531606738336,1531606738340,4,10.10.21.7
rectificationBolt,226,0,1531606738360,1531606738393,33,10.10.21.6
partitionBolt,226,0,1531606738393,1531606738413,20,10.10.21.6
disparityBoltSub,226,0,1531606738415,1531606738459,44,10.10.21.7
disparityBoltSub,226,1,1531606738414,1531606738495,81,10.10.21.6
disparityBoltSub,226,2,1531606738417,1531606738490,73,10.10.21.7
disparityBoltSub,226,3,1531606738419,1531606738490,71,10.10.21.7
disparityBoltSub,226,4,1531606738418,1531606738491,73,10.10.21.6
disparityBoltSub,226,5,1531606738420,1531606738488,68,10.10.21.7
disparityBoltSub,226,6,1531606738420,1531606738488,68,10.10.21.7
disparityBoltSub,226,7,1531606738419,1531606738542,123,10.10.21.6
disparityBoltSub,226,8,1531606738421,1531606738541,120,10.10.21.7
disparityBoltSub,226,9,1531606738421,1531606738496,75,10.10.21.6
disparityBoltSub,226,10,1531606738423,1531606738495,72,10.10.21.7
disparityBoltSub,226,11,1531606738422,1531606738493,71,10.10.21.6
disparityBoltSub,226,12,1531606738423,1531606738491,68,10.10.21.7
disparityBoltSub,226,13,1531606738424,1531606738544,120,10.10.21.7
disparityBoltSub,226,14,1531606738422,1531606738529,107,10.10.21.6
disparityBoltSub,226,15,1531606738423,1531606738495,72,10.10.21.6
disparityBoltSub,226,16,1531606738422,1531606738495,73,10.10.21.6
disparityBoltSub,226,17,1531606738423,1531606738501,78,10.10.21.6
disparityBoltSub,226,18,1531606738422,1531606738500,78,10.10.21.6
disparityBoltSub,226,19,1531606738423,1531606738501,78,10.10.21.6
disparityBoltSub,226,20,1531606738426,1531606738499,73,10.10.21.6
disparityBoltSub,226,21,1531606738424,1531606738532,108,10.10.21.6
disparityBoltSub,226,22,1531606738426,1531606738560,134,10.10.21.7
disparityBoltSub,226,23,1531606738427,1531606738546,119,10.10.21.7
disparityBoltSub,226,24,1531606738426,1531606738498,72,10.10.21.6
disparityBoltSub,226,25,1531606738428,1531606738500,72,10.10.21.6
disparityBoltSub,226,26,1531606738429,1531606738500,71,10.10.21.7
disparityBoltSub,226,27,1531606738432,1531606738561,129,10.10.21.7
disparityBoltSub,226,28,1531606738430,1531606738503,73,10.10.21.7
disparityBoltSub,226,29,1531606738430,1531606738553,123,10.10.21.6
disparityBoltSub,226,30,1531606738434,1531606738550,116,10.10.21.7
disparityBoltSub,226,31,1531606738435,1531606738476,41,10.10.21.7
disparityBolt,226,0,0,0,147,0
mergeBolt,226,0,1531606738562,1531606738578,16,10.10.21.6
reprojectionBolt,226,0,1531606738578,1531606738617,39,null
overall,226,0,1531606738336,1531606738617,281,0
videoSpout,227,0,1531606738841,1531606738845,4,10.10.21.7
rectificationBolt,227,0,1531606738881,1531606738905,24,10.10.21.6
partitionBolt,227,0,1531606738905,1531606738923,18,10.10.21.6
disparityBoltSub,227,0,1531606738927,1531606738970,43,10.10.21.7
disparityBoltSub,227,1,1531606738924,1531606738999,75,10.10.21.6
disparityBoltSub,227,2,1531606738925,1531606739000,75,10.10.21.6
disparityBoltSub,227,3,1531606738929,1531606739001,72,10.10.21.7
disparityBoltSub,227,4,1531606738926,1531606738999,73,10.10.21.6
disparityBoltSub,227,5,1531606738927,1531606739000,73,10.10.21.6
disparityBoltSub,227,6,1531606738929,1531606739004,75,10.10.21.6
disparityBoltSub,227,7,1531606738930,1531606739002,72,10.10.21.7
disparityBoltSub,227,8,1531606738931,1531606739038,107,10.10.21.7
disparityBoltSub,227,9,1531606738930,1531606739001,71,10.10.21.6
disparityBoltSub,227,10,1531606738933,1531606739003,70,10.10.21.7
disparityBoltSub,227,11,1531606738931,1531606739051,120,10.10.21.6
disparityBoltSub,227,12,1531606738934,1531606739010,76,10.10.21.7
disparityBoltSub,227,13,1531606738932,1531606739003,71,10.10.21.6
disparityBoltSub,227,14,1531606738932,1531606739003,71,10.10.21.6
disparityBoltSub,227,15,1531606738934,1531606739038,104,10.10.21.6
disparityBoltSub,227,16,1531606738932,1531606739004,72,10.10.21.6
disparityBoltSub,227,17,1531606738936,1531606739057,121,10.10.21.6
disparityBoltSub,227,18,1531606738934,1531606739010,76,10.10.21.6
disparityBoltSub,227,19,1531606738936,1531606739011,75,10.10.21.6
disparityBoltSub,227,20,1531606738933,1531606739011,78,10.10.21.6
disparityBoltSub,227,21,1531606738936,1531606739009,73,10.10.21.7
disparityBoltSub,227,22,1531606738934,1531606739010,76,10.10.21.6
disparityBoltSub,227,23,1531606738937,1531606739010,73,10.10.21.6
disparityBoltSub,227,24,1531606738935,1531606739043,108,10.10.21.6
disparityBoltSub,227,25,1531606738938,1531606739012,74,10.10.21.7
disparityBoltSub,227,26,1531606738938,1531606739045,107,10.10.21.7
disparityBoltSub,227,27,1531606738940,1531606739011,71,10.10.21.7
disparityBoltSub,227,28,1531606738943,1531606739013,70,10.10.21.7
disparityBoltSub,227,29,1531606738945,1531606739018,73,10.10.21.6
disparityBoltSub,227,30,1531606738946,1531606739032,86,10.10.21.6
disparityBoltSub,227,31,1531606738939,1531606738979,40,10.10.21.6
disparityBolt,227,0,0,0,133,0
mergeBolt,227,0,1531606739058,1531606739073,15,10.10.21.6
reprojectionBolt,227,0,1531606739073,1531606739113,40,null
overall,227,0,1531606738841,1531606739113,272,0
videoSpout,228,0,1531606739345,1531606739353,8,10.10.21.7
rectificationBolt,228,0,1531606739371,1531606739402,31,10.10.21.6
partitionBolt,228,0,1531606739402,1531606739422,20,10.10.21.6
disparityBoltSub,228,0,1531606739443,1531606739483,40,10.10.21.7
disparityBoltSub,228,1,1531606739423,1531606739515,92,10.10.21.6
disparityBoltSub,228,2,1531606739442,1531606739518,76,10.10.21.7
disparityBoltSub,228,3,1531606739444,1531606739519,75,10.10.21.7
disparityBoltSub,228,4,1531606739444,1531606739518,74,10.10.21.7
disparityBoltSub,228,5,1531606739441,1531606739517,76,10.10.21.6
disparityBoltSub,228,6,1531606739446,1531606739517,71,10.10.21.7
disparityBoltSub,228,7,1531606739445,1531606739517,72,10.10.21.7
disparityBoltSub,228,8,1531606739447,1531606739518,71,10.10.21.7
disparityBoltSub,228,9,1531606739447,1531606739520,73,10.10.21.7
disparityBoltSub,228,10,1531606739445,1531606739519,74,10.10.21.6
disparityBoltSub,228,11,1531606739446,1531606739519,73,10.10.21.6
disparityBoltSub,228,12,1531606739448,1531606739518,70,10.10.21.6
disparityBoltSub,228,13,1531606739445,1531606739520,75,10.10.21.6
disparityBoltSub,228,14,1531606739451,1531606739525,74,10.10.21.6
disparityBoltSub,228,15,1531606739450,1531606739521,71,10.10.21.6
disparityBoltSub,228,16,1531606739452,1531606739524,72,10.10.21.7
disparityBoltSub,228,17,1531606739451,1531606739527,76,10.10.21.6
disparityBoltSub,228,18,1531606739448,1531606739556,108,10.10.21.6
disparityBoltSub,228,19,1531606739452,1531606739529,77,10.10.21.6
disparityBoltSub,228,20,1531606739448,1531606739523,75,10.10.21.6
disparityBoltSub,228,21,1531606739449,1531606739522,73,10.10.21.6
disparityBoltSub,228,22,1531606739452,1531606739528,76,10.10.21.6
disparityBoltSub,228,23,1531606739455,1531606739529,74,10.10.21.6
disparityBoltSub,228,24,1531606739453,1531606739523,70,10.10.21.6
disparityBoltSub,228,25,1531606739451,1531606739522,71,10.10.21.6
disparityBoltSub,228,26,1531606739451,1531606739522,71,10.10.21.6
disparityBoltSub,228,27,1531606739455,1531606739527,72,10.10.21.6
disparityBoltSub,228,28,1531606739455,1531606739527,72,10.10.21.7
disparityBoltSub,228,29,1531606739455,1531606739525,70,10.10.21.6
disparityBoltSub,228,30,1531606739453,1531606739561,108,10.10.21.6
disparityBoltSub,228,31,1531606739456,1531606739495,39,10.10.21.7
disparityBolt,228,0,0,0,138,0
mergeBolt,228,0,1531606739561,1531606739578,17,10.10.21.6
reprojectionBolt,228,0,1531606739578,1531606739618,40,null
overall,228,0,1531606739345,1531606739618,273,0
videoSpout,229,0,1531606739853,1531606739857,4,10.10.21.7
rectificationBolt,229,0,1531606739879,1531606739910,31,10.10.21.6
partitionBolt,229,0,1531606739910,1531606739930,20,10.10.21.6
disparityBoltSub,229,0,1531606739930,1531606739971,41,10.10.21.6
disparityBoltSub,229,1,1531606739934,1531606740008,74,10.10.21.7
disparityBoltSub,229,2,1531606739934,1531606740008,74,10.10.21.6
disparityBoltSub,229,3,1531606739936,1531606740008,72,10.10.21.7
disparityBoltSub,229,4,1531606739936,1531606740011,75,10.10.21.7
disparityBoltSub,229,5,1531606739935,1531606740008,73,10.10.21.6
disparityBoltSub,229,6,1531606739933,1531606740005,72,10.10.21.6
disparityBoltSub,229,7,1531606739938,1531606740008,70,10.10.21.6
disparityBoltSub,229,8,1531606739937,1531606740009,72,10.10.21.6
disparityBoltSub,229,9,1531606739938,1531606740010,72,10.10.21.7
disparityBoltSub,229,10,1531606739939,1531606740013,74,10.10.21.7
disparityBoltSub,229,11,1531606739939,1531606740008,69,10.10.21.6
disparityBoltSub,229,12,1531606739939,1531606740013,74,10.10.21.6
disparityBoltSub,229,13,1531606739940,1531606740009,69,10.10.21.6
disparityBoltSub,229,14,1531606739940,1531606740015,75,10.10.21.7
disparityBoltSub,229,15,1531606739940,1531606740013,73,10.10.21.6
disparityBoltSub,229,16,1531606739939,1531606740023,84,10.10.21.6
disparityBoltSub,229,17,1531606739939,1531606740023,84,10.10.21.6
disparityBoltSub,229,18,1531606739941,1531606740015,74,10.10.21.6
disparityBoltSub,229,19,1531606739940,1531606740023,83,10.10.21.6
disparityBoltSub,229,20,1531606739944,1531606740016,72,10.10.21.7
disparityBoltSub,229,21,1531606739941,1531606740023,82,10.10.21.6
disparityBoltSub,229,22,1531606739946,1531606740019,73,10.10.21.7
disparityBoltSub,229,23,1531606739948,1531606740021,73,10.10.21.7
disparityBoltSub,229,24,1531606739947,1531606740026,79,10.10.21.7
disparityBoltSub,229,25,1531606739950,1531606740023,73,10.10.21.7
disparityBoltSub,229,26,1531606739946,1531606740016,70,10.10.21.7
disparityBoltSub,229,27,1531606739948,1531606740019,71,10.10.21.7
disparityBoltSub,229,28,1531606739947,1531606740019,72,10.10.21.6
disparityBoltSub,229,29,1531606739952,1531606740022,70,10.10.21.7
disparityBoltSub,229,30,1531606739953,1531606740023,70,10.10.21.7
disparityBoltSub,229,31,1531606739955,1531606739999,44,10.10.21.7
disparityBolt,229,0,0,0,96,0
mergeBolt,229,0,1531606740028,1531606740043,15,10.10.21.6
reprojectionBolt,229,0,1531606740043,1531606740083,40,null
overall,229,0,1531606739853,1531606740083,230,0
videoSpout,230,0,1531606740357,1531606740361,4,10.10.21.7
rectificationBolt,230,0,1531606740379,1531606740410,31,10.10.21.6
partitionBolt,230,0,1531606740410,1531606740429,19,10.10.21.6
disparityBoltSub,230,0,1531606740434,1531606740502,68,10.10.21.6
disparityBoltSub,230,1,1531606740431,1531606740506,75,10.10.21.6
disparityBoltSub,230,2,1531606740431,1531606740501,70,10.10.21.6
disparityBoltSub,230,3,1531606740434,1531606740508,74,10.10.21.6
disparityBoltSub,230,4,1531606740435,1531606740508,73,10.10.21.7
disparityBoltSub,230,5,1531606740435,1531606740506,71,10.10.21.6
disparityBoltSub,230,6,1531606740436,1531606740508,72,10.10.21.7
disparityBoltSub,230,7,1531606740437,1531606740513,76,10.10.21.7
disparityBoltSub,230,8,1531606740436,1531606740510,74,10.10.21.6
disparityBoltSub,230,9,1531606740436,1531606740508,72,10.10.21.6
disparityBoltSub,230,10,1531606740438,1531606740508,70,10.10.21.7
disparityBoltSub,230,11,1531606740438,1531606740507,69,10.10.21.7
disparityBoltSub,230,12,1531606740436,1531606740508,72,10.10.21.6
disparityBoltSub,230,13,1531606740440,1531606740515,75,10.10.21.7
disparityBoltSub,230,14,1531606740443,1531606740544,101,10.10.21.7
disparityBoltSub,230,15,1531606740439,1531606740514,75,10.10.21.6
disparityBoltSub,230,16,1531606740441,1531606740525,84,10.10.21.6
disparityBoltSub,230,17,1531606740443,1531606740519,76,10.10.21.7
disparityBoltSub,230,18,1531606740442,1531606740519,77,10.10.21.7
disparityBoltSub,230,19,1531606740444,1531606740553,109,10.10.21.7
disparityBoltSub,230,20,1531606740442,1531606740524,82,10.10.21.6
disparityBoltSub,230,21,1531606740447,1531606740524,77,10.10.21.7
disparityBoltSub,230,22,1531606740446,1531606740520,74,10.10.21.7
disparityBoltSub,230,23,1531606740443,1531606740519,76,10.10.21.6
disparityBoltSub,230,24,1531606740446,1531606740524,78,10.10.21.6
disparityBoltSub,230,25,1531606740447,1531606740523,76,10.10.21.6
disparityBoltSub,230,26,1531606740446,1531606740524,78,10.10.21.6
disparityBoltSub,230,27,1531606740448,1531606740519,71,10.10.21.7
disparityBoltSub,230,28,1531606740446,1531606740545,99,10.10.21.6
disparityBoltSub,230,29,1531606740450,1531606740536,86,10.10.21.6
disparityBoltSub,230,30,1531606740450,1531606740528,78,10.10.21.7
disparityBoltSub,230,31,1531606740450,1531606740492,42,10.10.21.7
disparityBolt,230,0,0,0,122,0
mergeBolt,230,0,1531606740555,1531606740571,16,10.10.21.6
reprojectionBolt,230,0,1531606740571,1531606740611,40,null
overall,230,0,1531606740357,1531606740611,254,0
videoSpout,231,0,1531606740861,1531606740866,5,10.10.21.7
rectificationBolt,231,0,1531606740886,1531606740958,72,10.10.21.6
partitionBolt,231,0,1531606740958,1531606740977,19,10.10.21.6
disparityBoltSub,231,0,1531606740978,1531606741029,51,10.10.21.6
disparityBoltSub,231,1,1531606740980,1531606741051,71,10.10.21.7
disparityBoltSub,231,2,1531606740982,1531606741058,76,10.10.21.6
disparityBoltSub,231,3,1531606740982,1531606741054,72,10.10.21.7
disparityBoltSub,231,4,1531606740982,1531606741094,112,10.10.21.6
disparityBoltSub,231,5,1531606740984,1531606741052,68,10.10.21.6
disparityBoltSub,231,6,1531606740984,1531606741055,71,10.10.21.7
disparityBoltSub,231,7,1531606740984,1531606741055,71,10.10.21.7
disparityBoltSub,231,8,1531606740982,1531606741056,74,10.10.21.6
disparityBoltSub,231,9,1531606740984,1531606741058,74,10.10.21.6
disparityBoltSub,231,10,1531606740985,1531606741060,75,10.10.21.6
disparityBoltSub,231,11,1531606740986,1531606741057,71,10.10.21.7
disparityBoltSub,231,12,1531606740986,1531606741062,76,10.10.21.6
disparityBoltSub,231,13,1531606740984,1531606741056,72,10.10.21.6
disparityBoltSub,231,14,1531606740987,1531606741058,71,10.10.21.6
disparityBoltSub,231,15,1531606740987,1531606741058,71,10.10.21.6
disparityBoltSub,231,16,1531606740988,1531606741063,75,10.10.21.7
disparityBoltSub,231,17,1531606740990,1531606741068,78,10.10.21.7
disparityBoltSub,231,18,1531606740987,1531606741064,77,10.10.21.6
disparityBoltSub,231,19,1531606740989,1531606741069,80,10.10.21.6
disparityBoltSub,231,20,1531606740988,1531606741062,74,10.10.21.6
disparityBoltSub,231,21,1531606740987,1531606741060,73,10.10.21.6
disparityBoltSub,231,22,1531606740988,1531606741062,74,10.10.21.6
disparityBoltSub,231,23,1531606740991,1531606741097,106,10.10.21.7
disparityBoltSub,231,24,1531606740993,1531606741068,75,10.10.21.7
disparityBoltSub,231,25,1531606740991,1531606741101,110,10.10.21.6
disparityBoltSub,231,26,1531606740991,1531606741064,73,10.10.21.6
disparityBoltSub,231,27,1531606740995,1531606741068,73,10.10.21.7
disparityBoltSub,231,28,1531606740994,1531606741066,72,10.10.21.6
disparityBoltSub,231,29,1531606740996,1531606741102,106,10.10.21.7
disparityBoltSub,231,30,1531606740995,1531606741066,71,10.10.21.6
disparityBoltSub,231,31,1531606740993,1531606741036,43,10.10.21.6
disparityBolt,231,0,0,0,124,0
mergeBolt,231,0,1531606741103,1531606741119,16,10.10.21.6
reprojectionBolt,231,0,1531606741119,1531606741158,39,null
overall,231,0,1531606740861,1531606741158,297,0
videoSpout,232,0,1531606741366,1531606741370,4,10.10.21.7
rectificationBolt,232,0,1531606741388,1531606741417,29,10.10.21.6
partitionBolt,232,0,1531606741418,1531606741437,19,10.10.21.6
disparityBoltSub,232,0,1531606741440,1531606741485,45,10.10.21.7
disparityBoltSub,232,1,1531606741438,1531606741513,75,10.10.21.6
disparityBoltSub,232,2,1531606741443,1531606741525,82,10.10.21.7
disparityBoltSub,232,3,1531606741442,1531606741517,75,10.10.21.6
disparityBoltSub,232,4,1531606741445,1531606741516,71,10.10.21.7
disparityBoltSub,232,5,1531606741446,1531606741518,72,10.10.21.7
disparityBoltSub,232,6,1531606741442,1531606741526,84,10.10.21.6
disparityBoltSub,232,7,1531606741457,1531606741530,73,10.10.21.7
disparityBoltSub,232,8,1531606741445,1531606741521,76,10.10.21.6
disparityBoltSub,232,9,1531606741444,1531606741514,70,10.10.21.7
disparityBoltSub,232,10,1531606741446,1531606741521,75,10.10.21.6
disparityBoltSub,232,11,1531606741445,1531606741570,125,10.10.21.6
disparityBoltSub,232,12,1531606741444,1531606741550,106,10.10.21.6
disparityBoltSub,232,13,1531606741460,1531606741532,72,10.10.21.7
disparityBoltSub,232,14,1531606741459,1531606741581,122,10.10.21.7
disparityBoltSub,232,15,1531606741457,1531606741530,73,10.10.21.6
disparityBoltSub,232,16,1531606741457,1531606741529,72,10.10.21.7
disparityBoltSub,232,17,1531606741459,1531606741586,127,10.10.21.7
disparityBoltSub,232,18,1531606741462,1531606741539,77,10.10.21.7
disparityBoltSub,232,19,1531606741464,1531606741538,74,10.10.21.7
disparityBoltSub,232,20,1531606741461,1531606741570,109,10.10.21.6
disparityBoltSub,232,21,1531606741467,1531606741540,73,10.10.21.7
disparityBoltSub,232,22,1531606741466,1531606741607,141,10.10.21.7
disparityBoltSub,232,23,1531606741459,1531606741535,76,10.10.21.6
disparityBoltSub,232,24,1531606741469,1531606741608,139,10.10.21.7
disparityBoltSub,232,25,1531606741460,1531606741533,73,10.10.21.6
disparityBoltSub,232,26,1531606741470,1531606741538,68,10.10.21.7
disparityBoltSub,232,27,1531606741465,1531606741544,79,10.10.21.6
disparityBoltSub,232,28,1531606741472,1531606741543,71,10.10.21.7
disparityBoltSub,232,29,1531606741465,1531606741535,70,10.10.21.7
disparityBoltSub,232,30,1531606741463,1531606741571,108,10.10.21.6
disparityBoltSub,232,31,1531606741463,1531606741504,41,10.10.21.6
disparityBolt,232,0,0,0,170,0
mergeBolt,232,0,1531606741610,1531606741625,15,10.10.21.6
reprojectionBolt,232,0,1531606741625,1531606741664,39,null
overall,232,0,1531606741366,1531606741664,298,0
videoSpout,233,0,1531606741870,1531606741875,5,10.10.21.7
rectificationBolt,233,0,1531606741894,1531606741925,31,10.10.21.6
partitionBolt,233,0,1531606741925,1531606741947,22,10.10.21.6
disparityBoltSub,233,0,1531606741951,1531606742029,78,10.10.21.7
disparityBoltSub,233,1,1531606741950,1531606742026,76,10.10.21.6
disparityBoltSub,233,2,1531606741952,1531606742025,73,10.10.21.7
disparityBoltSub,233,3,1531606741949,1531606742023,74,10.10.21.6
disparityBoltSub,233,4,1531606741949,1531606742021,72,10.10.21.6
disparityBoltSub,233,5,1531606741954,1531606742026,72,10.10.21.7
disparityBoltSub,233,6,1531606741950,1531606742021,71,10.10.21.6
disparityBoltSub,233,7,1531606741950,1531606742022,72,10.10.21.6
disparityBoltSub,233,8,1531606741952,1531606742022,70,10.10.21.6
disparityBoltSub,233,9,1531606741954,1531606742034,80,10.10.21.6
disparityBoltSub,233,10,1531606741954,1531606742027,73,10.10.21.7
disparityBoltSub,233,11,1531606741955,1531606742040,85,10.10.21.7
disparityBoltSub,233,12,1531606741954,1531606742027,73,10.10.21.6
disparityBoltSub,233,13,1531606741957,1531606742041,84,10.10.21.7
disparityBoltSub,233,14,1531606741956,1531606742062,106,10.10.21.7
disparityBoltSub,233,15,1531606741958,1531606742031,73,10.10.21.7
disparityBoltSub,233,16,1531606741955,1531606742025,70,10.10.21.6
disparityBoltSub,233,17,1531606741960,1531606742048,88,10.10.21.7
disparityBoltSub,233,18,1531606741958,1531606742032,74,10.10.21.6
disparityBoltSub,233,19,1531606741958,1531606742030,72,10.10.21.6
disparityBoltSub,233,20,1531606741963,1531606742037,74,10.10.21.7
disparityBoltSub,233,21,1531606741961,1531606742046,85,10.10.21.7
disparityBoltSub,233,22,1531606741959,1531606742040,81,10.10.21.6
disparityBoltSub,233,23,1531606741960,1531606742034,74,10.10.21.6
disparityBoltSub,233,24,1531606741962,1531606742037,75,10.10.21.6
disparityBoltSub,233,25,1531606741961,1531606742036,75,10.10.21.6
disparityBoltSub,233,26,1531606741963,1531606742036,73,10.10.21.6
disparityBoltSub,233,27,1531606741963,1531606742032,69,10.10.21.6
disparityBoltSub,233,28,1531606741964,1531606742041,77,10.10.21.7
disparityBoltSub,233,29,1531606741961,1531606742032,71,10.10.21.6
disparityBoltSub,233,30,1531606741961,1531606742033,72,10.10.21.6
disparityBoltSub,233,31,1531606741964,1531606742004,40,10.10.21.7
disparityBolt,233,0,0,0,113,0
mergeBolt,233,0,1531606742063,1531606742078,15,10.10.21.6
reprojectionBolt,233,0,1531606742078,1531606742122,44,null
overall,233,0,1531606741870,1531606742122,252,0
videoSpout,234,0,1531606742375,1531606742379,4,10.10.21.7
rectificationBolt,234,0,1531606742398,1531606742419,21,10.10.21.6
partitionBolt,234,0,1531606742419,1531606742436,17,10.10.21.6
disparityBoltSub,234,0,1531606742438,1531606742479,41,10.10.21.7
disparityBoltSub,234,1,1531606742442,1531606742510,68,10.10.21.7
disparityBoltSub,234,2,1531606742440,1531606742510,70,10.10.21.7
disparityBoltSub,234,3,1531606742441,1531606742509,68,10.10.21.6
disparityBoltSub,234,4,1531606742440,1531606742548,108,10.10.21.6
disparityBoltSub,234,5,1531606742445,1531606742567,122,10.10.21.7
disparityBoltSub,234,6,1531606742444,1531606742517,73,10.10.21.7
disparityBoltSub,234,7,1531606742442,1531606742513,71,10.10.21.6
disparityBoltSub,234,8,1531606742441,1531606742549,108,10.10.21.6
disparityBoltSub,234,9,1531606742447,1531606742517,70,10.10.21.7
disparityBoltSub,234,10,1531606742448,1531606742575,127,10.10.21.7
disparityBoltSub,234,11,1531606742450,1531606742570,120,10.10.21.7
disparityBoltSub,234,12,1531606742443,1531606742515,72,10.10.21.6
disparityBoltSub,234,13,1531606742444,1531606742513,69,10.10.21.6
disparityBoltSub,234,14,1531606742445,1531606742522,77,10.10.21.6
disparityBoltSub,234,15,1531606742446,1531606742526,80,10.10.21.6
disparityBoltSub,234,16,1531606742444,1531606742513,69,10.10.21.6
disparityBoltSub,234,17,1531606742454,1531606742530,76,10.10.21.6
disparityBoltSub,234,18,1531606742445,1531606742522,77,10.10.21.6
disparityBoltSub,234,19,1531606742447,1531606742520,73,10.10.21.7
disparityBoltSub,234,20,1531606742452,1531606742524,72,10.10.21.7
disparityBoltSub,234,21,1531606742453,1531606742527,74,10.10.21.7
disparityBoltSub,234,22,1531606742447,1531606742523,76,10.10.21.6
disparityBoltSub,234,23,1531606742451,1531606742522,71,10.10.21.7
disparityBoltSub,234,24,1531606742449,1531606742519,70,10.10.21.7
disparityBoltSub,234,25,1531606742453,1531606742523,70,10.10.21.7
disparityBoltSub,234,26,1531606742454,1531606742580,126,10.10.21.7
disparityBoltSub,234,27,1531606742456,1531606742525,69,10.10.21.7
disparityBoltSub,234,28,1531606742457,1531606742525,68,10.10.21.7
disparityBoltSub,234,29,1531606742450,1531606742528,78,10.10.21.6
disparityBoltSub,234,30,1531606742458,1531606742535,77,10.10.21.7
disparityBoltSub,234,31,1531606742454,1531606742495,41,10.10.21.6
disparityBolt,234,0,0,0,142,0
mergeBolt,234,0,1531606742581,1531606742596,15,10.10.21.6
reprojectionBolt,234,0,1531606742596,1531606742635,39,null
overall,234,0,1531606742375,1531606742635,260,0
videoSpout,235,0,1531606742879,1531606742883,4,10.10.21.7
rectificationBolt,235,0,1531606742903,1531606742934,31,10.10.21.6
partitionBolt,235,0,1531606742934,1531606742977,43,10.10.21.6
disparityBoltSub,235,0,1531606742980,1531606743026,46,10.10.21.6
disparityBoltSub,235,1,1531606742982,1531606743054,72,10.10.21.7
disparityBoltSub,235,2,1531606742979,1531606743059,80,10.10.21.6
disparityBoltSub,235,3,1531606742981,1531606743058,77,10.10.21.6
disparityBoltSub,235,4,1531606742979,1531606743050,71,10.10.21.6
disparityBoltSub,235,5,1531606742984,1531606743060,76,10.10.21.7
disparityBoltSub,235,6,1531606742982,1531606743054,72,10.10.21.6
disparityBoltSub,235,7,1531606742987,1531606743064,77,10.10.21.7
disparityBoltSub,235,8,1531606742985,1531606743100,115,10.10.21.7
disparityBoltSub,235,9,1531606742988,1531606743057,69,10.10.21.7
disparityBoltSub,235,10,1531606742990,1531606743064,74,10.10.21.7
disparityBoltSub,235,11,1531606742984,1531606743054,70,10.10.21.6
disparityBoltSub,235,12,1531606742992,1531606743068,76,10.10.21.7
disparityBoltSub,235,13,1531606742989,1531606743069,80,10.10.21.7
disparityBoltSub,235,14,1531606742987,1531606743065,78,10.10.21.7
disparityBoltSub,235,15,1531606742988,1531606743065,77,10.10.21.6
disparityBoltSub,235,16,1531606742987,1531606743062,75,10.10.21.6
disparityBoltSub,235,17,1531606742993,1531606743069,76,10.10.21.7
disparityBoltSub,235,18,1531606742989,1531606743070,81,10.10.21.6
disparityBoltSub,235,19,1531606742991,1531606743063,72,10.10.21.7
disparityBoltSub,235,20,1531606742995,1531606743118,123,10.10.21.7
disparityBoltSub,235,21,1531606742998,1531606743073,75,10.10.21.7
disparityBoltSub,235,22,1531606742996,1531606743074,78,10.10.21.7
disparityBoltSub,235,23,1531606742990,1531606743065,75,10.10.21.6
disparityBoltSub,235,24,1531606743000,1531606743079,79,10.10.21.7
disparityBoltSub,235,25,1531606742993,1531606743063,70,10.10.21.7
disparityBoltSub,235,26,1531606742993,1531606743071,78,10.10.21.6
disparityBoltSub,235,27,1531606742996,1531606743069,73,10.10.21.6
disparityBoltSub,235,28,1531606743000,1531606743075,75,10.10.21.7
disparityBoltSub,235,29,1531606742995,1531606743069,74,10.10.21.6
disparityBoltSub,235,30,1531606742993,1531606743065,72,10.10.21.6
disparityBoltSub,235,31,1531606742995,1531606743042,47,10.10.21.7
disparityBolt,235,0,0,0,139,0
mergeBolt,235,0,1531606743120,1531606743136,16,10.10.21.6
reprojectionBolt,235,0,1531606743136,1531606743176,40,null
overall,235,0,1531606742879,1531606743176,297,0
videoSpout,236,0,1531606743383,1531606743388,5,10.10.21.7
rectificationBolt,236,0,1531606743405,1531606743433,28,10.10.21.6
partitionBolt,236,0,1531606743433,1531606743452,19,10.10.21.6
disparityBoltSub,236,0,1531606743454,1531606743499,45,10.10.21.7
disparityBoltSub,236,1,1531606743456,1531606743534,78,10.10.21.7
disparityBoltSub,236,2,1531606743456,1531606743543,87,10.10.21.6
disparityBoltSub,236,3,1531606743454,1531606743554,100,10.10.21.6
disparityBoltSub,236,4,1531606743457,1531606743553,96,10.10.21.7
disparityBoltSub,236,5,1531606743454,1531606743587,133,10.10.21.6
disparityBoltSub,236,6,1531606743458,1531606743535,77,10.10.21.7
disparityBoltSub,236,7,1531606743457,1531606743532,75,10.10.21.6
disparityBoltSub,236,8,1531606743459,1531606743536,77,10.10.21.7
disparityBoltSub,236,9,1531606743461,1531606743534,73,10.10.21.7
disparityBoltSub,236,10,1531606743462,1531606743535,73,10.10.21.7
disparityBoltSub,236,11,1531606743464,1531606743546,82,10.10.21.6
disparityBoltSub,236,12,1531606743460,1531606743578,118,10.10.21.6
disparityBoltSub,236,13,1531606743486,1531606743558,72,10.10.21.7
disparityBoltSub,236,14,1531606743459,1531606743540,81,10.10.21.6
disparityBoltSub,236,15,1531606743464,1531606743538,74,10.10.21.7
disparityBoltSub,236,16,1531606743461,1531606743532,71,10.10.21.6
disparityBoltSub,236,17,1531606743462,1531606743542,80,10.10.21.6
disparityBoltSub,236,18,1531606743463,1531606743536,73,10.10.21.6
disparityBoltSub,236,19,1531606743489,1531606743564,75,10.10.21.7
disparityBoltSub,236,20,1531606743487,1531606743565,78,10.10.21.6
disparityBoltSub,236,21,1531606743486,1531606743562,76,10.10.21.6
disparityBoltSub,236,22,1531606743484,1531606743558,74,10.10.21.6
disparityBoltSub,236,23,1531606743463,1531606743602,139,10.10.21.6
disparityBoltSub,236,24,1531606743484,1531606743558,74,10.10.21.6
disparityBoltSub,236,25,1531606743488,1531606743579,91,10.10.21.7
disparityBoltSub,236,26,1531606743490,1531606743558,68,10.10.21.7
disparityBoltSub,236,27,1531606743488,1531606743562,74,10.10.21.6
disparityBoltSub,236,28,1531606743486,1531606743557,71,10.10.21.6
disparityBoltSub,236,29,1531606743491,1531606743562,71,10.10.21.7
disparityBoltSub,236,30,1531606743489,1531606743610,121,10.10.21.6
disparityBoltSub,236,31,1531606743488,1531606743529,41,10.10.21.6
disparityBolt,236,0,0,0,156,0
mergeBolt,236,0,1531606743611,1531606743626,15,10.10.21.6
reprojectionBolt,236,0,1531606743626,1531606743665,39,null
overall,236,0,1531606743383,1531606743665,282,0
videoSpout,237,0,1531606743889,1531606743893,4,10.10.21.7
rectificationBolt,237,0,1531606743913,1531606743943,30,10.10.21.6
partitionBolt,237,0,1531606743943,1531606743963,20,10.10.21.6
disparityBoltSub,237,0,1531606743966,1531606744008,42,10.10.21.7
disparityBoltSub,237,1,1531606743967,1531606744046,79,10.10.21.6
disparityBoltSub,237,2,1531606743967,1531606744039,72,10.10.21.6
disparityBoltSub,237,3,1531606743968,1531606744039,71,10.10.21.6
disparityBoltSub,237,4,1531606743966,1531606744039,73,10.10.21.6
disparityBoltSub,237,5,1531606743966,1531606744038,72,10.10.21.6
disparityBoltSub,237,6,1531606743970,1531606744060,90,10.10.21.6
disparityBoltSub,237,7,1531606743967,1531606744056,89,10.10.21.6
disparityBoltSub,237,8,1531606743971,1531606744039,68,10.10.21.7
disparityBoltSub,237,9,1531606743971,1531606744046,75,10.10.21.7
disparityBoltSub,237,10,1531606743972,1531606744107,135,10.10.21.7
disparityBoltSub,237,11,1531606743974,1531606744046,72,10.10.21.7
disparityBoltSub,237,12,1531606743976,1531606744109,133,10.10.21.7
disparityBoltSub,237,13,1531606743970,1531606744043,73,10.10.21.6
disparityBoltSub,237,14,1531606743977,1531606744048,71,10.10.21.7
disparityBoltSub,237,15,1531606743973,1531606744043,70,10.10.21.6
disparityBoltSub,237,16,1531606743978,1531606744050,72,10.10.21.7
disparityBoltSub,237,17,1531606743972,1531606744048,76,10.10.21.6
disparityBoltSub,237,18,1531606743981,1531606744053,72,10.10.21.7
disparityBoltSub,237,19,1531606743980,1531606744066,86,10.10.21.7
disparityBoltSub,237,20,1531606743973,1531606744050,77,10.10.21.6
disparityBoltSub,237,21,1531606743983,1531606744058,75,10.10.21.7
disparityBoltSub,237,22,1531606743974,1531606744089,115,10.10.21.6
disparityBoltSub,237,23,1531606743977,1531606744074,97,10.10.21.6
disparityBoltSub,237,24,1531606743984,1531606744055,71,10.10.21.7
disparityBoltSub,237,25,1531606743977,1531606744050,73,10.10.21.6
disparityBoltSub,237,26,1531606743986,1531606744057,71,10.10.21.7
disparityBoltSub,237,27,1531606743980,1531606744054,74,10.10.21.6
disparityBoltSub,237,28,1531606743979,1531606744068,89,10.10.21.6
disparityBoltSub,237,29,1531606743981,1531606744055,74,10.10.21.6
disparityBoltSub,237,30,1531606743987,1531606744066,79,10.10.21.7
disparityBoltSub,237,31,1531606743978,1531606744019,41,10.10.21.6
disparityBolt,237,0,0,0,143,0
mergeBolt,237,0,1531606744110,1531606744124,14,10.10.21.6
reprojectionBolt,237,0,1531606744124,1531606744171,47,null
overall,237,0,1531606743889,1531606744171,282,0
videoSpout,238,0,1531606744393,1531606744397,4,10.10.21.7
rectificationBolt,238,0,1531606744415,1531606744446,31,10.10.21.6
partitionBolt,238,0,1531606744446,1531606744465,19,10.10.21.6
disparityBoltSub,238,0,1531606744467,1531606744514,47,10.10.21.6
disparityBoltSub,238,1,1531606744468,1531606744540,72,10.10.21.7
disparityBoltSub,238,2,1531606744470,1531606744540,70,10.10.21.7
disparityBoltSub,238,3,1531606744469,1531606744543,74,10.10.21.7
disparityBoltSub,238,4,1531606744471,1531606744556,85,10.10.21.7
disparityBoltSub,238,5,1531606744471,1531606744542,71,10.10.21.7
disparityBoltSub,238,6,1531606744468,1531606744545,77,10.10.21.6
disparityBoltSub,238,7,1531606744469,1531606744547,78,10.10.21.6
disparityBoltSub,238,8,1531606744473,1531606744611,138,10.10.21.7
disparityBoltSub,238,9,1531606744474,1531606744563,89,10.10.21.7
disparityBoltSub,238,10,1531606744472,1531606744543,71,10.10.21.7
disparityBoltSub,238,11,1531606744473,1531606744546,73,10.10.21.6
disparityBoltSub,238,12,1531606744474,1531606744545,71,10.10.21.6
disparityBoltSub,238,13,1531606744475,1531606744546,71,10.10.21.7
disparityBoltSub,238,14,1531606744476,1531606744613,137,10.10.21.7
disparityBoltSub,238,15,1531606744472,1531606744554,82,10.10.21.6
disparityBoltSub,238,16,1531606744475,1531606744551,76,10.10.21.6
disparityBoltSub,238,17,1531606744473,1531606744551,78,10.10.21.6
disparityBoltSub,238,18,1531606744473,1531606744548,75,10.10.21.6
disparityBoltSub,238,19,1531606744473,1531606744549,76,10.10.21.6
disparityBoltSub,238,20,1531606744473,1531606744552,79,10.10.21.6
disparityBoltSub,238,21,1531606744474,1531606744560,86,10.10.21.6
disparityBoltSub,238,22,1531606744479,1531606744554,75,10.10.21.7
disparityBoltSub,238,23,1531606744479,1531606744552,73,10.10.21.7
disparityBoltSub,238,24,1531606744478,1531606744562,84,10.10.21.7
disparityBoltSub,238,25,1531606744481,1531606744554,73,10.10.21.7
disparityBoltSub,238,26,1531606744480,1531606744565,85,10.10.21.7
disparityBoltSub,238,27,1531606744482,1531606744566,84,10.10.21.6
disparityBoltSub,238,28,1531606744479,1531606744562,83,10.10.21.6
disparityBoltSub,238,29,1531606744483,1531606744555,72,10.10.21.7
disparityBoltSub,238,30,1531606744484,1531606744557,73,10.10.21.7
disparityBoltSub,238,31,1531606744485,1531606744526,41,10.10.21.7
disparityBolt,238,0,0,0,146,0
mergeBolt,238,0,1531606744614,1531606744629,15,10.10.21.6
reprojectionBolt,238,0,1531606744629,1531606744667,38,null
overall,238,0,1531606744393,1531606744667,274,0
videoSpout,239,0,1531606744898,1531606744902,4,10.10.21.7
rectificationBolt,239,0,1531606744922,1531606744953,31,10.10.21.6
partitionBolt,239,0,1531606744953,1531606744997,44,10.10.21.6
disparityBoltSub,239,0,1531606744997,1531606745040,43,10.10.21.6
disparityBoltSub,239,1,1531606745001,1531606745074,73,10.10.21.7
disparityBoltSub,239,2,1531606745001,1531606745075,74,10.10.21.6
disparityBoltSub,239,3,1531606745003,1531606745076,73,10.10.21.6
disparityBoltSub,239,4,1531606745000,1531606745118,118,10.10.21.6
disparityBoltSub,239,5,1531606745004,1531606745076,72,10.10.21.6
disparityBoltSub,239,6,1531606745004,1531606745077,73,10.10.21.7
disparityBoltSub,239,7,1531606745006,1531606745076,70,10.10.21.6
disparityBoltSub,239,8,1531606745006,1531606745079,73,10.10.21.6
disparityBoltSub,239,9,1531606745006,1531606745077,71,10.10.21.7
disparityBoltSub,239,10,1531606745008,1531606745079,71,10.10.21.6
disparityBoltSub,239,11,1531606745006,1531606745081,75,10.10.21.7
disparityBoltSub,239,12,1531606745009,1531606745081,72,10.10.21.6
disparityBoltSub,239,13,1531606745004,1531606745073,69,10.10.21.6
disparityBoltSub,239,14,1531606745007,1531606745079,72,10.10.21.7
disparityBoltSub,239,15,1531606745009,1531606745078,69,10.10.21.7
disparityBoltSub,239,16,1531606745010,1531606745126,116,10.10.21.6
disparityBoltSub,239,17,1531606745011,1531606745142,131,10.10.21.6
disparityBoltSub,239,18,1531606745007,1531606745139,132,10.10.21.6
disparityBoltSub,239,19,1531606745013,1531606745085,72,10.10.21.6
disparityBoltSub,239,20,1531606745011,1531606745085,74,10.10.21.7
disparityBoltSub,239,21,1531606745011,1531606745086,75,10.10.21.7
disparityBoltSub,239,22,1531606745013,1531606745090,77,10.10.21.7
disparityBoltSub,239,23,1531606745009,1531606745126,117,10.10.21.6
disparityBoltSub,239,24,1531606745013,1531606745086,73,10.10.21.6
disparityBoltSub,239,25,1531606745014,1531606745085,71,10.10.21.6
disparityBoltSub,239,26,1531606745013,1531606745085,72,10.10.21.7
disparityBoltSub,239,27,1531606745015,1531606745130,115,10.10.21.6
disparityBoltSub,239,28,1531606745011,1531606745122,111,10.10.21.6
disparityBoltSub,239,29,1531606745015,1531606745090,75,10.10.21.6
disparityBoltSub,239,30,1531606745014,1531606745087,73,10.10.21.7
disparityBoltSub,239,31,1531606745013,1531606745092,79,10.10.21.6
disparityBolt,239,0,0,0,145,0
mergeBolt,239,0,1531606745143,1531606745158,15,10.10.21.6
reprojectionBolt,239,0,1531606745158,1531606745197,39,null
overall,239,0,1531606744898,1531606745197,299,0
videoSpout,240,0,1531606745402,1531606745407,5,10.10.21.7
rectificationBolt,240,0,1531606745425,1531606745456,31,10.10.21.6
partitionBolt,240,0,1531606745456,1531606745478,22,10.10.21.6
disparityBoltSub,240,0,1531606745481,1531606745524,43,10.10.21.7
disparityBoltSub,240,1,1531606745479,1531606745576,97,10.10.21.6
disparityBoltSub,240,2,1531606745483,1531606745591,108,10.10.21.7
disparityBoltSub,240,3,1531606745482,1531606745557,75,10.10.21.7
disparityBoltSub,240,4,1531606745484,1531606745558,74,10.10.21.6
disparityBoltSub,240,5,1531606745484,1531606745559,75,10.10.21.7
disparityBoltSub,240,6,1531606745484,1531606745555,71,10.10.21.7
disparityBoltSub,240,7,1531606745484,1531606745556,72,10.10.21.6
disparityBoltSub,240,8,1531606745485,1531606745557,72,10.10.21.7
disparityBoltSub,240,9,1531606745485,1531606745559,74,10.10.21.6
disparityBoltSub,240,10,1531606745488,1531606745567,79,10.10.21.7
disparityBoltSub,240,11,1531606745486,1531606745565,79,10.10.21.6
disparityBoltSub,240,12,1531606745488,1531606745561,73,10.10.21.7
disparityBoltSub,240,13,1531606745490,1531606745561,71,10.10.21.7
disparityBoltSub,240,14,1531606745489,1531606745614,125,10.10.21.6
disparityBoltSub,240,15,1531606745488,1531606745616,128,10.10.21.6
disparityBoltSub,240,16,1531606745487,1531606745581,94,10.10.21.6
disparityBoltSub,240,17,1531606745487,1531606745579,92,10.10.21.6
disparityBoltSub,240,18,1531606745488,1531606745579,91,10.10.21.6
disparityBoltSub,240,19,1531606745487,1531606745577,90,10.10.21.6
disparityBoltSub,240,20,1531606745491,1531606745563,72,10.10.21.6
disparityBoltSub,240,21,1531606745488,1531606745580,92,10.10.21.6
disparityBoltSub,240,22,1531606745491,1531606745567,76,10.10.21.7
disparityBoltSub,240,23,1531606745493,1531606745566,73,10.10.21.7
disparityBoltSub,240,24,1531606745490,1531606745577,87,10.10.21.6
disparityBoltSub,240,25,1531606745493,1531606745565,72,10.10.21.6
disparityBoltSub,240,26,1531606745493,1531606745569,76,10.10.21.7
disparityBoltSub,240,27,1531606745528,1531606745600,72,10.10.21.7
disparityBoltSub,240,28,1531606745527,1531606745598,71,10.10.21.7
disparityBoltSub,240,29,1531606745526,1531606745596,70,10.10.21.6
disparityBoltSub,240,30,1531606745530,1531606745631,101,10.10.21.7
disparityBoltSub,240,31,1531606745529,1531606745569,40,10.10.21.7
disparityBolt,240,0,0,0,152,0
mergeBolt,240,0,1531606745632,1531606745647,15,10.10.21.6
reprojectionBolt,240,0,1531606745648,1531606745687,39,null
overall,240,0,1531606745402,1531606745687,285,0
videoSpout,241,0,1531606745907,1531606745912,5,10.10.21.7
rectificationBolt,241,0,1531606745932,1531606745960,28,10.10.21.6
partitionBolt,241,0,1531606745960,1531606745978,18,10.10.21.6
disparityBoltSub,241,0,1531606745981,1531606746023,42,10.10.21.7
disparityBoltSub,241,1,1531606745979,1531606746059,80,10.10.21.6
disparityBoltSub,241,2,1531606745979,1531606746052,73,10.10.21.6
disparityBoltSub,241,3,1531606745982,1531606746058,76,10.10.21.7
disparityBoltSub,241,4,1531606745981,1531606746109,128,10.10.21.6
disparityBoltSub,241,5,1531606745983,1531606746057,74,10.10.21.6
disparityBoltSub,241,6,1531606745983,1531606746057,74,10.10.21.6
disparityBoltSub,241,7,1531606745984,1531606746072,88,10.10.21.7
disparityBoltSub,241,8,1531606745986,1531606746072,86,10.10.21.7
disparityBoltSub,241,9,1531606745985,1531606746057,72,10.10.21.6
disparityBoltSub,241,10,1531606745988,1531606746064,76,10.10.21.7
disparityBoltSub,241,11,1531606745985,1531606746060,75,10.10.21.6
disparityBoltSub,241,12,1531606745995,1531606746066,71,10.10.21.7
disparityBoltSub,241,13,1531606745987,1531606746058,71,10.10.21.6
disparityBoltSub,241,14,1531606745988,1531606746114,126,10.10.21.6
disparityBoltSub,241,15,1531606745989,1531606746126,137,10.10.21.6
disparityBoltSub,241,16,1531606745987,1531606746067,80,10.10.21.6
disparityBoltSub,241,17,1531606745990,1531606746074,84,10.10.21.6
disparityBoltSub,241,18,1531606745990,1531606746129,139,10.10.21.6
disparityBoltSub,241,19,1531606745991,1531606746071,80,10.10.21.6
disparityBoltSub,241,20,1531606745988,1531606746066,78,10.10.21.6
disparityBoltSub,241,21,1531606745990,1531606746062,72,10.10.21.7
disparityBoltSub,241,22,1531606745989,1531606746064,75,10.10.21.6
disparityBoltSub,241,23,1531606745992,1531606746129,137,10.10.21.6
disparityBoltSub,241,24,1531606745989,1531606746127,138,10.10.21.6
disparityBoltSub,241,25,1531606745992,1531606746060,68,10.10.21.7
disparityBoltSub,241,26,1531606745995,1531606746064,69,10.10.21.7
disparityBoltSub,241,27,1531606745997,1531606746068,71,10.10.21.7
disparityBoltSub,241,28,1531606745998,1531606746068,70,10.10.21.7
disparityBoltSub,241,29,1531606745995,1531606746072,77,10.10.21.6
disparityBoltSub,241,30,1531606745994,1531606746070,76,10.10.21.6
disparityBoltSub,241,31,1531606745993,1531606746035,42,10.10.21.6
disparityBolt,241,0,0,0,150,0
mergeBolt,241,0,1531606746130,1531606746146,16,10.10.21.6
reprojectionBolt,241,0,1531606746146,1531606746186,40,null
overall,241,0,1531606745907,1531606746186,279,0
videoSpout,242,0,1531606746412,1531606746417,5,10.10.21.7
rectificationBolt,242,0,1531606746471,1531606746503,32,10.10.21.6
partitionBolt,242,0,1531606746503,1531606746523,20,10.10.21.6
disparityBoltSub,242,0,1531606746526,1531606746571,45,10.10.21.7
disparityBoltSub,242,1,1531606746524,1531606746598,74,10.10.21.6
disparityBoltSub,242,2,1531606746529,1531606746602,73,10.10.21.7
disparityBoltSub,242,3,1531606746528,1531606746604,76,10.10.21.7
disparityBoltSub,242,4,1531606746529,1531606746601,72,10.10.21.7
disparityBoltSub,242,5,1531606746526,1531606746652,126,10.10.21.6
disparityBoltSub,242,6,1531606746532,1531606746604,72,10.10.21.7
disparityBoltSub,242,7,1531606746531,1531606746601,70,10.10.21.7
disparityBoltSub,242,8,1531606746531,1531606746605,74,10.10.21.7
disparityBoltSub,242,9,1531606746533,1531606746604,71,10.10.21.7
disparityBoltSub,242,10,1531606746531,1531606746607,76,10.10.21.6
disparityBoltSub,242,11,1531606746532,1531606746603,71,10.10.21.6
disparityBoltSub,242,12,1531606746533,1531606746603,70,10.10.21.6
disparityBoltSub,242,13,1531606746531,1531606746614,83,10.10.21.6
disparityBoltSub,242,14,1531606746534,1531606746609,75,10.10.21.6
disparityBoltSub,242,15,1531606746534,1531606746608,74,10.10.21.6
disparityBoltSub,242,16,1531606746535,1531606746608,73,10.10.21.7
disparityBoltSub,242,17,1531606746536,1531606746626,90,10.10.21.6
disparityBoltSub,242,18,1531606746533,1531606746608,75,10.10.21.6
disparityBoltSub,242,19,1531606746537,1531606746618,81,10.10.21.6
disparityBoltSub,242,20,1531606746533,1531606746633,100,10.10.21.6
disparityBoltSub,242,21,1531606746534,1531606746612,78,10.10.21.6
disparityBoltSub,242,22,1531606746537,1531606746612,75,10.10.21.6
disparityBoltSub,242,23,1531606746538,1531606746610,72,10.10.21.6
disparityBoltSub,242,24,1531606746539,1531606746640,101,10.10.21.6
disparityBoltSub,242,25,1531606746536,1531606746605,69,10.10.21.6
disparityBoltSub,242,26,1531606746536,1531606746607,71,10.10.21.6
disparityBoltSub,242,27,1531606746540,1531606746610,70,10.10.21.6
disparityBoltSub,242,28,1531606746540,1531606746609,69,10.10.21.7
disparityBoltSub,242,29,1531606746540,1531606746614,74,10.10.21.6
disparityBoltSub,242,30,1531606746538,1531606746608,70,10.10.21.6
disparityBoltSub,242,31,1531606746540,1531606746581,41,10.10.21.7
disparityBolt,242,0,0,0,128,0
mergeBolt,242,0,1531606746652,1531606746667,15,10.10.21.6
reprojectionBolt,242,0,1531606746667,1531606746708,41,null
overall,242,0,1531606746412,1531606746708,296,0
videoSpout,243,0,1531606746917,1531606746921,4,10.10.21.7
rectificationBolt,243,0,1531606746940,1531606746970,30,10.10.21.6
partitionBolt,243,0,1531606746970,1531606746989,19,10.10.21.6
disparityBoltSub,243,0,1531606746990,1531606747062,72,10.10.21.6
disparityBoltSub,243,1,1531606746993,1531606747068,75,10.10.21.7
disparityBoltSub,243,2,1531606746993,1531606747072,79,10.10.21.6
disparityBoltSub,243,3,1531606746994,1531606747067,73,10.10.21.7
disparityBoltSub,243,4,1531606746994,1531606747067,73,10.10.21.7
disparityBoltSub,243,5,1531606746994,1531606747103,109,10.10.21.6
disparityBoltSub,243,6,1531606746992,1531606747066,74,10.10.21.6
disparityBoltSub,243,7,1531606746995,1531606747071,76,10.10.21.6
disparityBoltSub,243,8,1531606747012,1531606747084,72,10.10.21.6
disparityBoltSub,243,9,1531606747013,1531606747102,89,10.10.21.7
disparityBoltSub,243,10,1531606747013,1531606747080,67,10.10.21.7
disparityBoltSub,243,11,1531606747013,1531606747084,71,10.10.21.6
disparityBoltSub,243,12,1531606747014,1531606747086,72,10.10.21.6
disparityBoltSub,243,13,1531606747015,1531606747087,72,10.10.21.6
disparityBoltSub,243,14,1531606747014,1531606747086,72,10.10.21.7
disparityBoltSub,243,15,1531606747016,1531606747089,73,10.10.21.6
disparityBoltSub,243,16,1531606747013,1531606747086,73,10.10.21.6
disparityBoltSub,243,17,1531606747013,1531606747090,77,10.10.21.6
disparityBoltSub,243,18,1531606747017,1531606747113,96,10.10.21.6
disparityBoltSub,243,19,1531606747014,1531606747125,111,10.10.21.6
disparityBoltSub,243,20,1531606747017,1531606747116,99,10.10.21.7
disparityBoltSub,243,21,1531606747015,1531606747090,75,10.10.21.6
disparityBoltSub,243,22,1531606747019,1531606747098,79,10.10.21.7
disparityBoltSub,243,23,1531606747022,1531606747095,73,10.10.21.7
disparityBoltSub,243,24,1531606747021,1531606747095,74,10.10.21.7
disparityBoltSub,243,25,1531606747024,1531606747099,75,10.10.21.7
disparityBoltSub,243,26,1531606747020,1531606747096,76,10.10.21.7
disparityBoltSub,243,27,1531606747021,1531606747094,73,10.10.21.7
disparityBoltSub,243,28,1531606747020,1531606747092,72,10.10.21.6
disparityBoltSub,243,29,1531606747026,1531606747103,77,10.10.21.7
disparityBoltSub,243,30,1531606747025,1531606747095,70,10.10.21.7
disparityBoltSub,243,31,1531606747027,1531606747068,41,10.10.21.7
disparityBolt,243,0,0,0,135,0
mergeBolt,243,0,1531606747125,1531606747141,16,10.10.21.6
reprojectionBolt,243,0,1531606747141,1531606747181,40,null
overall,243,0,1531606746917,1531606747181,264,0
videoSpout,244,0,1531606747421,1531606747425,4,10.10.21.7
rectificationBolt,244,0,1531606747443,1531606747477,34,10.10.21.6
partitionBolt,244,0,1531606747477,1531606747496,19,10.10.21.6
disparityBoltSub,244,0,1531606747498,1531606747541,43,10.10.21.6
disparityBoltSub,244,1,1531606747497,1531606747566,69,10.10.21.6
disparityBoltSub,244,2,1531606747497,1531606747576,79,10.10.21.6
disparityBoltSub,244,3,1531606747500,1531606747572,72,10.10.21.6
disparityBoltSub,244,4,1531606747501,1531606747574,73,10.10.21.7
disparityBoltSub,244,5,1531606747501,1531606747570,69,10.10.21.6
disparityBoltSub,244,6,1531606747503,1531606747573,70,10.10.21.7
disparityBoltSub,244,7,1531606747504,1531606747577,73,10.10.21.7
disparityBoltSub,244,8,1531606747503,1531606747573,70,10.10.21.6
disparityBoltSub,244,9,1531606747501,1531606747575,74,10.10.21.6
disparityBoltSub,244,10,1531606747506,1531606747578,72,10.10.21.7
disparityBoltSub,244,11,1531606747505,1531606747574,69,10.10.21.7
disparityBoltSub,244,12,1531606747503,1531606747575,72,10.10.21.6
disparityBoltSub,244,13,1531606747509,1531606747578,69,10.10.21.7
disparityBoltSub,244,14,1531606747507,1531606747577,70,10.10.21.7
disparityBoltSub,244,15,1531606747507,1531606747628,121,10.10.21.6
disparityBoltSub,244,16,1531606747506,1531606747628,122,10.10.21.6
disparityBoltSub,244,17,1531606747510,1531606747587,77,10.10.21.7
disparityBoltSub,244,18,1531606747509,1531606747584,75,10.10.21.7
disparityBoltSub,244,19,1531606747511,1531606747588,77,10.10.21.7
disparityBoltSub,244,20,1531606747508,1531606747582,74,10.10.21.6
disparityBoltSub,244,21,1531606747513,1531606747586,73,10.10.21.7
disparityBoltSub,244,22,1531606747512,1531606747586,74,10.10.21.7
disparityBoltSub,244,23,1531606747508,1531606747582,74,10.10.21.6
disparityBoltSub,244,24,1531606747510,1531606747592,82,10.10.21.6
disparityBoltSub,244,25,1531606747512,1531606747597,85,10.10.21.6
disparityBoltSub,244,26,1531606747513,1531606747591,78,10.10.21.6
disparityBoltSub,244,27,1531606747512,1531606747586,74,10.10.21.7
disparityBoltSub,244,28,1531606747510,1531606747582,72,10.10.21.6
disparityBoltSub,244,29,1531606747513,1531606747591,78,10.10.21.6
disparityBoltSub,244,30,1531606747514,1531606747584,70,10.10.21.7
disparityBoltSub,244,31,1531606747514,1531606747554,40,10.10.21.7
disparityBolt,244,0,0,0,131,0
mergeBolt,244,0,1531606747630,1531606747646,16,10.10.21.6
reprojectionBolt,244,0,1531606747646,1531606747694,48,null
overall,244,0,1531606747421,1531606747694,273,0
videoSpout,245,0,1531606747925,1531606747930,5,10.10.21.7
rectificationBolt,245,0,1531606747947,1531606747976,29,10.10.21.6
partitionBolt,245,0,1531606747976,1531606747994,18,10.10.21.6
disparityBoltSub,245,0,1531606747995,1531606748041,46,10.10.21.6
disparityBoltSub,245,1,1531606748004,1531606748072,68,10.10.21.7
disparityBoltSub,245,2,1531606747999,1531606748074,75,10.10.21.6
disparityBoltSub,245,3,1531606748005,1531606748080,75,10.10.21.7
disparityBoltSub,245,4,1531606748000,1531606748073,73,10.10.21.6
disparityBoltSub,245,5,1531606748001,1531606748071,70,10.10.21.6
disparityBoltSub,245,6,1531606748001,1531606748077,76,10.10.21.7
disparityBoltSub,245,7,1531606748006,1531606748076,70,10.10.21.7
disparityBoltSub,245,8,1531606747999,1531606748072,73,10.10.21.6
disparityBoltSub,245,9,1531606748001,1531606748077,76,10.10.21.6
disparityBoltSub,245,10,1531606748002,1531606748107,105,10.10.21.6
disparityBoltSub,245,11,1531606748003,1531606748134,131,10.10.21.7
disparityBoltSub,245,12,1531606748003,1531606748106,103,10.10.21.6
disparityBoltSub,245,13,1531606748001,1531606748074,73,10.10.21.6
disparityBoltSub,245,14,1531606748005,1531606748078,73,10.10.21.6
disparityBoltSub,245,15,1531606748004,1531606748076,72,10.10.21.6
disparityBoltSub,245,16,1531606748007,1531606748138,131,10.10.21.7
disparityBoltSub,245,17,1531606748009,1531606748141,132,10.10.21.7
disparityBoltSub,245,18,1531606748004,1531606748081,77,10.10.21.6
disparityBoltSub,245,19,1531606748007,1531606748084,77,10.10.21.6
disparityBoltSub,245,20,1531606748006,1531606748079,73,10.10.21.6
disparityBoltSub,245,21,1531606748005,1531606748080,75,10.10.21.6
disparityBoltSub,245,22,1531606748005,1531606748085,80,10.10.21.6
disparityBoltSub,245,23,1531606748010,1531606748142,132,10.10.21.7
disparityBoltSub,245,24,1531606748011,1531606748084,73,10.10.21.7
disparityBoltSub,245,25,1531606748009,1531606748081,72,10.10.21.6
disparityBoltSub,245,26,1531606748010,1531606748085,75,10.10.21.6
disparityBoltSub,245,27,1531606748014,1531606748085,71,10.10.21.7
disparityBoltSub,245,28,1531606748010,1531606748081,71,10.10.21.6
disparityBoltSub,245,29,1531606748016,1531606748084,68,10.10.21.7
disparityBoltSub,245,30,1531606748012,1531606748082,70,10.10.21.6
disparityBoltSub,245,31,1531606748012,1531606748057,45,10.10.21.6
disparityBolt,245,0,0,0,147,0
mergeBolt,245,0,1531606748143,1531606748158,15,10.10.21.6
reprojectionBolt,245,0,1531606748158,1531606748197,39,null
overall,245,0,1531606747925,1531606748197,272,0
videoSpout,246,0,1531606748430,1531606748434,4,10.10.21.7
rectificationBolt,246,0,1531606748452,1531606748483,31,10.10.21.6
partitionBolt,246,0,1531606748483,1531606748517,34,10.10.21.6
disparityBoltSub,246,0,1531606748521,1531606748565,44,10.10.21.7
disparityBoltSub,246,1,1531606748518,1531606748591,73,10.10.21.6
disparityBoltSub,246,2,1531606748524,1531606748600,76,10.10.21.7
disparityBoltSub,246,3,1531606748521,1531606748627,106,10.10.21.6
disparityBoltSub,246,4,1531606748522,1531606748616,94,10.10.21.7
disparityBoltSub,246,5,1531606748525,1531606748596,71,10.10.21.7
disparityBoltSub,246,6,1531606748520,1531606748593,73,10.10.21.6
disparityBoltSub,246,7,1531606748527,1531606748598,71,10.10.21.7
disparityBoltSub,246,8,1531606748523,1531606748596,73,10.10.21.6
disparityBoltSub,246,9,1531606748525,1531606748594,69,10.10.21.7
disparityBoltSub,246,10,1531606748525,1531606748613,88,10.10.21.6
disparityBoltSub,246,11,1531606748526,1531606748599,73,10.10.21.6
disparityBoltSub,246,12,1531606748523,1531606748595,72,10.10.21.6
disparityBoltSub,246,13,1531606748529,1531606748601,72,10.10.21.7
disparityBoltSub,246,14,1531606748530,1531606748603,73,10.10.21.7
disparityBoltSub,246,15,1531606748526,1531606748600,74,10.10.21.6
disparityBoltSub,246,16,1531606748530,1531606748645,115,10.10.21.7
disparityBoltSub,246,17,1531606748528,1531606748605,77,10.10.21.7
disparityBoltSub,246,18,1531606748534,1531606748609,75,10.10.21.7
disparityBoltSub,246,19,1531606748532,1531606748606,74,10.10.21.7
disparityBoltSub,246,20,1531606748530,1531606748607,77,10.10.21.6
disparityBoltSub,246,21,1531606748535,1531606748658,123,10.10.21.7
disparityBoltSub,246,22,1531606748536,1531606748672,136,10.10.21.7
disparityBoltSub,246,23,1531606748529,1531606748607,78,10.10.21.6
disparityBoltSub,246,24,1531606748537,1531606748627,90,10.10.21.7
disparityBoltSub,246,25,1531606748530,1531606748621,91,10.10.21.6
disparityBoltSub,246,26,1531606748538,1531606748672,134,10.10.21.7
disparityBoltSub,246,27,1531606748534,1531606748613,79,10.10.21.6
disparityBoltSub,246,28,1531606748539,1531606748636,97,10.10.21.7
disparityBoltSub,246,29,1531606748535,1531606748635,100,10.10.21.7
disparityBoltSub,246,30,1531606748533,1531606748605,72,10.10.21.6
disparityBoltSub,246,31,1531606748533,1531606748576,43,10.10.21.6
disparityBolt,246,0,0,0,154,0
mergeBolt,246,0,1531606748674,1531606748689,15,10.10.21.6
reprojectionBolt,246,0,1531606748689,1531606748729,40,null
overall,246,0,1531606748430,1531606748729,299,0
videoSpout,247,0,1531606748935,1531606748938,3,10.10.21.7
rectificationBolt,247,0,1531606748959,1531606748989,30,10.10.21.6
partitionBolt,247,0,1531606748989,1531606749008,19,10.10.21.6
disparityBoltSub,247,0,1531606749011,1531606749094,83,10.10.21.7
disparityBoltSub,247,1,1531606749011,1531606749086,75,10.10.21.6
disparityBoltSub,247,2,1531606749013,1531606749084,71,10.10.21.7
disparityBoltSub,247,3,1531606749010,1531606749112,102,10.10.21.6
disparityBoltSub,247,4,1531606749010,1531606749107,97,10.10.21.6
disparityBoltSub,247,5,1531606749015,1531606749126,111,10.10.21.7
disparityBoltSub,247,6,1531606749010,1531606749113,103,10.10.21.6
disparityBoltSub,247,7,1531606749011,1531606749107,96,10.10.21.6
disparityBoltSub,247,8,1531606749013,1531606749141,128,10.10.21.6
disparityBoltSub,247,9,1531606749015,1531606749113,98,10.10.21.6
disparityBoltSub,247,10,1531606749015,1531606749088,73,10.10.21.7
disparityBoltSub,247,11,1531606749016,1531606749088,72,10.10.21.7
disparityBoltSub,247,12,1531606749015,1531606749085,70,10.10.21.6
disparityBoltSub,247,13,1531606749018,1531606749089,71,10.10.21.7
disparityBoltSub,247,14,1531606749017,1531606749089,72,10.10.21.7
disparityBoltSub,247,15,1531606749018,1531606749090,72,10.10.21.7
disparityBoltSub,247,16,1531606749015,1531606749108,93,10.10.21.6
disparityBoltSub,247,17,1531606749020,1531606749094,74,10.10.21.7
disparityBoltSub,247,18,1531606749018,1531606749091,73,10.10.21.6
disparityBoltSub,247,19,1531606749019,1531606749092,73,10.10.21.6
disparityBoltSub,247,20,1531606749058,1531606749130,72,10.10.21.7
disparityBoltSub,247,21,1531606749021,1531606749095,74,10.10.21.7
disparityBoltSub,247,22,1531606749020,1531606749151,131,10.10.21.6
disparityBoltSub,247,23,1531606749059,1531606749129,70,10.10.21.6
disparityBoltSub,247,24,1531606749057,1531606749129,72,10.10.21.6
disparityBoltSub,247,25,1531606749060,1531606749129,69,10.10.21.6
disparityBoltSub,247,26,1531606749059,1531606749132,73,10.10.21.6
disparityBoltSub,247,27,1531606749061,1531606749129,68,10.10.21.6
disparityBoltSub,247,28,1531606749060,1531606749129,69,10.10.21.7
disparityBoltSub,247,29,1531606749058,1531606749127,69,10.10.21.6
disparityBoltSub,247,30,1531606749057,1531606749127,70,10.10.21.6
disparityBoltSub,247,31,1531606749060,1531606749100,40,10.10.21.7
disparityBolt,247,0,0,0,141,0
mergeBolt,247,0,1531606749152,1531606749167,15,10.10.21.6
reprojectionBolt,247,0,1531606749167,1531606749207,40,null
overall,247,0,1531606748935,1531606749207,272,0
videoSpout,248,0,1531606749439,1531606749443,4,10.10.21.7
rectificationBolt,248,0,1531606749460,1531606749483,23,10.10.21.6
partitionBolt,248,0,1531606749483,1531606749501,18,10.10.21.6
disparityBoltSub,248,0,1531606749503,1531606749547,44,10.10.21.7
disparityBoltSub,248,1,1531606749507,1531606749627,120,10.10.21.7
disparityBoltSub,248,2,1531606749505,1531606749605,100,10.10.21.7
disparityBoltSub,248,3,1531606749510,1531606749582,72,10.10.21.6
disparityBoltSub,248,4,1531606749505,1531606749586,81,10.10.21.6
disparityBoltSub,248,5,1531606749510,1531606749609,99,10.10.21.7
disparityBoltSub,248,6,1531606749509,1531606749640,131,10.10.21.7
disparityBoltSub,248,7,1531606749511,1531606749592,81,10.10.21.6
disparityBoltSub,248,8,1531606749507,1531606749579,72,10.10.21.6
disparityBoltSub,248,9,1531606749512,1531606749588,76,10.10.21.7
disparityBoltSub,248,10,1531606749512,1531606749583,71,10.10.21.7
disparityBoltSub,248,11,1531606749515,1531606749583,68,10.10.21.7
disparityBoltSub,248,12,1531606749508,1531606749620,112,10.10.21.6
disparityBoltSub,248,13,1531606749511,1531606749582,71,10.10.21.6
disparityBoltSub,248,14,1531606749512,1531606749592,80,10.10.21.6
disparityBoltSub,248,15,1531606749512,1531606749585,73,10.10.21.6
disparityBoltSub,248,16,1531606749510,1531606749588,78,10.10.21.6
disparityBoltSub,248,17,1531606749513,1531606749590,77,10.10.21.6
disparityBoltSub,248,18,1531606749511,1531606749590,79,10.10.21.6
disparityBoltSub,248,19,1531606749514,1531606749586,72,10.10.21.7
disparityBoltSub,248,20,1531606749517,1531606749647,130,10.10.21.7
disparityBoltSub,248,21,1531606749519,1531606749592,73,10.10.21.7
disparityBoltSub,248,22,1531606749513,1531606749592,79,10.10.21.6
disparityBoltSub,248,23,1531606749515,1531606749587,72,10.10.21.7
disparityBoltSub,248,24,1531606749517,1531606749586,69,10.10.21.7
disparityBoltSub,248,25,1531606749518,1531606749591,73,10.10.21.7
disparityBoltSub,248,26,1531606749522,1531606749592,70,10.10.21.7
disparityBoltSub,248,27,1531606749520,1531606749590,70,10.10.21.7
disparityBoltSub,248,28,1531606749524,1531606749645,121,10.10.21.7
disparityBoltSub,248,29,1531606749516,1531606749588,72,10.10.21.6
disparityBoltSub,248,30,1531606749525,1531606749594,69,10.10.21.7
disparityBoltSub,248,31,1531606749518,1531606749598,80,10.10.21.6
disparityBolt,248,0,0,0,144,0
mergeBolt,248,0,1531606749648,1531606749665,17,10.10.21.6
reprojectionBolt,248,0,1531606749665,1531606749703,38,null
overall,248,0,1531606749439,1531606749703,264,0
videoSpout,249,0,1531606749943,1531606749947,4,10.10.21.7
rectificationBolt,249,0,1531606749995,1531606750026,31,10.10.21.6
partitionBolt,249,0,1531606750026,1531606750045,19,10.10.21.6
disparityBoltSub,249,0,1531606750047,1531606750096,49,10.10.21.6
disparityBoltSub,249,1,1531606750049,1531606750123,74,10.10.21.7
disparityBoltSub,249,2,1531606750047,1531606750120,73,10.10.21.6
disparityBoltSub,249,3,1531606750049,1531606750118,69,10.10.21.6
disparityBoltSub,249,4,1531606750048,1531606750119,71,10.10.21.6
disparityBoltSub,249,5,1531606750052,1531606750124,72,10.10.21.7
disparityBoltSub,249,6,1531606750050,1531606750125,75,10.10.21.6
disparityBoltSub,249,7,1531606750054,1531606750132,78,10.10.21.7
disparityBoltSub,249,8,1531606750052,1531606750128,76,10.10.21.7
disparityBoltSub,249,9,1531606750057,1531606750127,70,10.10.21.7
disparityBoltSub,249,10,1531606750056,1531606750182,126,10.10.21.7
disparityBoltSub,249,11,1531606750052,1531606750121,69,10.10.21.6
disparityBoltSub,249,12,1531606750059,1531606750185,126,10.10.21.7
disparityBoltSub,249,13,1531606750055,1531606750126,71,10.10.21.7
disparityBoltSub,249,14,1531606750056,1531606750128,72,10.10.21.7
disparityBoltSub,249,15,1531606750055,1531606750136,81,10.10.21.6
disparityBoltSub,249,16,1531606750056,1531606750132,76,10.10.21.6
disparityBoltSub,249,17,1531606750061,1531606750137,76,10.10.21.7
disparityBoltSub,249,18,1531606750057,1531606750143,86,10.10.21.6
disparityBoltSub,249,19,1531606750058,1531606750136,78,10.10.21.7
disparityBoltSub,249,20,1531606750064,1531606750137,73,10.10.21.7
disparityBoltSub,249,21,1531606750063,1531606750136,73,10.10.21.7
disparityBoltSub,249,22,1531606750066,1531606750144,78,10.10.21.7
disparityBoltSub,249,23,1531606750058,1531606750129,71,10.10.21.6
disparityBoltSub,249,24,1531606750067,1531606750139,72,10.10.21.7
disparityBoltSub,249,25,1531606750061,1531606750133,72,10.10.21.7
disparityBoltSub,249,26,1531606750063,1531606750167,104,10.10.21.6
disparityBoltSub,249,27,1531606750061,1531606750165,104,10.10.21.6
disparityBoltSub,249,28,1531606750068,1531606750139,71,10.10.21.7
disparityBoltSub,249,29,1531606750064,1531606750139,75,10.10.21.6
disparityBoltSub,249,30,1531606750061,1531606750130,69,10.10.21.6
disparityBoltSub,249,31,1531606750064,1531606750104,40,10.10.21.7
disparityBolt,249,0,0,0,138,0
mergeBolt,249,0,1531606750187,1531606750202,15,10.10.21.6
reprojectionBolt,249,0,1531606750202,1531606750241,39,null
overall,249,0,1531606749943,1531606750241,298,0
videoSpout,250,0,1531606750447,1531606750452,5,10.10.21.7
rectificationBolt,250,0,1531606750469,1531606750497,28,10.10.21.6
partitionBolt,250,0,1531606750497,1531606750515,18,10.10.21.6
disparityBoltSub,250,0,1531606750519,1531606750563,44,10.10.21.7
disparityBoltSub,250,1,1531606750519,1531606750591,72,10.10.21.7
disparityBoltSub,250,2,1531606750520,1531606750604,84,10.10.21.6
disparityBoltSub,250,3,1531606750517,1531606750601,84,10.10.21.6
disparityBoltSub,250,4,1531606750520,1531606750590,70,10.10.21.7
disparityBoltSub,250,5,1531606750517,1531606750605,88,10.10.21.6
disparityBoltSub,250,6,1531606750522,1531606750596,74,10.10.21.7
disparityBoltSub,250,7,1531606750521,1531606750608,87,10.10.21.6
disparityBoltSub,250,8,1531606750550,1531606750620,70,10.10.21.7
disparityBoltSub,250,9,1531606750548,1531606750620,72,10.10.21.7
disparityBoltSub,250,10,1531606750552,1531606750623,71,10.10.21.7
disparityBoltSub,250,11,1531606750549,1531606750630,81,10.10.21.6
disparityBoltSub,250,12,1531606750550,1531606750622,72,10.10.21.6
disparityBoltSub,250,13,1531606750553,1531606750624,71,10.10.21.7
disparityBoltSub,250,14,1531606750548,1531606750656,108,10.10.21.6
disparityBoltSub,250,15,1531606750556,1531606750629,73,10.10.21.7
disparityBoltSub,250,16,1531606750552,1531606750631,79,10.10.21.6
disparityBoltSub,250,17,1531606750555,1531606750631,76,10.10.21.6
disparityBoltSub,250,18,1531606750553,1531606750629,76,10.10.21.6
disparityBoltSub,250,19,1531606750557,1531606750631,74,10.10.21.7
disparityBoltSub,250,20,1531606750556,1531606750631,75,10.10.21.6
disparityBoltSub,250,21,1531606750557,1531606750667,110,10.10.21.6
disparityBoltSub,250,22,1531606750552,1531606750626,74,10.10.21.6
disparityBoltSub,250,23,1531606750552,1531606750656,104,10.10.21.6
disparityBoltSub,250,24,1531606750552,1531606750625,73,10.10.21.6
disparityBoltSub,250,25,1531606750556,1531606750627,71,10.10.21.7
disparityBoltSub,250,26,1531606750559,1531606750630,71,10.10.21.7
disparityBoltSub,250,27,1531606750559,1531606750639,80,10.10.21.6
disparityBoltSub,250,28,1531606750554,1531606750659,105,10.10.21.6
disparityBoltSub,250,29,1531606750559,1531606750629,70,10.10.21.7
disparityBoltSub,250,30,1531606750559,1531606750630,71,10.10.21.6
disparityBoltSub,250,31,1531606750555,1531606750597,42,10.10.21.6
disparityBolt,250,0,0,0,150,0
mergeBolt,250,0,1531606750668,1531606750683,15,10.10.21.6
reprojectionBolt,250,0,1531606750683,1531606750724,41,null
overall,250,0,1531606750447,1531606750724,277,0
videoSpout,251,0,1531606750952,1531606750962,10,10.10.21.7
rectificationBolt,251,0,1531606750981,1531606751012,31,10.10.21.6
partitionBolt,251,0,1531606751012,1531606751032,20,10.10.21.6
disparityBoltSub,251,0,1531606751035,1531606751076,41,10.10.21.7
disparityBoltSub,251,1,1531606751035,1531606751108,73,10.10.21.6
disparityBoltSub,251,2,1531606751038,1531606751109,71,10.10.21.6
disparityBoltSub,251,3,1531606751037,1531606751108,71,10.10.21.6
disparityBoltSub,251,4,1531606751035,1531606751106,71,10.10.21.6
disparityBoltSub,251,5,1531606751035,1531606751106,71,10.10.21.6
disparityBoltSub,251,6,1531606751039,1531606751112,73,10.10.21.6
disparityBoltSub,251,7,1531606751036,1531606751109,73,10.10.21.6
disparityBoltSub,251,8,1531606751039,1531606751108,69,10.10.21.7
disparityBoltSub,251,9,1531606751041,1531606751113,72,10.10.21.7
disparityBoltSub,251,10,1531606751039,1531606751110,71,10.10.21.7
disparityBoltSub,251,11,1531606751043,1531606751111,68,10.10.21.7
disparityBoltSub,251,12,1531606751045,1531606751116,71,10.10.21.7
disparityBoltSub,251,13,1531606751041,1531606751112,71,10.10.21.6
disparityBoltSub,251,14,1531606751046,1531606751117,71,10.10.21.7
disparityBoltSub,251,15,1531606751041,1531606751111,70,10.10.21.6
disparityBoltSub,251,16,1531606751047,1531606751118,71,10.10.21.7
disparityBoltSub,251,17,1531606751041,1531606751115,74,10.10.21.6
disparityBoltSub,251,18,1531606751055,1531606751127,72,10.10.21.7
disparityBoltSub,251,19,1531606751049,1531606751124,75,10.10.21.7
disparityBoltSub,251,20,1531606751043,1531606751115,72,10.10.21.6
disparityBoltSub,251,21,1531606751056,1531606751129,73,10.10.21.7
disparityBoltSub,251,22,1531606751043,1531606751121,78,10.10.21.6
disparityBoltSub,251,23,1531606751046,1531606751153,107,10.10.21.6
disparityBoltSub,251,24,1531606751057,1531606751128,71,10.10.21.7
disparityBoltSub,251,25,1531606751047,1531606751118,71,10.10.21.6
disparityBoltSub,251,26,1531606751059,1531606751130,71,10.10.21.7
disparityBoltSub,251,27,1531606751048,1531606751161,113,10.10.21.6
disparityBoltSub,251,28,1531606751050,1531606751124,74,10.10.21.6
disparityBoltSub,251,29,1531606751048,1531606751124,76,10.10.21.6
disparityBoltSub,251,30,1531606751060,1531606751129,69,10.10.21.7
disparityBoltSub,251,31,1531606751048,1531606751091,43,10.10.21.6
disparityBolt,251,0,0,0,126,0
mergeBolt,251,0,1531606751162,1531606751178,16,10.10.21.6
reprojectionBolt,251,0,1531606751178,1531606751237,59,null
overall,251,0,1531606750952,1531606751237,285,0
videoSpout,252,0,1531606751462,1531606751466,4,10.10.21.7
rectificationBolt,252,0,1531606751484,1531606751513,29,10.10.21.6
partitionBolt,252,0,1531606751513,1531606751533,20,10.10.21.6
disparityBoltSub,252,0,1531606751536,1531606751578,42,10.10.21.6
disparityBoltSub,252,1,1531606751537,1531606751660,123,10.10.21.7
disparityBoltSub,252,2,1531606751539,1531606751615,76,10.10.21.7
disparityBoltSub,252,3,1531606751538,1531606751610,72,10.10.21.7
disparityBoltSub,252,4,1531606751540,1531606751610,70,10.10.21.7
disparityBoltSub,252,5,1531606751541,1531606751612,71,10.10.21.7
disparityBoltSub,252,6,1531606751537,1531606751615,78,10.10.21.6
disparityBoltSub,252,7,1531606751537,1531606751611,74,10.10.21.6
disparityBoltSub,252,8,1531606751543,1531606751612,69,10.10.21.7
disparityBoltSub,252,9,1531606751541,1531606751613,72,10.10.21.7
disparityBoltSub,252,10,1531606751544,1531606751618,74,10.10.21.7
disparityBoltSub,252,11,1531606751542,1531606751620,78,10.10.21.6
disparityBoltSub,252,12,1531606751542,1531606751667,125,10.10.21.6
disparityBoltSub,252,13,1531606751545,1531606751615,70,10.10.21.7
disparityBoltSub,252,14,1531606751546,1531606751615,69,10.10.21.7
disparityBoltSub,252,15,1531606751541,1531606751667,126,10.10.21.6
disparityBoltSub,252,16,1531606751544,1531606751616,72,10.10.21.6
disparityBoltSub,252,17,1531606751542,1531606751618,76,10.10.21.6
disparityBoltSub,252,18,1531606751543,1531606751649,106,10.10.21.6
disparityBoltSub,252,19,1531606751543,1531606751626,83,10.10.21.6
disparityBoltSub,252,20,1531606751543,1531606751625,82,10.10.21.6
disparityBoltSub,252,21,1531606751543,1531606751615,72,10.10.21.6
disparityBoltSub,252,22,1531606751547,1531606751625,78,10.10.21.7
disparityBoltSub,252,23,1531606751549,1531606751678,129,10.10.21.7
disparityBoltSub,252,24,1531606751548,1531606751617,69,10.10.21.7
disparityBoltSub,252,25,1531606751551,1531606751624,73,10.10.21.7
disparityBoltSub,252,26,1531606751550,1531606751624,74,10.10.21.7
disparityBoltSub,252,27,1531606751550,1531606751630,80,10.10.21.6
disparityBoltSub,252,28,1531606751549,1531606751652,103,10.10.21.6
disparityBoltSub,252,29,1531606751554,1531606751628,74,10.10.21.7
disparityBoltSub,252,30,1531606751552,1531606751628,76,10.10.21.7
disparityBoltSub,252,31,1531606751554,1531606751595,41,10.10.21.7
disparityBolt,252,0,0,0,142,0
mergeBolt,252,0,1531606751679,1531606751694,15,10.10.21.6
reprojectionBolt,252,0,1531606751694,1531606751733,39,null
overall,252,0,1531606751462,1531606751733,271,0
videoSpout,253,0,1531606751966,1531606751971,5,10.10.21.7
rectificationBolt,253,0,1531606751989,1531606752018,29,10.10.21.6
partitionBolt,253,0,1531606752018,1531606752075,57,10.10.21.6
disparityBoltSub,253,0,1531606752076,1531606752117,41,10.10.21.6
disparityBoltSub,253,1,1531606752078,1531606752152,74,10.10.21.7
disparityBoltSub,253,2,1531606752078,1531606752152,74,10.10.21.6
disparityBoltSub,253,3,1531606752079,1531606752151,72,10.10.21.6
disparityBoltSub,253,4,1531606752077,1531606752148,71,10.10.21.6
disparityBoltSub,253,5,1531606752079,1531606752149,70,10.10.21.6
disparityBoltSub,253,6,1531606752081,1531606752152,71,10.10.21.7
disparityBoltSub,253,7,1531606752082,1531606752153,71,10.10.21.6
disparityBoltSub,253,8,1531606752082,1531606752160,78,10.10.21.6
disparityBoltSub,253,9,1531606752083,1531606752202,119,10.10.21.7
disparityBoltSub,253,10,1531606752083,1531606752155,72,10.10.21.6
disparityBoltSub,253,11,1531606752083,1531606752154,71,10.10.21.7
disparityBoltSub,253,12,1531606752084,1531606752154,70,10.10.21.6
disparityBoltSub,253,13,1531606752082,1531606752152,70,10.10.21.6
disparityBoltSub,253,14,1531606752085,1531606752156,71,10.10.21.7
disparityBoltSub,253,15,1531606752086,1531606752206,120,10.10.21.7
disparityBoltSub,253,16,1531606752085,1531606752157,72,10.10.21.6
disparityBoltSub,253,17,1531606752085,1531606752160,75,10.10.21.6
disparityBoltSub,253,18,1531606752084,1531606752160,76,10.10.21.6
disparityBoltSub,253,19,1531606752086,1531606752159,73,10.10.21.6
disparityBoltSub,253,20,1531606752089,1531606752161,72,10.10.21.7
disparityBoltSub,253,21,1531606752088,1531606752160,72,10.10.21.7
disparityBoltSub,253,22,1531606752090,1531606752164,74,10.10.21.7
disparityBoltSub,253,23,1531606752087,1531606752167,80,10.10.21.6
disparityBoltSub,253,24,1531606752089,1531606752163,74,10.10.21.6
disparityBoltSub,253,25,1531606752090,1531606752161,71,10.10.21.6
disparityBoltSub,253,26,1531606752091,1531606752164,73,10.10.21.7
disparityBoltSub,253,27,1531606752090,1531606752161,71,10.10.21.6
disparityBoltSub,253,28,1531606752089,1531606752162,73,10.10.21.6
disparityBoltSub,253,29,1531606752091,1531606752164,73,10.10.21.6
disparityBoltSub,253,30,1531606752092,1531606752163,71,10.10.21.7
disparityBoltSub,253,31,1531606752090,1531606752132,42,10.10.21.6
disparityBolt,253,0,0,0,130,0
mergeBolt,253,0,1531606752207,1531606752223,16,10.10.21.6
reprojectionBolt,253,0,1531606752223,1531606752262,39,null
overall,253,0,1531606751966,1531606752262,296,0
videoSpout,254,0,1531606752471,1531606752476,5,10.10.21.7
rectificationBolt,254,0,1531606752494,1531606752524,30,10.10.21.6
partitionBolt,254,0,1531606752524,1531606752543,19,10.10.21.6
disparityBoltSub,254,0,1531606752548,1531606752589,41,10.10.21.7
disparityBoltSub,254,1,1531606752544,1531606752637,93,10.10.21.6
disparityBoltSub,254,2,1531606752547,1531606752620,73,10.10.21.7
disparityBoltSub,254,3,1531606752548,1531606752619,71,10.10.21.7
disparityBoltSub,254,4,1531606752548,1531606752633,85,10.10.21.6
disparityBoltSub,254,5,1531606752549,1531606752620,71,10.10.21.7
disparityBoltSub,254,6,1531606752550,1531606752619,69,10.10.21.7
disparityBoltSub,254,7,1531606752549,1531606752670,121,10.10.21.6
disparityBoltSub,254,8,1531606752552,1531606752622,70,10.10.21.7
disparityBoltSub,254,9,1531606752550,1531606752623,73,10.10.21.6
disparityBoltSub,254,10,1531606752553,1531606752626,73,10.10.21.7
disparityBoltSub,254,11,1531606752551,1531606752622,71,10.10.21.6
disparityBoltSub,254,12,1531606752552,1531606752623,71,10.10.21.7
disparityBoltSub,254,13,1531606752554,1531606752623,69,10.10.21.7
disparityBoltSub,254,14,1531606752552,1531606752622,70,10.10.21.6
disparityBoltSub,254,15,1531606752553,1531606752627,74,10.10.21.6
disparityBoltSub,254,16,1531606752551,1531606752672,121,10.10.21.6
disparityBoltSub,254,17,1531606752552,1531606752655,103,10.10.21.6
disparityBoltSub,254,18,1531606752553,1531606752637,84,10.10.21.6
disparityBoltSub,254,19,1531606752553,1531606752675,122,10.10.21.6
disparityBoltSub,254,20,1531606752554,1531606752633,79,10.10.21.6
disparityBoltSub,254,21,1531606752553,1531606752655,102,10.10.21.6
disparityBoltSub,254,22,1531606752556,1531606752631,75,10.10.21.7
disparityBoltSub,254,23,1531606752557,1531606752662,105,10.10.21.7
disparityBoltSub,254,24,1531606752555,1531606752658,103,10.10.21.6
disparityBoltSub,254,25,1531606752557,1531606752674,117,10.10.21.6
disparityBoltSub,254,26,1531606752559,1531606752631,72,10.10.21.7
disparityBoltSub,254,27,1531606752558,1531606752630,72,10.10.21.7
disparityBoltSub,254,28,1531606752561,1531606752631,70,10.10.21.7
disparityBoltSub,254,29,1531606752559,1531606752640,81,10.10.21.6
disparityBoltSub,254,30,1531606752564,1531606752668,104,10.10.21.7
disparityBoltSub,254,31,1531606752563,1531606752603,40,10.10.21.7
disparityBolt,254,0,0,0,131,0
mergeBolt,254,0,1531606752675,1531606752691,16,10.10.21.6
reprojectionBolt,254,0,1531606752691,1531606752731,40,null
overall,254,0,1531606752471,1531606752731,260,0
videoSpout,255,0,1531606752976,1531606752980,4,10.10.21.7
rectificationBolt,255,0,1531606752998,1531606753020,22,10.10.21.6
partitionBolt,255,0,1531606753020,1531606753038,18,10.10.21.6
disparityBoltSub,255,0,1531606753041,1531606753084,43,10.10.21.7
disparityBoltSub,255,1,1531606753039,1531606753115,76,10.10.21.6
disparityBoltSub,255,2,1531606753040,1531606753113,73,10.10.21.6
disparityBoltSub,255,3,1531606753042,1531606753108,66,10.10.21.7
disparityBoltSub,255,4,1531606753040,1531606753112,72,10.10.21.6
disparityBoltSub,255,5,1531606753043,1531606753116,73,10.10.21.6
disparityBoltSub,255,6,1531606753043,1531606753122,79,10.10.21.6
disparityBoltSub,255,7,1531606753045,1531606753111,66,10.10.21.7
disparityBoltSub,255,8,1531606753046,1531606753117,71,10.10.21.7
disparityBoltSub,255,9,1531606753045,1531606753116,71,10.10.21.6
disparityBoltSub,255,10,1531606753047,1531606753121,74,10.10.21.7
disparityBoltSub,255,11,1531606753045,1531606753120,75,10.10.21.6
disparityBoltSub,255,12,1531606753049,1531606753168,119,10.10.21.7
disparityBoltSub,255,13,1531606753046,1531606753146,100,10.10.21.6
disparityBoltSub,255,14,1531606753047,1531606753191,144,10.10.21.6
disparityBoltSub,255,15,1531606753054,1531606753191,137,10.10.21.6
disparityBoltSub,255,16,1531606753046,1531606753118,72,10.10.21.6
disparityBoltSub,255,17,1531606753056,1531606753130,74,10.10.21.6
disparityBoltSub,255,18,1531606753055,1531606753130,75,10.10.21.6
disparityBoltSub,255,19,1531606753056,1531606753196,140,10.10.21.6
disparityBoltSub,255,20,1531606753048,1531606753126,78,10.10.21.6
disparityBoltSub,255,21,1531606753051,1531606753171,120,10.10.21.7
disparityBoltSub,255,22,1531606753049,1531606753127,78,10.10.21.6
disparityBoltSub,255,23,1531606753057,1531606753196,139,10.10.21.6
disparityBoltSub,255,24,1531606753049,1531606753120,71,10.10.21.6
disparityBoltSub,255,25,1531606753053,1531606753118,65,10.10.21.7
disparityBoltSub,255,26,1531606753053,1531606753123,70,10.10.21.7
disparityBoltSub,255,27,1531606753055,1531606753129,74,10.10.21.7
disparityBoltSub,255,28,1531606753057,1531606753130,73,10.10.21.7
disparityBoltSub,255,29,1531606753058,1531606753133,75,10.10.21.6
disparityBoltSub,255,30,1531606753059,1531606753129,70,10.10.21.6
disparityBoltSub,255,31,1531606753053,1531606753124,71,10.10.21.6
disparityBolt,255,0,0,0,157,0
mergeBolt,255,0,1531606753198,1531606753213,15,10.10.21.6
reprojectionBolt,255,0,1531606753213,1531606753253,40,null
overall,255,0,1531606752976,1531606753253,277,0
videoSpout,256,0,1531606753481,1531606753485,4,10.10.21.7
rectificationBolt,256,0,1531606753534,1531606753564,30,10.10.21.6
partitionBolt,256,0,1531606753564,1531606753583,19,10.10.21.6
disparityBoltSub,256,0,1531606753587,1531606753640,53,10.10.21.7
disparityBoltSub,256,1,1531606753584,1531606753666,82,10.10.21.6
disparityBoltSub,256,2,1531606753590,1531606753664,74,10.10.21.7
disparityBoltSub,256,3,1531606753588,1531606753661,73,10.10.21.7
disparityBoltSub,256,4,1531606753589,1531606753662,73,10.10.21.7
disparityBoltSub,256,5,1531606753586,1531606753659,73,10.10.21.6
disparityBoltSub,256,6,1531606753591,1531606753658,67,10.10.21.7
disparityBoltSub,256,7,1531606753592,1531606753662,70,10.10.21.7
disparityBoltSub,256,8,1531606753591,1531606753665,74,10.10.21.7
disparityBoltSub,256,9,1531606753593,1531606753666,73,10.10.21.7
disparityBoltSub,256,10,1531606753590,1531606753665,75,10.10.21.6
disparityBoltSub,256,11,1531606753592,1531606753665,73,10.10.21.6
disparityBoltSub,256,12,1531606753592,1531606753667,75,10.10.21.6
disparityBoltSub,256,13,1531606753591,1531606753662,71,10.10.21.6
disparityBoltSub,256,14,1531606753593,1531606753667,74,10.10.21.6
disparityBoltSub,256,15,1531606753593,1531606753669,76,10.10.21.6
disparityBoltSub,256,16,1531606753594,1531606753667,73,10.10.21.7
disparityBoltSub,256,17,1531606753594,1531606753671,77,10.10.21.6
disparityBoltSub,256,18,1531606753592,1531606753672,80,10.10.21.6
disparityBoltSub,256,19,1531606753595,1531606753672,77,10.10.21.6
disparityBoltSub,256,20,1531606753593,1531606753670,77,10.10.21.6
disparityBoltSub,256,21,1531606753594,1531606753702,108,10.10.21.6
disparityBoltSub,256,22,1531606753596,1531606753671,75,10.10.21.6
disparityBoltSub,256,23,1531606753597,1531606753705,108,10.10.21.6
disparityBoltSub,256,24,1531606753598,1531606753716,118,10.10.21.6
disparityBoltSub,256,25,1531606753595,1531606753667,72,10.10.21.6
disparityBoltSub,256,26,1531606753595,1531606753672,77,10.10.21.6
disparityBoltSub,256,27,1531606753599,1531606753668,69,10.10.21.6
disparityBoltSub,256,28,1531606753608,1531606753678,70,10.10.21.7
disparityBoltSub,256,29,1531606753599,1531606753717,118,10.10.21.6
disparityBoltSub,256,30,1531606753598,1531606753674,76,10.10.21.6
disparityBoltSub,256,31,1531606753609,1531606753653,44,10.10.21.7
disparityBolt,256,0,0,0,133,0
mergeBolt,256,0,1531606753718,1531606753733,15,10.10.21.6
reprojectionBolt,256,0,1531606753733,1531606753773,40,null
overall,256,0,1531606753481,1531606753773,292,0
videoSpout,257,0,1531606753985,1531606753998,13,10.10.21.7
rectificationBolt,257,0,1531606754016,1531606754044,28,10.10.21.6
partitionBolt,257,0,1531606754044,1531606754063,19,10.10.21.6
disparityBoltSub,257,0,1531606754064,1531606754112,48,10.10.21.6
disparityBoltSub,257,1,1531606754067,1531606754141,74,10.10.21.7
disparityBoltSub,257,2,1531606754067,1531606754177,110,10.10.21.6
disparityBoltSub,257,3,1531606754068,1531606754152,84,10.10.21.7
disparityBoltSub,257,4,1531606754069,1531606754141,72,10.10.21.7
disparityBoltSub,257,5,1531606754067,1531606754139,72,10.10.21.6
disparityBoltSub,257,6,1531606754067,1531606754149,82,10.10.21.6
disparityBoltSub,257,7,1531606754081,1531606754152,71,10.10.21.6
disparityBoltSub,257,8,1531606754076,1531606754180,104,10.10.21.6
disparityBoltSub,257,9,1531606754082,1531606754187,105,10.10.21.7
disparityBoltSub,257,10,1531606754084,1531606754154,70,10.10.21.7
disparityBoltSub,257,11,1531606754083,1531606754152,69,10.10.21.6
disparityBoltSub,257,12,1531606754085,1531606754160,75,10.10.21.6
disparityBoltSub,257,13,1531606754084,1531606754154,70,10.10.21.6
disparityBoltSub,257,14,1531606754086,1531606754157,71,10.10.21.7
disparityBoltSub,257,15,1531606754086,1531606754159,73,10.10.21.6
disparityBoltSub,257,16,1531606754083,1531606754165,82,10.10.21.6
disparityBoltSub,257,17,1531606754084,1531606754167,83,10.10.21.6
disparityBoltSub,257,18,1531606754087,1531606754163,76,10.10.21.6
disparityBoltSub,257,19,1531606754084,1531606754164,80,10.10.21.6
disparityBoltSub,257,20,1531606754088,1531606754163,75,10.10.21.7
disparityBoltSub,257,21,1531606754085,1531606754161,76,10.10.21.6
disparityBoltSub,257,22,1531606754091,1531606754166,75,10.10.21.7
disparityBoltSub,257,23,1531606754089,1531606754161,72,10.10.21.7
disparityBoltSub,257,24,1531606754096,1531606754175,79,10.10.21.7
disparityBoltSub,257,25,1531606754094,1531606754167,73,10.10.21.7
disparityBoltSub,257,26,1531606754093,1531606754198,105,10.10.21.7
disparityBoltSub,257,27,1531606754090,1531606754165,75,10.10.21.7
disparityBoltSub,257,28,1531606754092,1531606754162,70,10.10.21.6
disparityBoltSub,257,29,1531606754097,1531606754194,97,10.10.21.7
disparityBoltSub,257,30,1531606754098,1531606754199,101,10.10.21.7
disparityBoltSub,257,31,1531606754099,1531606754142,43,10.10.21.7
disparityBolt,257,0,0,0,135,0
mergeBolt,257,0,1531606754200,1531606754215,15,10.10.21.6
reprojectionBolt,257,0,1531606754215,1531606754254,39,null
overall,257,0,1531606753985,1531606754254,269,0
videoSpout,258,0,1531606754498,1531606754502,4,10.10.21.7
rectificationBolt,258,0,1531606754520,1531606754549,29,10.10.21.6
partitionBolt,258,0,1531606754549,1531606754567,18,10.10.21.6
disparityBoltSub,258,0,1531606754578,1531606754619,41,10.10.21.6
disparityBoltSub,258,1,1531606754569,1531606754685,116,10.10.21.6
disparityBoltSub,258,2,1531606754569,1531606754645,76,10.10.21.6
disparityBoltSub,258,3,1531606754577,1531606754654,77,10.10.21.6
disparityBoltSub,258,4,1531606754573,1531606754661,88,10.10.21.7
disparityBoltSub,258,5,1531606754579,1531606754651,72,10.10.21.6
disparityBoltSub,258,6,1531606754574,1531606754639,65,10.10.21.7
disparityBoltSub,258,7,1531606754574,1531606754648,74,10.10.21.7
disparityBoltSub,258,8,1531606754579,1531606754653,74,10.10.21.6
disparityBoltSub,258,9,1531606754572,1531606754648,76,10.10.21.6
disparityBoltSub,258,10,1531606754575,1531606754645,70,10.10.21.7
disparityBoltSub,258,11,1531606754576,1531606754647,71,10.10.21.7
disparityBoltSub,258,12,1531606754574,1531606754645,71,10.10.21.6
disparityBoltSub,258,13,1531606754579,1531606754647,68,10.10.21.7
disparityBoltSub,258,14,1531606754577,1531606754648,71,10.10.21.7
disparityBoltSub,258,15,1531606754582,1531606754653,71,10.10.21.6
disparityBoltSub,258,16,1531606754580,1531606754654,74,10.10.21.6
disparityBoltSub,258,17,1531606754581,1531606754668,87,10.10.21.7
disparityBoltSub,258,18,1531606754579,1531606754651,72,10.10.21.7
disparityBoltSub,258,19,1531606754581,1531606754655,74,10.10.21.7
disparityBoltSub,258,20,1531606754583,1531606754659,76,10.10.21.6
disparityBoltSub,258,21,1531606754584,1531606754657,73,10.10.21.7
disparityBoltSub,258,22,1531606754582,1531606754708,126,10.10.21.7
disparityBoltSub,258,23,1531606754579,1531606754652,73,10.10.21.6
disparityBoltSub,258,24,1531606754584,1531606754657,73,10.10.21.6
disparityBoltSub,258,25,1531606754583,1531606754663,80,10.10.21.6
disparityBoltSub,258,26,1531606754586,1531606754658,72,10.10.21.6
disparityBoltSub,258,27,1531606754583,1531606754705,122,10.10.21.7
disparityBoltSub,258,28,1531606754581,1531606754699,118,10.10.21.6
disparityBoltSub,258,29,1531606754586,1531606754661,75,10.10.21.6
disparityBoltSub,258,30,1531606754585,1531606754654,69,10.10.21.7
disparityBoltSub,258,31,1531606754584,1531606754628,44,10.10.21.7
disparityBolt,258,0,0,0,139,0
mergeBolt,258,0,1531606754710,1531606754735,25,10.10.21.6
reprojectionBolt,258,0,1531606754735,1531606754775,40,null
overall,258,0,1531606754498,1531606754775,277,0
videoSpout,259,0,1531606755002,1531606755007,5,10.10.21.7
rectificationBolt,259,0,1531606755025,1531606755054,29,10.10.21.6
partitionBolt,259,0,1531606755054,1531606755073,19,10.10.21.6
disparityBoltSub,259,0,1531606755074,1531606755120,46,10.10.21.6
disparityBoltSub,259,1,1531606755077,1531606755145,68,10.10.21.7
disparityBoltSub,259,2,1531606755078,1531606755150,72,10.10.21.6
disparityBoltSub,259,3,1531606755078,1531606755149,71,10.10.21.7
disparityBoltSub,259,4,1531606755078,1531606755150,72,10.10.21.6
disparityBoltSub,259,5,1531606755079,1531606755151,72,10.10.21.6
disparityBoltSub,259,6,1531606755080,1531606755151,71,10.10.21.7
disparityBoltSub,259,7,1531606755080,1531606755151,71,10.10.21.7
disparityBoltSub,259,8,1531606755078,1531606755150,72,10.10.21.6
disparityBoltSub,259,9,1531606755080,1531606755150,70,10.10.21.6
disparityBoltSub,259,10,1531606755081,1531606755153,72,10.10.21.6
disparityBoltSub,259,11,1531606755082,1531606755152,70,10.10.21.7
disparityBoltSub,259,12,1531606755083,1531606755151,68,10.10.21.6
disparityBoltSub,259,13,1531606755080,1531606755152,72,10.10.21.6
disparityBoltSub,259,14,1531606755082,1531606755188,106,10.10.21.6
disparityBoltSub,259,15,1531606755084,1531606755155,71,10.10.21.6
disparityBoltSub,259,16,1531606755084,1531606755156,72,10.10.21.7
disparityBoltSub,259,17,1531606755086,1531606755161,75,10.10.21.7
disparityBoltSub,259,18,1531606755082,1531606755157,75,10.10.21.6
disparityBoltSub,259,19,1531606755087,1531606755163,76,10.10.21.6
disparityBoltSub,259,20,1531606755085,1531606755199,114,10.10.21.6
disparityBoltSub,259,21,1531606755084,1531606755159,75,10.10.21.6
disparityBoltSub,259,22,1531606755085,1531606755192,107,10.10.21.6
disparityBoltSub,259,23,1531606755087,1531606755160,73,10.10.21.7
disparityBoltSub,259,24,1531606755089,1531606755158,69,10.10.21.7
disparityBoltSub,259,25,1531606755087,1531606755189,102,10.10.21.6
disparityBoltSub,259,26,1531606755089,1531606755192,103,10.10.21.6
disparityBoltSub,259,27,1531606755091,1531606755164,73,10.10.21.7
disparityBoltSub,259,28,1531606755089,1531606755159,70,10.10.21.6
disparityBoltSub,259,29,1531606755091,1531606755161,70,10.10.21.7
disparityBoltSub,259,30,1531606755091,1531606755202,111,10.10.21.6
disparityBoltSub,259,31,1531606755091,1531606755131,40,10.10.21.6
disparityBolt,259,0,0,0,128,0
mergeBolt,259,0,1531606755203,1531606755217,14,10.10.21.6
reprojectionBolt,259,0,1531606755218,1531606755258,40,null
overall,259,0,1531606755002,1531606755258,256,0
videoSpout,260,0,1531606755507,1531606755511,4,10.10.21.7
rectificationBolt,260,0,1531606755529,1531606755558,29,10.10.21.6
partitionBolt,260,0,1531606755558,1531606755586,28,10.10.21.6
disparityBoltSub,260,0,1531606755589,1531606755635,46,10.10.21.7
disparityBoltSub,260,1,1531606755587,1531606755659,72,10.10.21.6
disparityBoltSub,260,2,1531606755591,1531606755695,104,10.10.21.7
disparityBoltSub,260,3,1531606755590,1531606755668,78,10.10.21.6
disparityBoltSub,260,4,1531606755592,1531606755666,74,10.10.21.7
disparityBoltSub,260,5,1531606755594,1531606755666,72,10.10.21.7
disparityBoltSub,260,6,1531606755589,1531606755658,69,10.10.21.6
disparityBoltSub,260,7,1531606755595,1531606755666,71,10.10.21.7
disparityBoltSub,260,8,1531606755592,1531606755701,109,10.10.21.6
disparityBoltSub,260,9,1531606755594,1531606755662,68,10.10.21.7
disparityBoltSub,260,10,1531606755595,1531606755713,118,10.10.21.6
disparityBoltSub,260,11,1531606755594,1531606755712,118,10.10.21.6
disparityBoltSub,260,12,1531606755592,1531606755693,101,10.10.21.6
disparityBoltSub,260,13,1531606755599,1531606755669,70,10.10.21.7
disparityBoltSub,260,14,1531606755597,1531606755669,72,10.10.21.7
disparityBoltSub,260,15,1531606755596,1531606755669,73,10.10.21.6
disparityBoltSub,260,16,1531606755596,1531606755669,73,10.10.21.7
disparityBoltSub,260,17,1531606755598,1531606755689,91,10.10.21.7
disparityBoltSub,260,18,1531606755600,1531606755722,122,10.10.21.7
disparityBoltSub,260,19,1531606755601,1531606755694,93,10.10.21.7
disparityBoltSub,260,20,1531606755598,1531606755674,76,10.10.21.6
disparityBoltSub,260,21,1531606755604,1531606755679,75,10.10.21.7
disparityBoltSub,260,22,1531606755603,1531606755680,77,10.10.21.7
disparityBoltSub,260,23,1531606755598,1531606755677,79,10.10.21.6
disparityBoltSub,260,24,1531606755606,1531606755698,92,10.10.21.7
disparityBoltSub,260,25,1531606755599,1531606755700,101,10.10.21.6
disparityBoltSub,260,26,1531606755608,1531606755676,68,10.10.21.7
disparityBoltSub,260,27,1531606755602,1531606755682,80,10.10.21.6
disparityBoltSub,260,28,1531606755609,1531606755678,69,10.10.21.7
disparityBoltSub,260,29,1531606755603,1531606755672,69,10.10.21.7
disparityBoltSub,260,30,1531606755601,1531606755674,73,10.10.21.6
disparityBoltSub,260,31,1531606755601,1531606755680,79,10.10.21.6
disparityBolt,260,0,0,0,135,0
mergeBolt,260,0,1531606755723,1531606755738,15,10.10.21.6
reprojectionBolt,260,0,1531606755738,1531606755779,41,null
overall,260,0,1531606755507,1531606755779,272,0
videoSpout,261,0,1531606756011,1531606756016,5,10.10.21.7
rectificationBolt,261,0,1531606756033,1531606756064,31,10.10.21.6
partitionBolt,261,0,1531606756064,1531606756084,20,10.10.21.6
disparityBoltSub,261,0,1531606756088,1531606756136,48,10.10.21.7
disparityBoltSub,261,1,1531606756088,1531606756166,78,10.10.21.6
disparityBoltSub,261,2,1531606756090,1531606756160,70,10.10.21.7
disparityBoltSub,261,3,1531606756086,1531606756161,75,10.10.21.6
disparityBoltSub,261,4,1531606756087,1531606756159,72,10.10.21.6
disparityBoltSub,261,5,1531606756091,1531606756199,108,10.10.21.7
disparityBoltSub,261,6,1531606756088,1531606756163,75,10.10.21.6
disparityBoltSub,261,7,1531606756088,1531606756160,72,10.10.21.6
disparityBoltSub,261,8,1531606756091,1531606756166,75,10.10.21.6
disparityBoltSub,261,9,1531606756092,1531606756176,84,10.10.21.6
disparityBoltSub,261,10,1531606756092,1531606756165,73,10.10.21.7
disparityBoltSub,261,11,1531606756095,1531606756202,107,10.10.21.7
disparityBoltSub,261,12,1531606756098,1531606756188,90,10.10.21.6
disparityBoltSub,261,13,1531606756095,1531606756165,70,10.10.21.7
disparityBoltSub,261,14,1531606756095,1531606756171,76,10.10.21.7
disparityBoltSub,261,15,1531606756097,1531606756200,103,10.10.21.7
disparityBoltSub,261,16,1531606756092,1531606756163,71,10.10.21.6
disparityBoltSub,261,17,1531606756097,1531606756171,74,10.10.21.7
disparityBoltSub,261,18,1531606756099,1531606756171,72,10.10.21.6
disparityBoltSub,261,19,1531606756108,1531606756230,122,10.10.21.6
disparityBoltSub,261,20,1531606756100,1531606756174,74,10.10.21.7
disparityBoltSub,261,21,1531606756109,1531606756180,71,10.10.21.7
disparityBoltSub,261,22,1531606756109,1531606756187,78,10.10.21.6
disparityBoltSub,261,23,1531606756111,1531606756186,75,10.10.21.6
disparityBoltSub,261,24,1531606756110,1531606756213,103,10.10.21.6
disparityBoltSub,261,25,1531606756112,1531606756233,121,10.10.21.6
disparityBoltSub,261,26,1531606756112,1531606756186,74,10.10.21.6
disparityBoltSub,261,27,1531606756113,1531606756183,70,10.10.21.6
disparityBoltSub,261,28,1531606756108,1531606756180,72,10.10.21.7
disparityBoltSub,261,29,1531606756099,1531606756180,81,10.10.21.6
disparityBoltSub,261,30,1531606756106,1531606756226,120,10.10.21.6
disparityBoltSub,261,31,1531606756110,1531606756189,79,10.10.21.7
disparityBolt,261,0,0,0,147,0
mergeBolt,261,0,1531606756234,1531606756250,16,10.10.21.6
reprojectionBolt,261,0,1531606756250,1531606756288,38,null
overall,261,0,1531606756011,1531606756288,277,0
videoSpout,262,0,1531606756516,1531606756520,4,10.10.21.7
rectificationBolt,262,0,1531606756537,1531606756560,23,10.10.21.6
partitionBolt,262,0,1531606756560,1531606756578,18,10.10.21.6
disparityBoltSub,262,0,1531606756586,1531606756628,42,10.10.21.7
disparityBoltSub,262,1,1531606756583,1531606756656,73,10.10.21.7
disparityBoltSub,262,2,1531606756585,1531606756654,69,10.10.21.7
disparityBoltSub,262,3,1531606756583,1531606756658,75,10.10.21.6
disparityBoltSub,262,4,1531606756584,1531606756654,70,10.10.21.6
disparityBoltSub,262,5,1531606756586,1531606756659,73,10.10.21.7
disparityBoltSub,262,6,1531606756590,1531606756663,73,10.10.21.7
disparityBoltSub,262,7,1531606756585,1531606756659,74,10.10.21.6
disparityBoltSub,262,8,1531606756584,1531606756656,72,10.10.21.6
disparityBoltSub,262,9,1531606756593,1531606756663,70,10.10.21.7
disparityBoltSub,262,10,1531606756592,1531606756713,121,10.10.21.7
disparityBoltSub,262,11,1531606756594,1531606756714,120,10.10.21.7
disparityBoltSub,262,12,1531606756585,1531606756658,73,10.10.21.6
disparityBoltSub,262,13,1531606756590,1531606756660,70,10.10.21.6
disparityBoltSub,262,14,1531606756590,1531606756671,81,10.10.21.6
disparityBoltSub,262,15,1531606756591,1531606756668,77,10.10.21.6
disparityBoltSub,262,16,1531606756587,1531606756659,72,10.10.21.6
disparityBoltSub,262,17,1531606756592,1531606756666,74,10.10.21.6
disparityBoltSub,262,18,1531606756588,1531606756660,72,10.10.21.6
disparityBoltSub,262,19,1531606756592,1531606756664,72,10.10.21.7
disparityBoltSub,262,20,1531606756597,1531606756671,74,10.10.21.7
disparityBoltSub,262,21,1531606756598,1531606756670,72,10.10.21.7
disparityBoltSub,262,22,1531606756590,1531606756665,75,10.10.21.6
disparityBoltSub,262,23,1531606756594,1531606756666,72,10.10.21.7
disparityBoltSub,262,24,1531606756595,1531606756666,71,10.10.21.7
disparityBoltSub,262,25,1531606756596,1531606756670,74,10.10.21.7
disparityBoltSub,262,26,1531606756601,1531606756680,79,10.10.21.7
disparityBoltSub,262,27,1531606756600,1531606756673,73,10.10.21.7
disparityBoltSub,262,28,1531606756603,1531606756673,70,10.10.21.7
disparityBoltSub,262,29,1531606756593,1531606756666,73,10.10.21.6
disparityBoltSub,262,30,1531606756603,1531606756672,69,10.10.21.7
disparityBoltSub,262,31,1531606756596,1531606756637,41,10.10.21.6
disparityBolt,262,0,0,0,131,0
mergeBolt,262,0,1531606756716,1531606756732,16,10.10.21.6
reprojectionBolt,262,0,1531606756732,1531606756771,39,null
overall,262,0,1531606756516,1531606756771,255,0
videoSpout,263,0,1531606757020,1531606757025,5,10.10.21.7
rectificationBolt,263,0,1531606757043,1531606757081,38,10.10.21.6
partitionBolt,263,0,1531606757081,1531606757101,20,10.10.21.6
disparityBoltSub,263,0,1531606757104,1531606757149,45,10.10.21.6
disparityBoltSub,263,1,1531606757105,1531606757180,75,10.10.21.7
disparityBoltSub,263,2,1531606757103,1531606757212,109,10.10.21.6
disparityBoltSub,263,3,1531606757104,1531606757208,104,10.10.21.6
disparityBoltSub,263,4,1531606757103,1531606757178,75,10.10.21.6
disparityBoltSub,263,5,1531606757107,1531606757178,71,10.10.21.7
disparityBoltSub,263,6,1531606757106,1531606757184,78,10.10.21.6
disparityBoltSub,263,7,1531606757111,1531606757184,73,10.10.21.7
disparityBoltSub,263,8,1531606757108,1531606757179,71,10.10.21.7
disparityBoltSub,263,9,1531606757114,1531606757184,70,10.10.21.7
disparityBoltSub,263,10,1531606757113,1531606757185,72,10.10.21.7
disparityBoltSub,263,11,1531606757107,1531606757178,71,10.10.21.6
disparityBoltSub,263,12,1531606757116,1531606757187,71,10.10.21.7
disparityBoltSub,263,13,1531606757113,1531606757190,77,10.10.21.7
disparityBoltSub,263,14,1531606757111,1531606757189,78,10.10.21.7
disparityBoltSub,263,15,1531606757113,1531606757187,74,10.10.21.6
disparityBoltSub,263,16,1531606757112,1531606757215,103,10.10.21.6
disparityBoltSub,263,17,1531606757118,1531606757194,76,10.10.21.7
disparityBoltSub,263,18,1531606757113,1531606757197,84,10.10.21.6
disparityBoltSub,263,19,1531606757114,1531606757191,77,10.10.21.7
disparityBoltSub,263,20,1531606757120,1531606757192,72,10.10.21.7
disparityBoltSub,263,21,1531606757123,1531606757197,74,10.10.21.7
disparityBoltSub,263,22,1531606757121,1531606757196,75,10.10.21.7
disparityBoltSub,263,23,1531606757120,1531606757192,72,10.10.21.6
disparityBoltSub,263,24,1531606757124,1531606757196,72,10.10.21.7
disparityBoltSub,263,25,1531606757118,1531606757190,72,10.10.21.7
disparityBoltSub,263,26,1531606757117,1531606757215,98,10.10.21.6
disparityBoltSub,263,27,1531606757118,1531606757229,111,10.10.21.6
disparityBoltSub,263,28,1531606757125,1531606757196,71,10.10.21.7
disparityBoltSub,263,29,1531606757119,1531606757194,75,10.10.21.6
disparityBoltSub,263,30,1531606757117,1531606757223,106,10.10.21.6
disparityBoltSub,263,31,1531606757119,1531606757162,43,10.10.21.7
disparityBolt,263,0,0,0,126,0
mergeBolt,263,0,1531606757230,1531606757244,14,10.10.21.6
reprojectionBolt,263,0,1531606757244,1531606757283,39,null
overall,263,0,1531606757020,1531606757283,263,0
videoSpout,264,0,1531606757525,1531606757529,4,10.10.21.7
rectificationBolt,264,0,1531606757547,1531606757577,30,10.10.21.6
partitionBolt,264,0,1531606757577,1531606757597,20,10.10.21.6
disparityBoltSub,264,0,1531606757599,1531606757642,43,10.10.21.7
disparityBoltSub,264,1,1531606757601,1531606757674,73,10.10.21.7
disparityBoltSub,264,2,1531606757601,1531606757684,83,10.10.21.6
disparityBoltSub,264,3,1531606757599,1531606757674,75,10.10.21.6
disparityBoltSub,264,4,1531606757602,1531606757675,73,10.10.21.7
disparityBoltSub,264,5,1531606757600,1531606757675,75,10.10.21.6
disparityBoltSub,264,6,1531606757603,1531606757676,73,10.10.21.7
disparityBoltSub,264,7,1531606757602,1531606757687,85,10.10.21.6
disparityBoltSub,264,8,1531606757605,1531606757676,71,10.10.21.7
disparityBoltSub,264,9,1531606757604,1531606757735,131,10.10.21.7
disparityBoltSub,264,10,1531606757606,1531606757676,70,10.10.21.7
disparityBoltSub,264,11,1531606757605,1531606757688,83,10.10.21.6
disparityBoltSub,264,12,1531606757606,1531606757687,81,10.10.21.6
disparityBoltSub,264,13,1531606757608,1531606757678,70,10.10.21.7
disparityBoltSub,264,14,1531606757604,1531606757738,134,10.10.21.6
disparityBoltSub,264,15,1531606757616,1531606757685,69,10.10.21.7
disparityBoltSub,264,16,1531606757607,1531606757687,80,10.10.21.6
disparityBoltSub,264,17,1531606757616,1531606757766,150,10.10.21.6
disparityBoltSub,264,18,1531606757616,1531606757751,135,10.10.21.6
disparityBoltSub,264,19,1531606757616,1531606757689,73,10.10.21.7
disparityBoltSub,264,20,1531606757618,1531606757694,76,10.10.21.6
disparityBoltSub,264,21,1531606757618,1531606757754,136,10.10.21.6
disparityBoltSub,264,22,1531606757616,1531606757693,77,10.10.21.6
disparityBoltSub,264,23,1531606757616,1531606757693,77,10.10.21.6
disparityBoltSub,264,24,1531606757616,1531606757689,73,10.10.21.6
disparityBoltSub,264,25,1531606757619,1531606757689,70,10.10.21.7
disparityBoltSub,264,26,1531606757619,1531606757688,69,10.10.21.7
disparityBoltSub,264,27,1531606757620,1531606757706,86,10.10.21.6
disparityBoltSub,264,28,1531606757618,1531606757731,113,10.10.21.6
disparityBoltSub,264,29,1531606757620,1531606757750,130,10.10.21.7
disparityBoltSub,264,30,1531606757620,1531606757723,103,10.10.21.6
disparityBoltSub,264,31,1531606757620,1531606757671,51,10.10.21.6
disparityBolt,264,0,0,0,167,0
mergeBolt,264,0,1531606757767,1531606757782,15,10.10.21.6
reprojectionBolt,264,0,1531606757782,1531606757822,40,null
overall,264,0,1531606757525,1531606757822,297,0
videoSpout,265,0,1531606758029,1531606758033,4,10.10.21.7
rectificationBolt,265,0,1531606758054,1531606758083,29,10.10.21.6
partitionBolt,265,0,1531606758083,1531606758101,18,10.10.21.6
disparityBoltSub,265,0,1531606758106,1531606758149,43,10.10.21.7
disparityBoltSub,265,1,1531606758105,1531606758246,141,10.10.21.6
disparityBoltSub,265,2,1531606758107,1531606758247,140,10.10.21.6
disparityBoltSub,265,3,1531606758106,1531606758246,140,10.10.21.6
disparityBoltSub,265,4,1531606758104,1531606758176,72,10.10.21.6
disparityBoltSub,265,5,1531606758104,1531606758244,140,10.10.21.6
disparityBoltSub,265,6,1531606758107,1531606758180,73,10.10.21.6
disparityBoltSub,265,7,1531606758106,1531606758176,70,10.10.21.6
disparityBoltSub,265,8,1531606758107,1531606758233,126,10.10.21.7
disparityBoltSub,265,9,1531606758111,1531606758185,74,10.10.21.7
disparityBoltSub,265,10,1531606758109,1531606758183,74,10.10.21.7
disparityBoltSub,265,11,1531606758112,1531606758184,72,10.10.21.7
disparityBoltSub,265,12,1531606758114,1531606758185,71,10.10.21.7
disparityBoltSub,265,13,1531606758108,1531606758178,70,10.10.21.6
disparityBoltSub,265,14,1531606758115,1531606758185,70,10.10.21.7
disparityBoltSub,265,15,1531606758110,1531606758182,72,10.10.21.6
disparityBoltSub,265,16,1531606758117,1531606758194,77,10.10.21.7
disparityBoltSub,265,17,1531606758110,1531606758184,74,10.10.21.6
disparityBoltSub,265,18,1531606758119,1531606758250,131,10.10.21.7
disparityBoltSub,265,19,1531606758118,1531606758197,79,10.10.21.7
disparityBoltSub,265,20,1531606758112,1531606758185,73,10.10.21.6
disparityBoltSub,265,21,1531606758121,1531606758250,129,10.10.21.7
disparityBoltSub,265,22,1531606758112,1531606758186,74,10.10.21.6
disparityBoltSub,265,23,1531606758115,1531606758186,71,10.10.21.6
disparityBoltSub,265,24,1531606758122,1531606758193,71,10.10.21.7
disparityBoltSub,265,25,1531606758116,1531606758186,70,10.10.21.6
disparityBoltSub,265,26,1531606758124,1531606758197,73,10.10.21.7
disparityBoltSub,265,27,1531606758116,1531606758187,71,10.10.21.6
disparityBoltSub,265,28,1531606758118,1531606758189,71,10.10.21.6
disparityBoltSub,265,29,1531606758117,1531606758187,70,10.10.21.6
disparityBoltSub,265,30,1531606758124,1531606758252,128,10.10.21.7
disparityBoltSub,265,31,1531606758116,1531606758158,42,10.10.21.6
disparityBolt,265,0,0,0,148,0
mergeBolt,265,0,1531606758254,1531606758269,15,10.10.21.6
reprojectionBolt,265,0,1531606758269,1531606758308,39,null
overall,265,0,1531606758029,1531606758308,279,0
videoSpout,266,0,1531606758534,1531606758538,4,10.10.21.7
rectificationBolt,266,0,1531606758569,1531606758598,29,10.10.21.6
partitionBolt,266,0,1531606758598,1531606758617,19,10.10.21.6
disparityBoltSub,266,0,1531606758619,1531606758666,47,10.10.21.6
disparityBoltSub,266,1,1531606758620,1531606758693,73,10.10.21.7
disparityBoltSub,266,2,1531606758622,1531606758699,77,10.10.21.7
disparityBoltSub,266,3,1531606758622,1531606758694,72,10.10.21.7
disparityBoltSub,266,4,1531606758625,1531606758691,66,10.10.21.7
disparityBoltSub,266,5,1531606758624,1531606758691,67,10.10.21.7
disparityBoltSub,266,6,1531606758621,1531606758697,76,10.10.21.6
disparityBoltSub,266,7,1531606758621,1531606758695,74,10.10.21.6
disparityBoltSub,266,8,1531606758626,1531606758744,118,10.10.21.7
disparityBoltSub,266,9,1531606758628,1531606758729,101,10.10.21.7
disparityBoltSub,266,10,1531606758626,1531606758698,72,10.10.21.7
disparityBoltSub,266,11,1531606758625,1531606758702,77,10.10.21.6
disparityBoltSub,266,12,1531606758626,1531606758699,73,10.10.21.6
disparityBoltSub,266,13,1531606758628,1531606758696,68,10.10.21.7
disparityBoltSub,266,14,1531606758630,1531606758701,71,10.10.21.7
disparityBoltSub,266,15,1531606758625,1531606758699,74,10.10.21.6
disparityBoltSub,266,16,1531606758627,1531606758705,78,10.10.21.6
disparityBoltSub,266,17,1531606758625,1531606758703,78,10.10.21.6
disparityBoltSub,266,18,1531606758625,1531606758702,77,10.10.21.6
disparityBoltSub,266,19,1531606758625,1531606758701,76,10.10.21.6
disparityBoltSub,266,20,1531606758626,1531606758706,80,10.10.21.6
disparityBoltSub,266,21,1531606758626,1531606758705,79,10.10.21.6
disparityBoltSub,266,22,1531606758631,1531606758758,127,10.10.21.7
disparityBoltSub,266,23,1531606758632,1531606758704,72,10.10.21.7
disparityBoltSub,266,24,1531606758630,1531606758729,99,10.10.21.7
disparityBoltSub,266,25,1531606758636,1531606758708,72,10.10.21.7
disparityBoltSub,266,26,1531606758634,1531606758753,119,10.10.21.7
disparityBoltSub,266,27,1531606758631,1531606758710,79,10.10.21.6
disparityBoltSub,266,28,1531606758632,1531606758704,72,10.10.21.6
disparityBoltSub,266,29,1531606758638,1531606758708,70,10.10.21.7
disparityBoltSub,266,30,1531606758640,1531606758763,123,10.10.21.7
disparityBoltSub,266,31,1531606758641,1531606758682,41,10.10.21.7
disparityBolt,266,0,0,0,144,0
mergeBolt,266,0,1531606758765,1531606758779,14,10.10.21.6
reprojectionBolt,266,0,1531606758779,1531606758817,38,null
overall,266,0,1531606758534,1531606758817,283,0
videoSpout,267,0,1531606759038,1531606759042,4,10.10.21.7
rectificationBolt,267,0,1531606759062,1531606759092,30,10.10.21.6
partitionBolt,267,0,1531606759092,1531606759111,19,10.10.21.6
disparityBoltSub,267,0,1531606759112,1531606759174,62,10.10.21.6
disparityBoltSub,267,1,1531606759145,1531606759219,74,10.10.21.7
disparityBoltSub,267,2,1531606759145,1531606759218,73,10.10.21.6
disparityBoltSub,267,3,1531606759146,1531606759249,103,10.10.21.6
disparityBoltSub,267,4,1531606759144,1531606759216,72,10.10.21.6
disparityBoltSub,267,5,1531606759148,1531606759224,76,10.10.21.6
disparityBoltSub,267,6,1531606759147,1531606759267,120,10.10.21.7
disparityBoltSub,267,7,1531606759148,1531606759219,71,10.10.21.6
disparityBoltSub,267,8,1531606759148,1531606759220,72,10.10.21.6
disparityBoltSub,267,9,1531606759150,1531606759219,69,10.10.21.7
disparityBoltSub,267,10,1531606759150,1531606759220,70,10.10.21.6
disparityBoltSub,267,11,1531606759150,1531606759224,74,10.10.21.7
disparityBoltSub,267,12,1531606759151,1531606759260,109,10.10.21.6
disparityBoltSub,267,13,1531606759148,1531606759221,73,10.10.21.6
disparityBoltSub,267,14,1531606759151,1531606759269,118,10.10.21.7
disparityBoltSub,267,15,1531606759153,1531606759222,69,10.10.21.7
disparityBoltSub,267,16,1531606759152,1531606759226,74,10.10.21.6
disparityBoltSub,267,17,1531606759152,1531606759258,106,10.10.21.6
disparityBoltSub,267,18,1531606759150,1531606759228,78,10.10.21.6
disparityBoltSub,267,19,1531606759153,1531606759228,75,10.10.21.6
disparityBoltSub,267,20,1531606759154,1531606759225,71,10.10.21.7
disparityBoltSub,267,21,1531606759156,1531606759227,71,10.10.21.7
disparityBoltSub,267,22,1531606759155,1531606759229,74,10.10.21.7
disparityBoltSub,267,23,1531606759153,1531606759237,84,10.10.21.6
disparityBoltSub,267,24,1531606759155,1531606759257,102,10.10.21.6
disparityBoltSub,267,25,1531606759156,1531606759226,70,10.10.21.6
disparityBoltSub,267,26,1531606759157,1531606759228,71,10.10.21.7
disparityBoltSub,267,27,1531606759157,1531606759227,70,10.10.21.6
disparityBoltSub,267,28,1531606759155,1531606759229,74,10.10.21.6
disparityBoltSub,267,29,1531606759157,1531606759232,75,10.10.21.6
disparityBoltSub,267,30,1531606759159,1531606759232,73,10.10.21.7
disparityBoltSub,267,31,1531606759157,1531606759197,40,10.10.21.6
disparityBolt,267,0,0,0,157,0
mergeBolt,267,0,1531606759270,1531606759286,16,10.10.21.6
reprojectionBolt,267,0,1531606759286,1531606759326,40,null
overall,267,0,1531606759038,1531606759326,288,0
videoSpout,268,0,1531606759543,1531606759547,4,10.10.21.7
rectificationBolt,268,0,1531606759565,1531606759594,29,10.10.21.6
partitionBolt,268,0,1531606759594,1531606759612,18,10.10.21.6
disparityBoltSub,268,0,1531606759615,1531606759659,44,10.10.21.7
disparityBoltSub,268,1,1531606759614,1531606759690,76,10.10.21.6
disparityBoltSub,268,2,1531606759617,1531606759695,78,10.10.21.7
disparityBoltSub,268,3,1531606759623,1531606759700,77,10.10.21.7
disparityBoltSub,268,4,1531606759618,1531606759692,74,10.10.21.6
disparityBoltSub,268,5,1531606759626,1531606759703,77,10.10.21.7
disparityBoltSub,268,6,1531606759618,1531606759738,120,10.10.21.7
disparityBoltSub,268,7,1531606759619,1531606759691,72,10.10.21.6
disparityBoltSub,268,8,1531606759620,1531606759690,70,10.10.21.7
disparityBoltSub,268,9,1531606759621,1531606759696,75,10.10.21.6
disparityBoltSub,268,10,1531606759621,1531606759694,73,10.10.21.7
disparityBoltSub,268,11,1531606759622,1531606759694,72,10.10.21.6
disparityBoltSub,268,12,1531606759626,1531606759705,79,10.10.21.7
disparityBoltSub,268,13,1531606759624,1531606759741,117,10.10.21.7
disparityBoltSub,268,14,1531606759625,1531606759698,73,10.10.21.6
disparityBoltSub,268,15,1531606759627,1531606759722,95,10.10.21.6
disparityBoltSub,268,16,1531606759624,1531606759700,76,10.10.21.6
disparityBoltSub,268,17,1531606759624,1531606759702,78,10.10.21.6
disparityBoltSub,268,18,1531606759624,1531606759699,75,10.10.21.6
disparityBoltSub,268,19,1531606759625,1531606759727,102,10.10.21.6
disparityBoltSub,268,20,1531606759629,1531606759702,73,10.10.21.6
disparityBoltSub,268,21,1531606759627,1531606759703,76,10.10.21.6
disparityBoltSub,268,22,1531606759630,1531606759711,81,10.10.21.7
disparityBoltSub,268,23,1531606759631,1531606759709,78,10.10.21.7
disparityBoltSub,268,24,1531606759628,1531606759700,72,10.10.21.6
disparityBoltSub,268,25,1531606759632,1531606759706,74,10.10.21.6
disparityBoltSub,268,26,1531606759632,1531606759700,68,10.10.21.7
disparityBoltSub,268,27,1531606759635,1531606759706,71,10.10.21.7
disparityBoltSub,268,28,1531606759633,1531606759702,69,10.10.21.7
disparityBoltSub,268,29,1531606759633,1531606759703,70,10.10.21.6
disparityBoltSub,268,30,1531606759637,1531606759709,72,10.10.21.7
disparityBoltSub,268,31,1531606759636,1531606759677,41,10.10.21.7
disparityBolt,268,0,0,0,127,0
mergeBolt,268,0,1531606759743,1531606759758,15,10.10.21.6
reprojectionBolt,268,0,1531606759758,1531606759798,40,null
overall,268,0,1531606759543,1531606759798,255,0
videoSpout,269,0,1531606760047,1531606760051,4,10.10.21.7
rectificationBolt,269,0,1531606760072,1531606760094,22,10.10.21.6
partitionBolt,269,0,1531606760094,1531606760111,17,10.10.21.6
disparityBoltSub,269,0,1531606760114,1531606760157,43,10.10.21.7
disparityBoltSub,269,1,1531606760113,1531606760185,72,10.10.21.6
disparityBoltSub,269,2,1531606760113,1531606760184,71,10.10.21.6
disparityBoltSub,269,3,1531606760115,1531606760187,72,10.10.21.7
disparityBoltSub,269,4,1531606760113,1531606760184,71,10.10.21.6
disparityBoltSub,269,5,1531606760116,1531606760189,73,10.10.21.6
disparityBoltSub,269,6,1531606760116,1531606760190,74,10.10.21.6
disparityBoltSub,269,7,1531606760118,1531606760191,73,10.10.21.7
disparityBoltSub,269,8,1531606760119,1531606760189,70,10.10.21.7
disparityBoltSub,269,9,1531606760118,1531606760188,70,10.10.21.6
disparityBoltSub,269,10,1531606760122,1531606760191,69,10.10.21.7
disparityBoltSub,269,11,1531606760119,1531606760193,74,10.10.21.6
disparityBoltSub,269,12,1531606760120,1531606760191,71,10.10.21.7
disparityBoltSub,269,13,1531606760120,1531606760190,70,10.10.21.6
disparityBoltSub,269,14,1531606760120,1531606760190,70,10.10.21.6
disparityBoltSub,269,15,1531606760121,1531606760193,72,10.10.21.6
disparityBoltSub,269,16,1531606760119,1531606760236,117,10.10.21.6
disparityBoltSub,269,17,1531606760121,1531606760197,76,10.10.21.6
disparityBoltSub,269,18,1531606760123,1531606760234,111,10.10.21.6
disparityBoltSub,269,19,1531606760123,1531606760212,89,10.10.21.6
disparityBoltSub,269,20,1531606760120,1531606760226,106,10.10.21.6
disparityBoltSub,269,21,1531606760123,1531606760196,73,10.10.21.7
disparityBoltSub,269,22,1531606760122,1531606760196,74,10.10.21.6
disparityBoltSub,269,23,1531606760124,1531606760195,71,10.10.21.6
disparityBoltSub,269,24,1531606760122,1531606760192,70,10.10.21.6
disparityBoltSub,269,25,1531606760124,1531606760191,67,10.10.21.7
disparityBoltSub,269,26,1531606760127,1531606760221,94,10.10.21.7
disparityBoltSub,269,27,1531606760125,1531606760197,72,10.10.21.7
disparityBoltSub,269,28,1531606760129,1531606760223,94,10.10.21.7
disparityBoltSub,269,29,1531606760126,1531606760199,73,10.10.21.6
disparityBoltSub,269,30,1531606760127,1531606760232,105,10.10.21.6
disparityBoltSub,269,31,1531606760126,1531606760168,42,10.10.21.6
disparityBolt,269,0,0,0,123,0
mergeBolt,269,0,1531606760236,1531606760252,16,10.10.21.6
reprojectionBolt,269,0,1531606760252,1531606760290,38,null
overall,269,0,1531606760047,1531606760290,243,0
videoSpout,270,0,1531606760552,1531606760556,4,10.10.21.7
rectificationBolt,270,0,1531606760575,1531606760645,70,10.10.21.6
partitionBolt,270,0,1531606760645,1531606760665,20,10.10.21.6
disparityBoltSub,270,0,1531606760668,1531606760716,48,10.10.21.7
disparityBoltSub,270,1,1531606760666,1531606760740,74,10.10.21.6
disparityBoltSub,270,2,1531606760671,1531606760740,69,10.10.21.7
disparityBoltSub,270,3,1531606760669,1531606760740,71,10.10.21.7
disparityBoltSub,270,4,1531606760670,1531606760741,71,10.10.21.7
disparityBoltSub,270,5,1531606760667,1531606760783,116,10.10.21.6
disparityBoltSub,270,6,1531606760673,1531606760741,68,10.10.21.7
disparityBoltSub,270,7,1531606760672,1531606760741,69,10.10.21.7
disparityBoltSub,270,8,1531606760673,1531606760746,73,10.10.21.7
disparityBoltSub,270,9,1531606760673,1531606760747,74,10.10.21.7
disparityBoltSub,270,10,1531606760673,1531606760749,76,10.10.21.6
disparityBoltSub,270,11,1531606760673,1531606760748,75,10.10.21.6
disparityBoltSub,270,12,1531606760674,1531606760747,73,10.10.21.6
disparityBoltSub,270,13,1531606760672,1531606760749,77,10.10.21.6
disparityBoltSub,270,14,1531606760675,1531606760772,97,10.10.21.6
disparityBoltSub,270,15,1531606760675,1531606760813,138,10.10.21.6
disparityBoltSub,270,16,1531606760674,1531606760749,75,10.10.21.7
disparityBoltSub,270,17,1531606760676,1531606760757,81,10.10.21.6
disparityBoltSub,270,18,1531606760674,1531606760746,72,10.10.21.6
disparityBoltSub,270,19,1531606760677,1531606760755,78,10.10.21.6
disparityBoltSub,270,20,1531606760674,1531606760814,140,10.10.21.6
disparityBoltSub,270,21,1531606760675,1531606760749,74,10.10.21.6
disparityBoltSub,270,22,1531606760677,1531606760802,125,10.10.21.6
disparityBoltSub,270,23,1531606760680,1531606760791,111,10.10.21.6
disparityBoltSub,270,24,1531606760678,1531606760753,75,10.10.21.6
disparityBoltSub,270,25,1531606760677,1531606760746,69,10.10.21.6
disparityBoltSub,270,26,1531606760677,1531606760749,72,10.10.21.6
disparityBoltSub,270,27,1531606760680,1531606760758,78,10.10.21.6
disparityBoltSub,270,28,1531606760680,1531606760749,69,10.10.21.7
disparityBoltSub,270,29,1531606760681,1531606760772,91,10.10.21.6
disparityBoltSub,270,30,1531606760679,1531606760751,72,10.10.21.6
disparityBoltSub,270,31,1531606760681,1531606760726,45,10.10.21.7
disparityBolt,270,0,0,0,148,0
mergeBolt,270,0,1531606760814,1531606760829,15,10.10.21.6
reprojectionBolt,270,0,1531606760829,1531606760869,40,null
overall,270,0,1531606760552,1531606760869,317,0
videoSpout,271,0,1531606761056,1531606761060,4,10.10.21.7
rectificationBolt,271,0,1531606761080,1531606761109,29,10.10.21.6
partitionBolt,271,0,1531606761109,1531606761128,19,10.10.21.6
disparityBoltSub,271,0,1531606761129,1531606761200,71,10.10.21.6
disparityBoltSub,271,1,1531606761132,1531606761203,71,10.10.21.7
disparityBoltSub,271,2,1531606761131,1531606761228,97,10.10.21.6
disparityBoltSub,271,3,1531606761133,1531606761205,72,10.10.21.7
disparityBoltSub,271,4,1531606761133,1531606761206,73,10.10.21.7
disparityBoltSub,271,5,1531606761134,1531606761216,82,10.10.21.6
disparityBoltSub,271,6,1531606761131,1531606761218,87,10.10.21.6
disparityBoltSub,271,7,1531606761133,1531606761211,78,10.10.21.6
disparityBoltSub,271,8,1531606761135,1531606761218,83,10.10.21.6
disparityBoltSub,271,9,1531606761135,1531606761203,68,10.10.21.7
disparityBoltSub,271,10,1531606761169,1531606761249,80,10.10.21.7
disparityBoltSub,271,11,1531606761167,1531606761236,69,10.10.21.6
disparityBoltSub,271,12,1531606761169,1531606761242,73,10.10.21.6
disparityBoltSub,271,13,1531606761169,1531606761238,69,10.10.21.6
disparityBoltSub,271,14,1531606761170,1531606761243,73,10.10.21.7
disparityBoltSub,271,15,1531606761170,1531606761239,69,10.10.21.6
disparityBoltSub,271,16,1531606761169,1531606761243,74,10.10.21.6
disparityBoltSub,271,17,1531606761169,1531606761243,74,10.10.21.6
disparityBoltSub,271,18,1531606761171,1531606761243,72,10.10.21.6
disparityBoltSub,271,19,1531606761169,1531606761242,73,10.10.21.6
disparityBoltSub,271,20,1531606761173,1531606761247,74,10.10.21.7
disparityBoltSub,271,21,1531606761170,1531606761263,93,10.10.21.6
disparityBoltSub,271,22,1531606761173,1531606761247,74,10.10.21.7
disparityBoltSub,271,23,1531606761177,1531606761282,105,10.10.21.7
disparityBoltSub,271,24,1531606761175,1531606761253,78,10.10.21.7
disparityBoltSub,271,25,1531606761178,1531606761250,72,10.10.21.7
disparityBoltSub,271,26,1531606761175,1531606761243,68,10.10.21.7
disparityBoltSub,271,27,1531606761176,1531606761246,70,10.10.21.7
disparityBoltSub,271,28,1531606761175,1531606761245,70,10.10.21.6
disparityBoltSub,271,29,1531606761182,1531606761286,104,10.10.21.7
disparityBoltSub,271,30,1531606761180,1531606761250,70,10.10.21.7
disparityBoltSub,271,31,1531606761181,1531606761223,42,10.10.21.7
disparityBolt,271,0,0,0,157,0
mergeBolt,271,0,1531606761287,1531606761302,15,10.10.21.6
reprojectionBolt,271,0,1531606761302,1531606761341,39,null
overall,271,0,1531606761056,1531606761341,285,0
videoSpout,272,0,1531606761560,1531606761564,4,10.10.21.7
rectificationBolt,272,0,1531606761585,1531606761614,29,10.10.21.6
partitionBolt,272,0,1531606761614,1531606761633,19,10.10.21.6
disparityBoltSub,272,0,1531606761636,1531606761682,46,10.10.21.6
disparityBoltSub,272,1,1531606761634,1531606761709,75,10.10.21.6
disparityBoltSub,272,2,1531606761635,1531606761705,70,10.10.21.6
disparityBoltSub,272,3,1531606761637,1531606761722,85,10.10.21.6
disparityBoltSub,272,4,1531606761638,1531606761713,75,10.10.21.7
disparityBoltSub,272,5,1531606761637,1531606761708,71,10.10.21.6
disparityBoltSub,272,6,1531606761643,1531606761713,70,10.10.21.7
disparityBoltSub,272,7,1531606761644,1531606761714,70,10.10.21.7
disparityBoltSub,272,8,1531606761638,1531606761722,84,10.10.21.6
disparityBoltSub,272,9,1531606761638,1531606761716,78,10.10.21.6
disparityBoltSub,272,10,1531606761646,1531606761717,71,10.10.21.7
disparityBoltSub,272,11,1531606761645,1531606761717,72,10.10.21.7
disparityBoltSub,272,12,1531606761639,1531606761716,77,10.10.21.6
disparityBoltSub,272,13,1531606761648,1531606761716,68,10.10.21.7
disparityBoltSub,272,14,1531606761649,1531606761719,70,10.10.21.7
disparityBoltSub,272,15,1531606761643,1531606761721,78,10.10.21.6
disparityBoltSub,272,16,1531606761645,1531606761722,77,10.10.21.6
disparityBoltSub,272,17,1531606761648,1531606761724,76,10.10.21.7
disparityBoltSub,272,18,1531606761650,1531606761724,74,10.10.21.7
disparityBoltSub,272,19,1531606761651,1531606761744,93,10.10.21.7
disparityBoltSub,272,20,1531606761645,1531606761719,74,10.10.21.6
disparityBoltSub,272,21,1531606761654,1531606761748,94,10.10.21.7
disparityBoltSub,272,22,1531606761652,1531606761725,73,10.10.21.7
disparityBoltSub,272,23,1531606761645,1531606761723,78,10.10.21.6
disparityBoltSub,272,24,1531606761648,1531606761725,77,10.10.21.6
disparityBoltSub,272,25,1531606761650,1531606761753,103,10.10.21.6
disparityBoltSub,272,26,1531606761648,1531606761744,96,10.10.21.6
disparityBoltSub,272,27,1531606761651,1531606761722,71,10.10.21.7
disparityBoltSub,272,28,1531606761648,1531606761720,72,10.10.21.6
disparityBoltSub,272,29,1531606761650,1531606761727,77,10.10.21.6
disparityBoltSub,272,30,1531606761653,1531606761723,70,10.10.21.7
disparityBoltSub,272,31,1531606761654,1531606761694,40,10.10.21.7
disparityBolt,272,0,0,0,119,0
mergeBolt,272,0,1531606761758,1531606761773,15,10.10.21.6
reprojectionBolt,272,0,1531606761773,1531606761812,39,null
overall,272,0,1531606761560,1531606761812,252,0
videoSpout,273,0,1531606762065,1531606762069,4,10.10.21.7
rectificationBolt,273,0,1531606762089,1531606762117,28,10.10.21.6
partitionBolt,273,0,1531606762117,1531606762135,18,10.10.21.6
disparityBoltSub,273,0,1531606762136,1531606762188,52,10.10.21.6
disparityBoltSub,273,1,1531606762139,1531606762211,72,10.10.21.7
disparityBoltSub,273,2,1531606762139,1531606762231,92,10.10.21.6
disparityBoltSub,273,3,1531606762140,1531606762209,69,10.10.21.7
disparityBoltSub,273,4,1531606762140,1531606762211,71,10.10.21.6
disparityBoltSub,273,5,1531606762141,1531606762214,73,10.10.21.6
disparityBoltSub,273,6,1531606762142,1531606762214,72,10.10.21.7
disparityBoltSub,273,7,1531606762143,1531606762211,68,10.10.21.7
disparityBoltSub,273,8,1531606762140,1531606762212,72,10.10.21.6
disparityBoltSub,273,9,1531606762143,1531606762216,73,10.10.21.6
disparityBoltSub,273,10,1531606762143,1531606762216,73,10.10.21.6
disparityBoltSub,273,11,1531606762144,1531606762215,71,10.10.21.7
disparityBoltSub,273,12,1531606762144,1531606762230,86,10.10.21.6
disparityBoltSub,273,13,1531606762142,1531606762214,72,10.10.21.6
disparityBoltSub,273,14,1531606762144,1531606762218,74,10.10.21.6
disparityBoltSub,273,15,1531606762145,1531606762217,72,10.10.21.6
disparityBoltSub,273,16,1531606762146,1531606762216,70,10.10.21.7
disparityBoltSub,273,17,1531606762147,1531606762220,73,10.10.21.7
disparityBoltSub,273,18,1531606762144,1531606762225,81,10.10.21.6
disparityBoltSub,273,19,1531606762146,1531606762218,72,10.10.21.6
disparityBoltSub,273,20,1531606762147,1531606762224,77,10.10.21.6
disparityBoltSub,273,21,1531606762145,1531606762232,87,10.10.21.6
disparityBoltSub,273,22,1531606762146,1531606762223,77,10.10.21.6
disparityBoltSub,273,23,1531606762151,1531606762226,75,10.10.21.7
disparityBoltSub,273,24,1531606762149,1531606762219,70,10.10.21.7
disparityBoltSub,273,25,1531606762148,1531606762219,71,10.10.21.6
disparityBoltSub,273,26,1531606762150,1531606762232,82,10.10.21.6
disparityBoltSub,273,27,1531606762152,1531606762256,104,10.10.21.7
disparityBoltSub,273,28,1531606762156,1531606762226,70,10.10.21.6
disparityBoltSub,273,29,1531606762154,1531606762256,102,10.10.21.7
disparityBoltSub,273,30,1531606762157,1531606762227,70,10.10.21.6
disparityBoltSub,273,31,1531606762156,1531606762197,41,10.10.21.6
disparityBolt,273,0,0,0,120,0
mergeBolt,273,0,1531606762258,1531606762273,15,10.10.21.6
reprojectionBolt,273,0,1531606762273,1531606762312,39,null
overall,273,0,1531606762065,1531606762312,247,0
videoSpout,274,0,1531606762569,1531606762578,9,10.10.21.7
rectificationBolt,274,0,1531606762599,1531606762629,30,10.10.21.6
partitionBolt,274,0,1531606762629,1531606762670,41,10.10.21.6
disparityBoltSub,274,0,1531606762673,1531606762734,61,10.10.21.7
disparityBoltSub,274,1,1531606762671,1531606762744,73,10.10.21.6
disparityBoltSub,274,2,1531606762674,1531606762745,71,10.10.21.7
disparityBoltSub,274,3,1531606762675,1531606762747,72,10.10.21.6
disparityBoltSub,274,4,1531606762676,1531606762746,70,10.10.21.7
disparityBoltSub,274,5,1531606762677,1531606762748,71,10.10.21.7
disparityBoltSub,274,6,1531606762673,1531606762769,96,10.10.21.6
disparityBoltSub,274,7,1531606762679,1531606762750,71,10.10.21.7
disparityBoltSub,274,8,1531606762676,1531606762759,83,10.10.21.6
disparityBoltSub,274,9,1531606762677,1531606762743,66,10.10.21.7
disparityBoltSub,274,10,1531606762677,1531606762748,71,10.10.21.6
disparityBoltSub,274,11,1531606762676,1531606762798,122,10.10.21.6
disparityBoltSub,274,12,1531606762676,1531606762796,120,10.10.21.6
disparityBoltSub,274,13,1531606762680,1531606762758,78,10.10.21.7
disparityBoltSub,274,14,1531606762682,1531606762754,72,10.10.21.7
disparityBoltSub,274,15,1531606762680,1531606762754,74,10.10.21.6
disparityBoltSub,274,16,1531606762683,1531606762757,74,10.10.21.7
disparityBoltSub,274,17,1531606762681,1531606762782,101,10.10.21.7
disparityBoltSub,274,18,1531606762685,1531606762760,75,10.10.21.7
disparityBoltSub,274,19,1531606762683,1531606762757,74,10.10.21.7
disparityBoltSub,274,20,1531606762682,1531606762757,75,10.10.21.6
disparityBoltSub,274,21,1531606762688,1531606762761,73,10.10.21.7
disparityBoltSub,274,22,1531606762687,1531606762764,77,10.10.21.7
disparityBoltSub,274,23,1531606762682,1531606762757,75,10.10.21.6
disparityBoltSub,274,24,1531606762689,1531606762760,71,10.10.21.7
disparityBoltSub,274,25,1531606762682,1531606762753,71,10.10.21.6
disparityBoltSub,274,26,1531606762691,1531606762762,71,10.10.21.7
disparityBoltSub,274,27,1531606762686,1531606762771,85,10.10.21.6
disparityBoltSub,274,28,1531606762693,1531606762762,69,10.10.21.7
disparityBoltSub,274,29,1531606762686,1531606762756,70,10.10.21.7
disparityBoltSub,274,30,1531606762684,1531606762756,72,10.10.21.6
disparityBoltSub,274,31,1531606762685,1531606762764,79,10.10.21.6
disparityBolt,274,0,0,0,127,0
mergeBolt,274,0,1531606762799,1531606762814,15,10.10.21.6
reprojectionBolt,274,0,1531606762814,1531606762853,39,null
overall,274,0,1531606762569,1531606762853,284,0
videoSpout,275,0,1531606763078,1531606763082,4,10.10.21.7
rectificationBolt,275,0,1531606763103,1531606763135,32,10.10.21.6
partitionBolt,275,0,1531606763135,1531606763154,19,10.10.21.6
disparityBoltSub,275,0,1531606763157,1531606763201,44,10.10.21.7
disparityBoltSub,275,1,1531606763157,1531606763233,76,10.10.21.6
disparityBoltSub,275,2,1531606763159,1531606763229,70,10.10.21.7
disparityBoltSub,275,3,1531606763156,1531606763239,83,10.10.21.6
disparityBoltSub,275,4,1531606763157,1531606763234,77,10.10.21.6
disparityBoltSub,275,5,1531606763161,1531606763230,69,10.10.21.7
disparityBoltSub,275,6,1531606763157,1531606763236,79,10.10.21.6
disparityBoltSub,275,7,1531606763158,1531606763233,75,10.10.21.6
disparityBoltSub,275,8,1531606763161,1531606763234,73,10.10.21.6
disparityBoltSub,275,9,1531606763161,1531606763250,89,10.10.21.6
disparityBoltSub,275,10,1531606763162,1531606763238,76,10.10.21.7
disparityBoltSub,275,11,1531606763163,1531606763237,74,10.10.21.7
disparityBoltSub,275,12,1531606763161,1531606763231,70,10.10.21.6
disparityBoltSub,275,13,1531606763181,1531606763284,103,10.10.21.7
disparityBoltSub,275,14,1531606763164,1531606763242,78,10.10.21.7
disparityBoltSub,275,15,1531606763181,1531606763253,72,10.10.21.7
disparityBoltSub,275,16,1531606763162,1531606763257,95,10.10.21.6
disparityBoltSub,275,17,1531606763189,1531606763295,106,10.10.21.7
disparityBoltSub,275,18,1531606763182,1531606763260,78,10.10.21.6
disparityBoltSub,275,19,1531606763182,1531606763280,98,10.10.21.6
disparityBoltSub,275,20,1531606763190,1531606763263,73,10.10.21.7
disparityBoltSub,275,21,1531606763192,1531606763264,72,10.10.21.7
disparityBoltSub,275,22,1531606763184,1531606763262,78,10.10.21.6
disparityBoltSub,275,23,1531606763186,1531606763259,73,10.10.21.6
disparityBoltSub,275,24,1531606763188,1531606763298,110,10.10.21.6
disparityBoltSub,275,25,1531606763187,1531606763256,69,10.10.21.6
disparityBoltSub,275,26,1531606763189,1531606763262,73,10.10.21.6
disparityBoltSub,275,27,1531606763190,1531606763265,75,10.10.21.6
disparityBoltSub,275,28,1531606763188,1531606763260,72,10.10.21.7
disparityBoltSub,275,29,1531606763186,1531606763267,81,10.10.21.6
disparityBoltSub,275,30,1531606763187,1531606763258,71,10.10.21.6
disparityBoltSub,275,31,1531606763192,1531606763234,42,10.10.21.7
disparityBolt,275,0,0,0,142,0
mergeBolt,275,0,1531606763299,1531606763314,15,10.10.21.6
reprojectionBolt,275,0,1531606763314,1531606763353,39,null
overall,275,0,1531606763078,1531606763353,275,0
videoSpout,276,0,1531606763582,1531606763586,4,10.10.21.7
rectificationBolt,276,0,1531606763607,1531606763632,25,10.10.21.6
partitionBolt,276,0,1531606763632,1531606763649,17,10.10.21.6
disparityBoltSub,276,0,1531606763653,1531606763701,48,10.10.21.7
disparityBoltSub,276,1,1531606763654,1531606763725,71,10.10.21.7
disparityBoltSub,276,2,1531606763655,1531606763772,117,10.10.21.7
disparityBoltSub,276,3,1531606763653,1531606763769,116,10.10.21.6
disparityBoltSub,276,4,1531606763654,1531606763767,113,10.10.21.6
disparityBoltSub,276,5,1531606763657,1531606763731,74,10.10.21.7
disparityBoltSub,276,6,1531606763658,1531606763728,70,10.10.21.7
disparityBoltSub,276,7,1531606763655,1531606763730,75,10.10.21.6
disparityBoltSub,276,8,1531606763654,1531606763729,75,10.10.21.6
disparityBoltSub,276,9,1531606763662,1531606763779,117,10.10.21.7
disparityBoltSub,276,10,1531606763659,1531606763733,74,10.10.21.7
disparityBoltSub,276,11,1531606763663,1531606763734,71,10.10.21.7
disparityBoltSub,276,12,1531606763657,1531606763730,73,10.10.21.6
disparityBoltSub,276,13,1531606763659,1531606763735,76,10.10.21.6
disparityBoltSub,276,14,1531606763660,1531606763741,81,10.10.21.6
disparityBoltSub,276,15,1531606763660,1531606763735,75,10.10.21.6
disparityBoltSub,276,16,1531606763658,1531606763729,71,10.10.21.6
disparityBoltSub,276,17,1531606763661,1531606763735,74,10.10.21.6
disparityBoltSub,276,18,1531606763659,1531606763735,76,10.10.21.6
disparityBoltSub,276,19,1531606763662,1531606763737,75,10.10.21.7
disparityBoltSub,276,20,1531606763665,1531606763738,73,10.10.21.7
disparityBoltSub,276,21,1531606763666,1531606763741,75,10.10.21.7
disparityBoltSub,276,22,1531606763661,1531606763741,80,10.10.21.6
disparityBoltSub,276,23,1531606763664,1531606763735,71,10.10.21.7
disparityBoltSub,276,24,1531606763666,1531606763736,70,10.10.21.7
disparityBoltSub,276,25,1531606763667,1531606763739,72,10.10.21.7
disparityBoltSub,276,26,1531606763670,1531606763740,70,10.10.21.7
disparityBoltSub,276,27,1531606763668,1531606763738,70,10.10.21.7
disparityBoltSub,276,28,1531606763671,1531606763740,69,10.10.21.7
disparityBoltSub,276,29,1531606763664,1531606763738,74,10.10.21.6
disparityBoltSub,276,30,1531606763672,1531606763747,75,10.10.21.7
disparityBoltSub,276,31,1531606763668,1531606763707,39,10.10.21.6
disparityBolt,276,0,0,0,126,0
mergeBolt,276,0,1531606763779,1531606763795,16,10.10.21.6
reprojectionBolt,276,0,1531606763795,1531606763844,49,null
overall,276,0,1531606763582,1531606763844,262,0
videoSpout,277,0,1531606764087,1531606764092,5,10.10.21.7
rectificationBolt,277,0,1531606764112,1531606764147,35,10.10.21.6
partitionBolt,277,0,1531606764147,1531606764166,19,10.10.21.6
disparityBoltSub,277,0,1531606764169,1531606764215,46,10.10.21.6
disparityBoltSub,277,1,1531606764171,1531606764245,74,10.10.21.7
disparityBoltSub,277,2,1531606764168,1531606764240,72,10.10.21.6
disparityBoltSub,277,3,1531606764170,1531606764295,125,10.10.21.6
disparityBoltSub,277,4,1531606764169,1531606764240,71,10.10.21.6
disparityBoltSub,277,5,1531606764173,1531606764243,70,10.10.21.7
disparityBoltSub,277,6,1531606764172,1531606764241,69,10.10.21.6
disparityBoltSub,277,7,1531606764176,1531606764246,70,10.10.21.7
disparityBoltSub,277,8,1531606764174,1531606764242,68,10.10.21.7
disparityBoltSub,277,9,1531606764179,1531606764282,103,10.10.21.7
disparityBoltSub,277,10,1531606764178,1531606764248,70,10.10.21.7
disparityBoltSub,277,11,1531606764172,1531606764298,126,10.10.21.6
disparityBoltSub,277,12,1531606764181,1531606764255,74,10.10.21.7
disparityBoltSub,277,13,1531606764176,1531606764302,126,10.10.21.7
disparityBoltSub,277,14,1531606764177,1531606764247,70,10.10.21.7
disparityBoltSub,277,15,1531606764176,1531606764252,76,10.10.21.6
disparityBoltSub,277,16,1531606764177,1531606764250,73,10.10.21.6
disparityBoltSub,277,17,1531606764183,1531606764257,74,10.10.21.7
disparityBoltSub,277,18,1531606764178,1531606764260,82,10.10.21.6
disparityBoltSub,277,19,1531606764180,1531606764251,71,10.10.21.7
disparityBoltSub,277,20,1531606764186,1531606764312,126,10.10.21.7
disparityBoltSub,277,21,1531606764184,1531606764313,129,10.10.21.7
disparityBoltSub,277,22,1531606764187,1531606764263,76,10.10.21.7
disparityBoltSub,277,23,1531606764178,1531606764253,75,10.10.21.6
disparityBoltSub,277,24,1531606764189,1531606764260,71,10.10.21.7
disparityBoltSub,277,25,1531606764183,1531606764288,105,10.10.21.7
disparityBoltSub,277,26,1531606764183,1531606764256,73,10.10.21.6
disparityBoltSub,277,27,1531606764182,1531606764255,73,10.10.21.6
disparityBoltSub,277,28,1531606764190,1531606764315,125,10.10.21.7
disparityBoltSub,277,29,1531606764185,1531606764255,70,10.10.21.6
disparityBoltSub,277,30,1531606764182,1531606764256,74,10.10.21.6
disparityBoltSub,277,31,1531606764185,1531606764225,40,10.10.21.7
disparityBolt,277,0,0,0,147,0
mergeBolt,277,0,1531606764317,1531606764332,15,10.10.21.6
reprojectionBolt,277,0,1531606764332,1531606764372,40,null
overall,277,0,1531606764087,1531606764372,285,0
videoSpout,278,0,1531606764592,1531606764596,4,10.10.21.7
rectificationBolt,278,0,1531606764616,1531606764649,33,10.10.21.6
partitionBolt,278,0,1531606764649,1531606764690,41,10.10.21.6
disparityBoltSub,278,0,1531606764694,1531606764758,64,10.10.21.7
disparityBoltSub,278,1,1531606764694,1531606764766,72,10.10.21.7
disparityBoltSub,278,2,1531606764696,1531606764777,81,10.10.21.6
disparityBoltSub,278,3,1531606764692,1531606764773,81,10.10.21.6
disparityBoltSub,278,4,1531606764695,1531606764766,71,10.10.21.7
disparityBoltSub,278,5,1531606764693,1531606764764,71,10.10.21.6
disparityBoltSub,278,6,1531606764697,1531606764785,88,10.10.21.7
disparityBoltSub,278,7,1531606764697,1531606764771,74,10.10.21.6
disparityBoltSub,278,8,1531606764706,1531606764775,69,10.10.21.7
disparityBoltSub,278,9,1531606764699,1531606764769,70,10.10.21.7
disparityBoltSub,278,10,1531606764702,1531606764774,72,10.10.21.7
disparityBoltSub,278,11,1531606764698,1531606764777,79,10.10.21.6
disparityBoltSub,278,12,1531606764699,1531606764773,74,10.10.21.6
disparityBoltSub,278,13,1531606764704,1531606764775,71,10.10.21.7
disparityBoltSub,278,14,1531606764697,1531606764768,71,10.10.21.6
disparityBoltSub,278,15,1531606764706,1531606764777,71,10.10.21.7
disparityBoltSub,278,16,1531606764703,1531606764777,74,10.10.21.6
disparityBoltSub,278,17,1531606764704,1531606764778,74,10.10.21.6
disparityBoltSub,278,18,1531606764702,1531606764776,74,10.10.21.6
disparityBoltSub,278,19,1531606764707,1531606764781,74,10.10.21.7
disparityBoltSub,278,20,1531606764705,1531606764778,73,10.10.21.6
disparityBoltSub,278,21,1531606764706,1531606764779,73,10.10.21.6
disparityBoltSub,278,22,1531606764701,1531606764780,79,10.10.21.6
disparityBoltSub,278,23,1531606764702,1531606764775,73,10.10.21.6
disparityBoltSub,278,24,1531606764701,1531606764776,75,10.10.21.6
disparityBoltSub,278,25,1531606764705,1531606764777,72,10.10.21.7
disparityBoltSub,278,26,1531606764708,1531606764778,70,10.10.21.7
disparityBoltSub,278,27,1531606764706,1531606764783,77,10.10.21.6
disparityBoltSub,278,28,1531606764704,1531606764773,69,10.10.21.6
disparityBoltSub,278,29,1531606764709,1531606764779,70,10.10.21.7
disparityBoltSub,278,30,1531606764707,1531606764778,71,10.10.21.6
disparityBoltSub,278,31,1531606764705,1531606764749,44,10.10.21.6
disparityBolt,278,0,0,0,93,0
mergeBolt,278,0,1531606764787,1531606764801,14,10.10.21.6
reprojectionBolt,278,0,1531606764801,1531606764841,40,null
overall,278,0,1531606764592,1531606764841,249,0
videoSpout,279,0,1531606765096,1531606765100,4,10.10.21.7
rectificationBolt,279,0,1531606765122,1531606765155,33,10.10.21.6
partitionBolt,279,0,1531606765155,1531606765174,19,10.10.21.6
disparityBoltSub,279,0,1531606765177,1531606765224,47,10.10.21.7
disparityBoltSub,279,1,1531606765178,1531606765256,78,10.10.21.6
disparityBoltSub,279,2,1531606765179,1531606765305,126,10.10.21.6
disparityBoltSub,279,3,1531606765180,1531606765257,77,10.10.21.6
disparityBoltSub,279,4,1531606765177,1531606765267,90,10.10.21.6
disparityBoltSub,279,5,1531606765177,1531606765303,126,10.10.21.6
disparityBoltSub,279,6,1531606765181,1531606765251,70,10.10.21.6
disparityBoltSub,279,7,1531606765178,1531606765269,91,10.10.21.6
disparityBoltSub,279,8,1531606765181,1531606765253,72,10.10.21.7
disparityBoltSub,279,9,1531606765184,1531606765256,72,10.10.21.7
disparityBoltSub,279,10,1531606765183,1531606765257,74,10.10.21.7
disparityBoltSub,279,11,1531606765185,1531606765256,71,10.10.21.7
disparityBoltSub,279,12,1531606765187,1531606765256,69,10.10.21.7
disparityBoltSub,279,13,1531606765181,1531606765267,86,10.10.21.6
disparityBoltSub,279,14,1531606765188,1531606765265,77,10.10.21.7
disparityBoltSub,279,15,1531606765184,1531606765263,79,10.10.21.6
disparityBoltSub,279,16,1531606765216,1531606765290,74,10.10.21.7
disparityBoltSub,279,17,1531606765182,1531606765269,87,10.10.21.6
disparityBoltSub,279,18,1531606765217,1531606765291,74,10.10.21.7
disparityBoltSub,279,19,1531606765219,1531606765289,70,10.10.21.7
disparityBoltSub,279,20,1531606765184,1531606765272,88,10.10.21.6
disparityBoltSub,279,21,1531606765221,1531606765294,73,10.10.21.7
disparityBoltSub,279,22,1531606765186,1531606765269,83,10.10.21.6
disparityBoltSub,279,23,1531606765188,1531606765268,80,10.10.21.6
disparityBoltSub,279,24,1531606765223,1531606765292,69,10.10.21.7
disparityBoltSub,279,25,1531606765189,1531606765269,80,10.10.21.6
disparityBoltSub,279,26,1531606765224,1531606765295,71,10.10.21.7
disparityBoltSub,279,27,1531606765217,1531606765290,73,10.10.21.6
disparityBoltSub,279,28,1531606765218,1531606765287,69,10.10.21.6
disparityBoltSub,279,29,1531606765218,1531606765291,73,10.10.21.6
disparityBoltSub,279,30,1531606765225,1531606765293,68,10.10.21.7
disparityBoltSub,279,31,1531606765216,1531606765257,41,10.10.21.6
disparityBolt,279,0,0,0,128,0
mergeBolt,279,0,1531606765306,1531606765320,14,10.10.21.6
reprojectionBolt,279,0,1531606765320,1531606765359,39,null
overall,279,0,1531606765096,1531606765359,263,0
videoSpout,280,0,1531606765600,1531606765612,12,10.10.21.7
rectificationBolt,280,0,1531606765632,1531606765664,32,10.10.21.6
partitionBolt,280,0,1531606765664,1531606765683,19,10.10.21.6
disparityBoltSub,280,0,1531606765685,1531606765727,42,10.10.21.6
disparityBoltSub,280,1,1531606765688,1531606765758,70,10.10.21.7
disparityBoltSub,280,2,1531606765690,1531606765757,67,10.10.21.7
disparityBoltSub,280,3,1531606765688,1531606765811,123,10.10.21.7
disparityBoltSub,280,4,1531606765691,1531606765760,69,10.10.21.7
disparityBoltSub,280,5,1531606765693,1531606765763,70,10.10.21.7
disparityBoltSub,280,6,1531606765687,1531606765764,77,10.10.21.6
disparityBoltSub,280,7,1531606765687,1531606765763,76,10.10.21.6
disparityBoltSub,280,8,1531606765693,1531606765761,68,10.10.21.7
disparityBoltSub,280,9,1531606765692,1531606765760,68,10.10.21.7
disparityBoltSub,280,10,1531606765694,1531606765766,72,10.10.21.7
disparityBoltSub,280,11,1531606765691,1531606765783,92,10.10.21.6
disparityBoltSub,280,12,1531606765697,1531606765770,73,10.10.21.6
disparityBoltSub,280,13,1531606765695,1531606765824,129,10.10.21.7
disparityBoltSub,280,14,1531606765696,1531606765765,69,10.10.21.7
disparityBoltSub,280,15,1531606765691,1531606765762,71,10.10.21.6
disparityBoltSub,280,16,1531606765698,1531606765769,71,10.10.21.6
disparityBoltSub,280,17,1531606765692,1531606765768,76,10.10.21.6
disparityBoltSub,280,18,1531606765692,1531606765765,73,10.10.21.6
disparityBoltSub,280,19,1531606765692,1531606765768,76,10.10.21.6
disparityBoltSub,280,20,1531606765693,1531606765770,77,10.10.21.6
disparityBoltSub,280,21,1531606765693,1531606765764,71,10.10.21.6
disparityBoltSub,280,22,1531606765698,1531606765772,74,10.10.21.7
disparityBoltSub,280,23,1531606765698,1531606765768,70,10.10.21.7
disparityBoltSub,280,24,1531606765696,1531606765764,68,10.10.21.7
disparityBoltSub,280,25,1531606765701,1531606765772,71,10.10.21.7
disparityBoltSub,280,26,1531606765699,1531606765770,71,10.10.21.7
disparityBoltSub,280,27,1531606765699,1531606765777,78,10.10.21.6
disparityBoltSub,280,28,1531606765699,1531606765783,84,10.10.21.6
disparityBoltSub,280,29,1531606765704,1531606765833,129,10.10.21.7
disparityBoltSub,280,30,1531606765703,1531606765826,123,10.10.21.7
disparityBoltSub,280,31,1531606765704,1531606765744,40,10.10.21.7
disparityBolt,280,0,0,0,148,0
mergeBolt,280,0,1531606765834,1531606765850,16,10.10.21.6
reprojectionBolt,280,0,1531606765850,1531606765890,40,null
overall,280,0,1531606765600,1531606765890,290,0
videoSpout,281,0,1531606766112,1531606766116,4,10.10.21.7
rectificationBolt,281,0,1531606766165,1531606766195,30,10.10.21.6
partitionBolt,281,0,1531606766195,1531606766215,20,10.10.21.6
disparityBoltSub,281,0,1531606766216,1531606766259,43,10.10.21.6
disparityBoltSub,281,1,1531606766219,1531606766293,74,10.10.21.7
disparityBoltSub,281,2,1531606766220,1531606766298,78,10.10.21.6
disparityBoltSub,281,3,1531606766221,1531606766292,71,10.10.21.6
disparityBoltSub,281,4,1531606766219,1531606766324,105,10.10.21.6
disparityBoltSub,281,5,1531606766221,1531606766293,72,10.10.21.6
disparityBoltSub,281,6,1531606766222,1531606766292,70,10.10.21.7
disparityBoltSub,281,7,1531606766222,1531606766292,70,10.10.21.6
disparityBoltSub,281,8,1531606766222,1531606766296,74,10.10.21.6
disparityBoltSub,281,9,1531606766224,1531606766294,70,10.10.21.7
disparityBoltSub,281,10,1531606766224,1531606766297,73,10.10.21.6
disparityBoltSub,281,11,1531606766224,1531606766297,73,10.10.21.7
disparityBoltSub,281,12,1531606766225,1531606766298,73,10.10.21.6
disparityBoltSub,281,13,1531606766223,1531606766303,80,10.10.21.6
disparityBoltSub,281,14,1531606766226,1531606766295,69,10.10.21.7
disparityBoltSub,281,15,1531606766228,1531606766300,72,10.10.21.7
disparityBoltSub,281,16,1531606766226,1531606766298,72,10.10.21.6
disparityBoltSub,281,17,1531606766226,1531606766298,72,10.10.21.6
disparityBoltSub,281,18,1531606766225,1531606766300,75,10.10.21.6
disparityBoltSub,281,19,1531606766227,1531606766350,123,10.10.21.6
disparityBoltSub,281,20,1531606766229,1531606766300,71,10.10.21.7
disparityBoltSub,281,21,1531606766232,1531606766301,69,10.10.21.7
disparityBoltSub,281,22,1531606766230,1531606766303,73,10.10.21.7
disparityBoltSub,281,23,1531606766228,1531606766307,79,10.10.21.6
disparityBoltSub,281,24,1531606766230,1531606766299,69,10.10.21.6
disparityBoltSub,281,25,1531606766231,1531606766311,80,10.10.21.6
disparityBoltSub,281,26,1531606766232,1531606766300,68,10.10.21.7
disparityBoltSub,281,27,1531606766240,1531606766313,73,10.10.21.6
disparityBoltSub,281,28,1531606766231,1531606766320,89,10.10.21.6
disparityBoltSub,281,29,1531606766233,1531606766306,73,10.10.21.6
disparityBoltSub,281,30,1531606766234,1531606766307,73,10.10.21.7
disparityBoltSub,281,31,1531606766231,1531606766273,42,10.10.21.6
disparityBolt,281,0,0,0,134,0
mergeBolt,281,0,1531606766352,1531606766367,15,10.10.21.6
reprojectionBolt,281,0,1531606766367,1531606766407,40,null
overall,281,0,1531606766112,1531606766407,295,0
videoSpout,282,0,1531606766616,1531606766621,5,10.10.21.7
rectificationBolt,282,0,1531606766642,1531606766673,31,10.10.21.6
partitionBolt,282,0,1531606766673,1531606766692,19,10.10.21.6
disparityBoltSub,282,0,1531606766707,1531606766750,43,10.10.21.7
disparityBoltSub,282,1,1531606766694,1531606766783,89,10.10.21.6
disparityBoltSub,282,2,1531606766709,1531606766779,70,10.10.21.7
disparityBoltSub,282,3,1531606766709,1531606766783,74,10.10.21.7
disparityBoltSub,282,4,1531606766709,1531606766781,72,10.10.21.6
disparityBoltSub,282,5,1531606766711,1531606766783,72,10.10.21.7
disparityBoltSub,282,6,1531606766711,1531606766785,74,10.10.21.7
disparityBoltSub,282,7,1531606766711,1531606766783,72,10.10.21.6
disparityBoltSub,282,8,1531606766713,1531606766784,71,10.10.21.7
disparityBoltSub,282,9,1531606766713,1531606766789,76,10.10.21.6
disparityBoltSub,282,10,1531606766715,1531606766786,71,10.10.21.7
disparityBoltSub,282,11,1531606766714,1531606766816,102,10.10.21.6
disparityBoltSub,282,12,1531606766716,1531606766787,71,10.10.21.7
disparityBoltSub,282,13,1531606766716,1531606766787,71,10.10.21.7
disparityBoltSub,282,14,1531606766716,1531606766787,71,10.10.21.6
disparityBoltSub,282,15,1531606766717,1531606766789,72,10.10.21.6
disparityBoltSub,282,16,1531606766715,1531606766790,75,10.10.21.6
disparityBoltSub,282,17,1531606766715,1531606766788,73,10.10.21.6
disparityBoltSub,282,18,1531606766716,1531606766790,74,10.10.21.6
disparityBoltSub,282,19,1531606766716,1531606766792,76,10.10.21.6
disparityBoltSub,282,20,1531606766718,1531606766824,106,10.10.21.6
disparityBoltSub,282,21,1531606766717,1531606766791,74,10.10.21.6
disparityBoltSub,282,22,1531606766721,1531606766797,76,10.10.21.7
disparityBoltSub,282,23,1531606766720,1531606766793,73,10.10.21.7
disparityBoltSub,282,24,1531606766718,1531606766788,70,10.10.21.6
disparityBoltSub,282,25,1531606766720,1531606766791,71,10.10.21.6
disparityBoltSub,282,26,1531606766724,1531606766795,71,10.10.21.7
disparityBoltSub,282,27,1531606766721,1531606766793,72,10.10.21.7
disparityBoltSub,282,28,1531606766725,1531606766797,72,10.10.21.7
disparityBoltSub,282,29,1531606766721,1531606766792,71,10.10.21.6
disparityBoltSub,282,30,1531606766727,1531606766800,73,10.10.21.7
disparityBoltSub,282,31,1531606766727,1531606766766,39,10.10.21.7
disparityBolt,282,0,0,0,130,0
mergeBolt,282,0,1531606766825,1531606766840,15,10.10.21.6
reprojectionBolt,282,0,1531606766840,1531606766878,38,null
overall,282,0,1531606766616,1531606766878,262,0
videoSpout,283,0,1531606767121,1531606767125,4,10.10.21.7
rectificationBolt,283,0,1531606767146,1531606767169,23,10.10.21.6
partitionBolt,283,0,1531606767169,1531606767187,18,10.10.21.6
disparityBoltSub,283,0,1531606767190,1531606767233,43,10.10.21.7
disparityBoltSub,283,1,1531606767188,1531606767283,95,10.10.21.6
disparityBoltSub,283,2,1531606767188,1531606767282,94,10.10.21.6
disparityBoltSub,283,3,1531606767191,1531606767261,70,10.10.21.7
disparityBoltSub,283,4,1531606767189,1531606767283,94,10.10.21.6
disparityBoltSub,283,5,1531606767192,1531606767267,75,10.10.21.6
disparityBoltSub,283,6,1531606767192,1531606767278,86,10.10.21.6
disparityBoltSub,283,7,1531606767193,1531606767268,75,10.10.21.7
disparityBoltSub,283,8,1531606767194,1531606767323,129,10.10.21.7
disparityBoltSub,283,9,1531606767193,1531606767283,90,10.10.21.6
disparityBoltSub,283,10,1531606767196,1531606767273,77,10.10.21.7
disparityBoltSub,283,11,1531606767194,1531606767266,72,10.10.21.6
disparityBoltSub,283,12,1531606767196,1531606767325,129,10.10.21.7
disparityBoltSub,283,13,1531606767195,1531606767276,81,10.10.21.6
disparityBoltSub,283,14,1531606767196,1531606767282,86,10.10.21.6
disparityBoltSub,283,15,1531606767205,1531606767290,85,10.10.21.6
disparityBoltSub,283,16,1531606767196,1531606767283,87,10.10.21.6
disparityBoltSub,283,17,1531606767232,1531606767306,74,10.10.21.6
disparityBoltSub,283,18,1531606767233,1531606767306,73,10.10.21.6
disparityBoltSub,283,19,1531606767234,1531606767344,110,10.10.21.6
disparityBoltSub,283,20,1531606767198,1531606767330,132,10.10.21.6
disparityBoltSub,283,21,1531606767202,1531606767279,77,10.10.21.7
disparityBoltSub,283,22,1531606767199,1531606767291,92,10.10.21.6
disparityBoltSub,283,23,1531606767235,1531606767353,118,10.10.21.6
disparityBoltSub,283,24,1531606767200,1531606767300,100,10.10.21.6
disparityBoltSub,283,25,1531606767203,1531606767326,123,10.10.21.7
disparityBoltSub,283,26,1531606767231,1531606767302,71,10.10.21.7
disparityBoltSub,283,27,1531606767204,1531606767328,124,10.10.21.7
disparityBoltSub,283,28,1531606767233,1531606767307,74,10.10.21.7
disparityBoltSub,283,29,1531606767235,1531606767309,74,10.10.21.6
disparityBoltSub,283,30,1531606767237,1531606767309,72,10.10.21.6
disparityBoltSub,283,31,1531606767230,1531606767307,77,10.10.21.6
disparityBolt,283,0,0,0,165,0
mergeBolt,283,0,1531606767355,1531606767370,15,10.10.21.6
reprojectionBolt,283,0,1531606767370,1531606767409,39,null
overall,283,0,1531606767121,1531606767409,288,0
videoSpout,284,0,1531606767625,1531606767630,5,10.10.21.7
rectificationBolt,284,0,1531606767648,1531606767677,29,10.10.21.6
partitionBolt,284,0,1531606767677,1531606767696,19,10.10.21.6
disparityBoltSub,284,0,1531606767700,1531606767744,44,10.10.21.7
disparityBoltSub,284,1,1531606767698,1531606767772,74,10.10.21.6
disparityBoltSub,284,2,1531606767703,1531606767774,71,10.10.21.7
disparityBoltSub,284,3,1531606767702,1531606767771,69,10.10.21.7
disparityBoltSub,284,4,1531606767702,1531606767775,73,10.10.21.7
disparityBoltSub,284,5,1531606767699,1531606767772,73,10.10.21.6
disparityBoltSub,284,6,1531606767704,1531606767775,71,10.10.21.7
disparityBoltSub,284,7,1531606767705,1531606767776,71,10.10.21.7
disparityBoltSub,284,8,1531606767705,1531606767796,91,10.10.21.7
disparityBoltSub,284,9,1531606767706,1531606767775,69,10.10.21.7
disparityBoltSub,284,10,1531606767704,1531606767780,76,10.10.21.6
disparityBoltSub,284,11,1531606767707,1531606767790,83,10.10.21.6
disparityBoltSub,284,12,1531606767705,1531606767780,75,10.10.21.6
disparityBoltSub,284,13,1531606767704,1531606767779,75,10.10.21.6
disparityBoltSub,284,14,1531606767709,1531606767781,72,10.10.21.6
disparityBoltSub,284,15,1531606767707,1531606767818,111,10.10.21.6
disparityBoltSub,284,16,1531606767708,1531606767780,72,10.10.21.7
disparityBoltSub,284,17,1531606767710,1531606767792,82,10.10.21.6
disparityBoltSub,284,18,1531606767706,1531606767783,77,10.10.21.6
disparityBoltSub,284,19,1531606767710,1531606767784,74,10.10.21.6
disparityBoltSub,284,20,1531606767707,1531606767836,129,10.10.21.6
disparityBoltSub,284,21,1531606767707,1531606767813,106,10.10.21.6
disparityBoltSub,284,22,1531606767712,1531606767787,75,10.10.21.6
disparityBoltSub,284,23,1531606767714,1531606767793,79,10.10.21.6
disparityBoltSub,284,24,1531606767713,1531606767788,75,10.10.21.6
disparityBoltSub,284,25,1531606767709,1531606767780,71,10.10.21.6
disparityBoltSub,284,26,1531606767708,1531606767781,73,10.10.21.6
disparityBoltSub,284,27,1531606767715,1531606767818,103,10.10.21.6
disparityBoltSub,284,28,1531606767713,1531606767782,69,10.10.21.7
disparityBoltSub,284,29,1531606767715,1531606767787,72,10.10.21.6
disparityBoltSub,284,30,1531606767711,1531606767782,71,10.10.21.6
disparityBoltSub,284,31,1531606767714,1531606767774,60,10.10.21.7
disparityBolt,284,0,0,0,138,0
mergeBolt,284,0,1531606767836,1531606767851,15,10.10.21.6
reprojectionBolt,284,0,1531606767851,1531606767894,43,null
overall,284,0,1531606767625,1531606767894,269,0
videoSpout,285,0,1531606768130,1531606768135,5,10.10.21.7
rectificationBolt,285,0,1531606768154,1531606768184,30,10.10.21.6
partitionBolt,285,0,1531606768184,1531606768203,19,10.10.21.6
disparityBoltSub,285,0,1531606768204,1531606768246,42,10.10.21.6
disparityBoltSub,285,1,1531606768208,1531606768315,107,10.10.21.7
disparityBoltSub,285,2,1531606768206,1531606768280,74,10.10.21.6
disparityBoltSub,285,3,1531606768209,1531606768319,110,10.10.21.7
disparityBoltSub,285,4,1531606768209,1531606768287,78,10.10.21.7
disparityBoltSub,285,5,1531606768209,1531606768277,68,10.10.21.6
disparityBoltSub,285,6,1531606768208,1531606768277,69,10.10.21.6
disparityBoltSub,285,7,1531606768211,1531606768279,68,10.10.21.6
disparityBoltSub,285,8,1531606768210,1531606768287,77,10.10.21.6
disparityBoltSub,285,9,1531606768211,1531606768326,115,10.10.21.7
disparityBoltSub,285,10,1531606768213,1531606768340,127,10.10.21.7
disparityBoltSub,285,11,1531606768212,1531606768339,127,10.10.21.6
disparityBoltSub,285,12,1531606768213,1531606768288,75,10.10.21.6
disparityBoltSub,285,13,1531606768213,1531606768288,75,10.10.21.6
disparityBoltSub,285,14,1531606768213,1531606768288,75,10.10.21.7
disparityBoltSub,285,15,1531606768214,1531606768288,74,10.10.21.6
disparityBoltSub,285,16,1531606768213,1531606768288,75,10.10.21.6
disparityBoltSub,285,17,1531606768213,1531606768290,77,10.10.21.6
disparityBoltSub,285,18,1531606768215,1531606768288,73,10.10.21.6
disparityBoltSub,285,19,1531606768214,1531606768287,73,10.10.21.6
disparityBoltSub,285,20,1531606768217,1531606768290,73,10.10.21.7
disparityBoltSub,285,21,1531606768215,1531606768295,80,10.10.21.6
disparityBoltSub,285,22,1531606768222,1531606768367,145,10.10.21.7
disparityBoltSub,285,23,1531606768221,1531606768292,71,10.10.21.7
disparityBoltSub,285,24,1531606768219,1531606768292,73,10.10.21.7
disparityBoltSub,285,25,1531606768224,1531606768351,127,10.10.21.7
disparityBoltSub,285,26,1531606768219,1531606768293,74,10.10.21.7
disparityBoltSub,285,27,1531606768220,1531606768291,71,10.10.21.7
disparityBoltSub,285,28,1531606768220,1531606768347,127,10.10.21.6
disparityBoltSub,285,29,1531606768225,1531606768296,71,10.10.21.7
disparityBoltSub,285,30,1531606768226,1531606768366,140,10.10.21.7
disparityBoltSub,285,31,1531606768227,1531606768305,78,10.10.21.7
disparityBolt,285,0,0,0,163,0
mergeBolt,285,0,1531606768368,1531606768384,16,10.10.21.6
reprojectionBolt,285,0,1531606768384,1531606768424,40,null
overall,285,0,1531606768130,1531606768424,294,0
videoSpout,286,0,1531606768635,1531606768639,4,10.10.21.7
rectificationBolt,286,0,1531606768656,1531606768687,31,10.10.21.6
partitionBolt,286,0,1531606768687,1531606768737,50,10.10.21.6
disparityBoltSub,286,0,1531606768739,1531606768817,78,10.10.21.6
disparityBoltSub,286,1,1531606768739,1531606768806,67,10.10.21.6
disparityBoltSub,286,2,1531606768738,1531606768813,75,10.10.21.6
disparityBoltSub,286,3,1531606768741,1531606768811,70,10.10.21.6
disparityBoltSub,286,4,1531606768742,1531606768819,77,10.10.21.7
disparityBoltSub,286,5,1531606768742,1531606768848,106,10.10.21.6
disparityBoltSub,286,6,1531606768744,1531606768811,67,10.10.21.7
disparityBoltSub,286,7,1531606768744,1531606768815,71,10.10.21.7
disparityBoltSub,286,8,1531606768743,1531606768812,69,10.10.21.6
disparityBoltSub,286,9,1531606768743,1531606768818,75,10.10.21.6
disparityBoltSub,286,10,1531606768746,1531606768818,72,10.10.21.7
disparityBoltSub,286,11,1531606768745,1531606768872,127,10.10.21.7
disparityBoltSub,286,12,1531606768744,1531606768815,71,10.10.21.6
disparityBoltSub,286,13,1531606768747,1531606768818,71,10.10.21.7
disparityBoltSub,286,14,1531606768748,1531606768822,74,10.10.21.7
disparityBoltSub,286,15,1531606768747,1531606768821,74,10.10.21.6
disparityBoltSub,286,16,1531606768748,1531606768824,76,10.10.21.6
disparityBoltSub,286,17,1531606768748,1531606768830,82,10.10.21.7
disparityBoltSub,286,18,1531606768751,1531606768866,115,10.10.21.7
disparityBoltSub,286,19,1531606768750,1531606768873,123,10.10.21.7
disparityBoltSub,286,20,1531606768750,1531606768821,71,10.10.21.6
disparityBoltSub,286,21,1531606768751,1531606768825,74,10.10.21.7
disparityBoltSub,286,22,1531606768752,1531606768881,129,10.10.21.7
disparityBoltSub,286,23,1531606768750,1531606768822,72,10.10.21.6
disparityBoltSub,286,24,1531606768751,1531606768829,78,10.10.21.6
disparityBoltSub,286,25,1531606768753,1531606768834,81,10.10.21.6
disparityBoltSub,286,26,1531606768754,1531606768827,73,10.10.21.6
disparityBoltSub,286,27,1531606768754,1531606768882,128,10.10.21.7
disparityBoltSub,286,28,1531606768752,1531606768824,72,10.10.21.6
disparityBoltSub,286,29,1531606768754,1531606768827,73,10.10.21.6
disparityBoltSub,286,30,1531606768756,1531606768881,125,10.10.21.7
disparityBoltSub,286,31,1531606768756,1531606768798,42,10.10.21.7
disparityBolt,286,0,0,0,144,0
mergeBolt,286,0,1531606768883,1531606768899,16,10.10.21.6
reprojectionBolt,286,0,1531606768899,1531606768938,39,null
overall,286,0,1531606768635,1531606768938,303,0
videoSpout,287,0,1531606769140,1531606769144,4,10.10.21.7
rectificationBolt,287,0,1531606769163,1531606769193,30,10.10.21.6
partitionBolt,287,0,1531606769193,1531606769211,18,10.10.21.6
disparityBoltSub,287,0,1531606769211,1531606769305,94,10.10.21.6
disparityBoltSub,287,1,1531606769214,1531606769284,70,10.10.21.7
disparityBoltSub,287,2,1531606769214,1531606769291,77,10.10.21.6
disparityBoltSub,287,3,1531606769215,1531606769284,69,10.10.21.7
disparityBoltSub,287,4,1531606769214,1531606769295,81,10.10.21.6
disparityBoltSub,287,5,1531606769215,1531606769297,82,10.10.21.6
disparityBoltSub,287,6,1531606769217,1531606769287,70,10.10.21.7
disparityBoltSub,287,7,1531606769217,1531606769290,73,10.10.21.7
disparityBoltSub,287,8,1531606769215,1531606769351,136,10.10.21.6
disparityBoltSub,287,9,1531606769218,1531606769352,134,10.10.21.6
disparityBoltSub,287,10,1531606769245,1531606769320,75,10.10.21.6
disparityBoltSub,287,11,1531606769244,1531606769318,74,10.10.21.7
disparityBoltSub,287,12,1531606769247,1531606769318,71,10.10.21.6
disparityBoltSub,287,13,1531606769243,1531606769315,72,10.10.21.6
disparityBoltSub,287,14,1531606769247,1531606769319,72,10.10.21.6
disparityBoltSub,287,15,1531606769248,1531606769320,72,10.10.21.6
disparityBoltSub,287,16,1531606769247,1531606769355,108,10.10.21.7
disparityBoltSub,287,17,1531606769249,1531606769322,73,10.10.21.7
disparityBoltSub,287,18,1531606769245,1531606769319,74,10.10.21.6
disparityBoltSub,287,19,1531606769249,1531606769353,104,10.10.21.6
disparityBoltSub,287,20,1531606769250,1531606769323,73,10.10.21.6
disparityBoltSub,287,21,1531606769246,1531606769320,74,10.10.21.6
disparityBoltSub,287,22,1531606769247,1531606769321,74,10.10.21.6
disparityBoltSub,287,23,1531606769251,1531606769325,74,10.10.21.7
disparityBoltSub,287,24,1531606769251,1531606769318,67,10.10.21.7
disparityBoltSub,287,25,1531606769250,1531606769323,73,10.10.21.6
disparityBoltSub,287,26,1531606769258,1531606769331,73,10.10.21.6
disparityBoltSub,287,27,1531606769253,1531606769360,107,10.10.21.7
disparityBoltSub,287,28,1531606769260,1531606769330,70,10.10.21.6
disparityBoltSub,287,29,1531606769254,1531606769325,71,10.10.21.7
disparityBoltSub,287,30,1531606769260,1531606769333,73,10.10.21.6
disparityBoltSub,287,31,1531606769260,1531606769302,42,10.10.21.6
disparityBolt,287,0,0,0,149,0
mergeBolt,287,0,1531606769362,1531606769377,15,10.10.21.6
reprojectionBolt,287,0,1531606769377,1531606769416,39,null
overall,287,0,1531606769140,1531606769416,276,0
videoSpout,288,0,1531606769644,1531606769648,4,10.10.21.7
rectificationBolt,288,0,1531606769668,1531606769699,31,10.10.21.6
partitionBolt,288,0,1531606769699,1531606769718,19,10.10.21.6
disparityBoltSub,288,0,1531606769721,1531606769768,47,10.10.21.7
disparityBoltSub,288,1,1531606769719,1531606769793,74,10.10.21.6
disparityBoltSub,288,2,1531606769723,1531606769800,77,10.10.21.7
disparityBoltSub,288,3,1531606769723,1531606769798,75,10.10.21.6
disparityBoltSub,288,4,1531606769725,1531606769799,74,10.10.21.7
disparityBoltSub,288,5,1531606769728,1531606769800,72,10.10.21.7
disparityBoltSub,288,6,1531606769721,1531606769794,73,10.10.21.6
disparityBoltSub,288,7,1531606769726,1531606769798,72,10.10.21.7
disparityBoltSub,288,8,1531606769725,1531606769843,118,10.10.21.6
disparityBoltSub,288,9,1531606769725,1531606769796,71,10.10.21.7
disparityBoltSub,288,10,1531606769727,1531606769799,72,10.10.21.6
disparityBoltSub,288,11,1531606769726,1531606769797,71,10.10.21.6
disparityBoltSub,288,12,1531606769724,1531606769797,73,10.10.21.6
disparityBoltSub,288,13,1531606769731,1531606769801,70,10.10.21.7
disparityBoltSub,288,14,1531606769729,1531606769800,71,10.10.21.7
disparityBoltSub,288,15,1531606769728,1531606769803,75,10.10.21.6
disparityBoltSub,288,16,1531606769729,1531606769801,72,10.10.21.7
disparityBoltSub,288,17,1531606769730,1531606769850,120,10.10.21.7
disparityBoltSub,288,18,1531606769732,1531606769808,76,10.10.21.7
disparityBoltSub,288,19,1531606769734,1531606769807,73,10.10.21.7
disparityBoltSub,288,20,1531606769730,1531606769854,124,10.10.21.6
disparityBoltSub,288,21,1531606769737,1531606769815,78,10.10.21.7
disparityBoltSub,288,22,1531606769735,1531606769813,78,10.10.21.7
disparityBoltSub,288,23,1531606769730,1531606769845,115,10.10.21.6
disparityBoltSub,288,24,1531606769738,1531606769857,119,10.10.21.7
disparityBoltSub,288,25,1531606769730,1531606769805,75,10.10.21.6
disparityBoltSub,288,26,1531606769746,1531606769816,70,10.10.21.7
disparityBoltSub,288,27,1531606769734,1531606769845,111,10.10.21.6
disparityBoltSub,288,28,1531606769747,1531606769820,73,10.10.21.7
disparityBoltSub,288,29,1531606769734,1531606769811,77,10.10.21.7
disparityBoltSub,288,30,1531606769732,1531606769806,74,10.10.21.6
disparityBoltSub,288,31,1531606769732,1531606769776,44,10.10.21.6
disparityBolt,288,0,0,0,138,0
mergeBolt,288,0,1531606769859,1531606769874,15,10.10.21.6
reprojectionBolt,288,0,1531606769874,1531606769914,40,null
overall,288,0,1531606769644,1531606769914,270,0
videoSpout,289,0,1531606770148,1531606770152,4,10.10.21.7
rectificationBolt,289,0,1531606770173,1531606770203,30,10.10.21.6
partitionBolt,289,0,1531606770203,1531606770223,20,10.10.21.6
disparityBoltSub,289,0,1531606770226,1531606770267,41,10.10.21.7
disparityBoltSub,289,1,1531606770227,1531606770301,74,10.10.21.6
disparityBoltSub,289,2,1531606770228,1531606770296,68,10.10.21.7
disparityBoltSub,289,3,1531606770225,1531606770300,75,10.10.21.6
disparityBoltSub,289,4,1531606770226,1531606770303,77,10.10.21.6
disparityBoltSub,289,5,1531606770229,1531606770298,69,10.10.21.7
disparityBoltSub,289,6,1531606770226,1531606770310,84,10.10.21.6
disparityBoltSub,289,7,1531606770227,1531606770301,74,10.10.21.6
disparityBoltSub,289,8,1531606770233,1531606770309,76,10.10.21.6
disparityBoltSub,289,9,1531606770234,1531606770316,82,10.10.21.6
disparityBoltSub,289,10,1531606770234,1531606770307,73,10.10.21.7
disparityBoltSub,289,11,1531606770237,1531606770376,139,10.10.21.7
disparityBoltSub,289,12,1531606770234,1531606770357,123,10.10.21.6
disparityBoltSub,289,13,1531606770238,1531606770310,72,10.10.21.7
disparityBoltSub,289,14,1531606770235,1531606770307,72,10.10.21.7
disparityBoltSub,289,15,1531606770237,1531606770309,72,10.10.21.7
disparityBoltSub,289,16,1531606770231,1531606770359,128,10.10.21.6
disparityBoltSub,289,17,1531606770239,1531606770381,142,10.10.21.7
disparityBoltSub,289,18,1531606770235,1531606770312,77,10.10.21.6
disparityBoltSub,289,19,1531606770237,1531606770311,74,10.10.21.6
disparityBoltSub,289,20,1531606770240,1531606770310,70,10.10.21.7
disparityBoltSub,289,21,1531606770242,1531606770316,74,10.10.21.7
disparityBoltSub,289,22,1531606770237,1531606770313,76,10.10.21.6
disparityBoltSub,289,23,1531606770238,1531606770363,125,10.10.21.6
disparityBoltSub,289,24,1531606770240,1531606770311,71,10.10.21.6
disparityBoltSub,289,25,1531606770239,1531606770310,71,10.10.21.6
disparityBoltSub,289,26,1531606770240,1531606770317,77,10.10.21.6
disparityBoltSub,289,27,1531606770241,1531606770312,71,10.10.21.6
disparityBoltSub,289,28,1531606770241,1531606770313,72,10.10.21.7
disparityBoltSub,289,29,1531606770239,1531606770360,121,10.10.21.6
disparityBoltSub,289,30,1531606770238,1531606770310,72,10.10.21.6
disparityBoltSub,289,31,1531606770243,1531606770285,42,10.10.21.7
disparityBolt,289,0,0,0,156,0
mergeBolt,289,0,1531606770383,1531606770398,15,10.10.21.6
reprojectionBolt,289,0,1531606770398,1531606770437,39,null
overall,289,0,1531606770148,1531606770437,289,0
videoSpout,290,0,1531606770652,1531606770656,4,10.10.21.7
rectificationBolt,290,0,1531606770677,1531606770727,50,10.10.21.6
partitionBolt,290,0,1531606770727,1531606770746,19,10.10.21.6
disparityBoltSub,290,0,1531606770748,1531606770788,40,10.10.21.7
disparityBoltSub,290,1,1531606770751,1531606770882,131,10.10.21.7
disparityBoltSub,290,2,1531606770750,1531606770819,69,10.10.21.7
disparityBoltSub,290,3,1531606770751,1531606770836,85,10.10.21.6
disparityBoltSub,290,4,1531606770751,1531606770820,69,10.10.21.6
disparityBoltSub,290,5,1531606770756,1531606770885,129,10.10.21.7
disparityBoltSub,290,6,1531606770753,1531606770872,119,10.10.21.7
disparityBoltSub,290,7,1531606770752,1531606770841,89,10.10.21.6
disparityBoltSub,290,8,1531606770750,1531606770825,75,10.10.21.6
disparityBoltSub,290,9,1531606770757,1531606770825,68,10.10.21.7
disparityBoltSub,290,10,1531606770759,1531606770890,131,10.10.21.7
disparityBoltSub,290,11,1531606770761,1531606770892,131,10.10.21.7
disparityBoltSub,290,12,1531606770752,1531606770825,73,10.10.21.6
disparityBoltSub,290,13,1531606770754,1531606770828,74,10.10.21.6
disparityBoltSub,290,14,1531606770755,1531606770837,82,10.10.21.6
disparityBoltSub,290,15,1531606770756,1531606770827,71,10.10.21.6
disparityBoltSub,290,16,1531606770754,1531606770828,74,10.10.21.6
disparityBoltSub,290,17,1531606770757,1531606770834,77,10.10.21.6
disparityBoltSub,290,18,1531606770755,1531606770829,74,10.10.21.6
disparityBoltSub,290,19,1531606770757,1531606770831,74,10.10.21.7
disparityBoltSub,290,20,1531606770761,1531606770882,121,10.10.21.7
disparityBoltSub,290,21,1531606770763,1531606770895,132,10.10.21.7
disparityBoltSub,290,22,1531606770757,1531606770835,78,10.10.21.6
disparityBoltSub,290,23,1531606770759,1531606770829,70,10.10.21.7
disparityBoltSub,290,24,1531606770761,1531606770893,132,10.10.21.7
disparityBoltSub,290,25,1531606770762,1531606770832,70,10.10.21.7
disparityBoltSub,290,26,1531606770764,1531606770831,67,10.10.21.7
disparityBoltSub,290,27,1531606770766,1531606770897,131,10.10.21.7
disparityBoltSub,290,28,1531606770767,1531606770897,130,10.10.21.7
disparityBoltSub,290,29,1531606770760,1531606770841,81,10.10.21.6
disparityBoltSub,290,30,1531606770768,1531606770840,72,10.10.21.7
disparityBoltSub,290,31,1531606770761,1531606770810,49,10.10.21.6
disparityBolt,290,0,0,0,149,0
mergeBolt,290,0,1531606770899,1531606770914,15,10.10.21.6
reprojectionBolt,290,0,1531606770914,1531606770953,39,null
overall,290,0,1531606770652,1531606770953,301,0
videoSpout,291,0,1531606771156,1531606771160,4,10.10.21.7
rectificationBolt,291,0,1531606771181,1531606771212,31,10.10.21.6
partitionBolt,291,0,1531606771212,1531606771231,19,10.10.21.6
disparityBoltSub,291,0,1531606771233,1531606771279,46,10.10.21.6
disparityBoltSub,291,1,1531606771235,1531606771316,81,10.10.21.7
disparityBoltSub,291,2,1531606771233,1531606771342,109,10.10.21.6
disparityBoltSub,291,3,1531606771238,1531606771309,71,10.10.21.6
disparityBoltSub,291,4,1531606771233,1531606771305,72,10.10.21.6
disparityBoltSub,291,5,1531606771236,1531606771308,72,10.10.21.7
disparityBoltSub,291,6,1531606771249,1531606771321,72,10.10.21.6
disparityBoltSub,291,7,1531606771249,1531606771371,122,10.10.21.7
disparityBoltSub,291,8,1531606771251,1531606771317,66,10.10.21.7
disparityBoltSub,291,9,1531606771252,1531606771375,123,10.10.21.7
disparityBoltSub,291,10,1531606771253,1531606771324,71,10.10.21.7
disparityBoltSub,291,11,1531606771248,1531606771321,73,10.10.21.6
disparityBoltSub,291,12,1531606771255,1531606771326,71,10.10.21.7
disparityBoltSub,291,13,1531606771252,1531606771326,74,10.10.21.7
disparityBoltSub,291,14,1531606771254,1531606771328,74,10.10.21.7
disparityBoltSub,291,15,1531606771252,1531606771345,93,10.10.21.6
disparityBoltSub,291,16,1531606771253,1531606771361,108,10.10.21.6
disparityBoltSub,291,17,1531606771257,1531606771386,129,10.10.21.7
disparityBoltSub,291,18,1531606771255,1531606771356,101,10.10.21.6
disparityBoltSub,291,19,1531606771255,1531606771324,69,10.10.21.7
disparityBoltSub,291,20,1531606771270,1531606771385,115,10.10.21.7
disparityBoltSub,291,21,1531606771259,1531606771328,69,10.10.21.7
disparityBoltSub,291,22,1531606771262,1531606771337,75,10.10.21.7
disparityBoltSub,291,23,1531606771255,1531606771328,73,10.10.21.6
disparityBoltSub,291,24,1531606771264,1531606771375,111,10.10.21.7
disparityBoltSub,291,25,1531606771259,1531606771326,67,10.10.21.7
disparityBoltSub,291,26,1531606771260,1531606771332,72,10.10.21.6
disparityBoltSub,291,27,1531606771258,1531606771328,70,10.10.21.6
disparityBoltSub,291,28,1531606771265,1531606771336,71,10.10.21.7
disparityBoltSub,291,29,1531606771261,1531606771332,71,10.10.21.6
disparityBoltSub,291,30,1531606771258,1531606771331,73,10.10.21.6
disparityBoltSub,291,31,1531606771261,1531606771348,87,10.10.21.7
disparityBolt,291,0,0,0,153,0
mergeBolt,291,0,1531606771387,1531606771404,17,10.10.21.6
reprojectionBolt,291,0,1531606771404,1531606771443,39,null
overall,291,0,1531606771156,1531606771443,287,0
videoSpout,292,0,1531606771660,1531606771664,4,10.10.21.7
rectificationBolt,292,0,1531606771682,1531606771713,31,10.10.21.6
partitionBolt,292,0,1531606771713,1531606771732,19,10.10.21.6
disparityBoltSub,292,0,1531606771735,1531606771781,46,10.10.21.7
disparityBoltSub,292,1,1531606771736,1531606771811,75,10.10.21.7
disparityBoltSub,292,2,1531606771736,1531606771815,79,10.10.21.6
disparityBoltSub,292,3,1531606771734,1531606771806,72,10.10.21.6
disparityBoltSub,292,4,1531606771738,1531606771804,66,10.10.21.7
disparityBoltSub,292,5,1531606771735,1531606771806,71,10.10.21.6
disparityBoltSub,292,6,1531606771738,1531606771811,73,10.10.21.7
disparityBoltSub,292,7,1531606771737,1531606771817,80,10.10.21.6
disparityBoltSub,292,8,1531606771743,1531606771817,74,10.10.21.7
disparityBoltSub,292,9,1531606771745,1531606771819,74,10.10.21.7
disparityBoltSub,292,10,1531606771747,1531606771821,74,10.10.21.7
disparityBoltSub,292,11,1531606771740,1531606771814,74,10.10.21.6
disparityBoltSub,292,12,1531606771741,1531606771814,73,10.10.21.6
disparityBoltSub,292,13,1531606771749,1531606771819,70,10.10.21.7
disparityBoltSub,292,14,1531606771740,1531606771813,73,10.10.21.6
disparityBoltSub,292,15,1531606771750,1531606771822,72,10.10.21.7
disparityBoltSub,292,16,1531606771742,1531606771818,76,10.10.21.6
disparityBoltSub,292,17,1531606771743,1531606771822,79,10.10.21.6
disparityBoltSub,292,18,1531606771743,1531606771824,81,10.10.21.6
disparityBoltSub,292,19,1531606771751,1531606771825,74,10.10.21.7
disparityBoltSub,292,20,1531606771745,1531606771824,79,10.10.21.6
disparityBoltSub,292,21,1531606771745,1531606771890,145,10.10.21.6
disparityBoltSub,292,22,1531606771744,1531606771892,148,10.10.21.6
disparityBoltSub,292,23,1531606771745,1531606771831,86,10.10.21.6
disparityBoltSub,292,24,1531606771744,1531606771818,74,10.10.21.6
disparityBoltSub,292,25,1531606771749,1531606771820,71,10.10.21.7
disparityBoltSub,292,26,1531606771753,1531606771825,72,10.10.21.7
disparityBoltSub,292,27,1531606771754,1531606771834,80,10.10.21.6
disparityBoltSub,292,28,1531606771747,1531606771819,72,10.10.21.6
disparityBoltSub,292,29,1531606771754,1531606771825,71,10.10.21.7
disparityBoltSub,292,30,1531606771755,1531606771825,70,10.10.21.6
disparityBoltSub,292,31,1531606771748,1531606771793,45,10.10.21.6
disparityBolt,292,0,0,0,158,0
mergeBolt,292,0,1531606771892,1531606771908,16,10.10.21.6
reprojectionBolt,292,0,1531606771908,1531606771948,40,null
overall,292,0,1531606771660,1531606771948,288,0
videoSpout,293,0,1531606772165,1531606772169,4,10.10.21.7
rectificationBolt,293,0,1531606772189,1531606772219,30,10.10.21.6
partitionBolt,293,0,1531606772219,1531606772238,19,10.10.21.6
disparityBoltSub,293,0,1531606772241,1531606772288,47,10.10.21.7
disparityBoltSub,293,1,1531606772242,1531606772319,77,10.10.21.6
disparityBoltSub,293,2,1531606772243,1531606772313,70,10.10.21.6
disparityBoltSub,293,3,1531606772244,1531606772362,118,10.10.21.6
disparityBoltSub,293,4,1531606772241,1531606772356,115,10.10.21.6
disparityBoltSub,293,5,1531606772241,1531606772311,70,10.10.21.6
disparityBoltSub,293,6,1531606772245,1531606772362,117,10.10.21.6
disparityBoltSub,293,7,1531606772242,1531606772311,69,10.10.21.6
disparityBoltSub,293,8,1531606772244,1531606772315,71,10.10.21.7
disparityBoltSub,293,9,1531606772247,1531606772318,71,10.10.21.7
disparityBoltSub,293,10,1531606772246,1531606772317,71,10.10.21.7
disparityBoltSub,293,11,1531606772249,1531606772318,69,10.10.21.7
disparityBoltSub,293,12,1531606772251,1531606772342,91,10.10.21.7
disparityBoltSub,293,13,1531606772245,1531606772314,69,10.10.21.6
disparityBoltSub,293,14,1531606772252,1531606772325,73,10.10.21.7
disparityBoltSub,293,15,1531606772247,1531606772368,121,10.10.21.6
disparityBoltSub,293,16,1531606772254,1531606772326,72,10.10.21.7
disparityBoltSub,293,17,1531606772246,1531606772320,74,10.10.21.6
disparityBoltSub,293,18,1531606772255,1531606772326,71,10.10.21.7
disparityBoltSub,293,19,1531606772259,1531606772333,74,10.10.21.7
disparityBoltSub,293,20,1531606772248,1531606772322,74,10.10.21.6
disparityBoltSub,293,21,1531606772257,1531606772333,76,10.10.21.7
disparityBoltSub,293,22,1531606772249,1531606772373,124,10.10.21.6
disparityBoltSub,293,23,1531606772250,1531606772364,114,10.10.21.6
disparityBoltSub,293,24,1531606772260,1531606772330,70,10.10.21.7
disparityBoltSub,293,25,1531606772252,1531606772322,70,10.10.21.6
disparityBoltSub,293,26,1531606772261,1531606772334,73,10.10.21.7
disparityBoltSub,293,27,1531606772253,1531606772386,133,10.10.21.6
disparityBoltSub,293,28,1531606772252,1531606772383,131,10.10.21.6
disparityBoltSub,293,29,1531606772255,1531606772326,71,10.10.21.6
disparityBoltSub,293,30,1531606772264,1531606772356,92,10.10.21.7
disparityBoltSub,293,31,1531606772253,1531606772292,39,10.10.21.6
disparityBolt,293,0,0,0,145,0
mergeBolt,293,0,1531606772387,1531606772401,14,10.10.21.6
reprojectionBolt,293,0,1531606772401,1531606772441,40,null
overall,293,0,1531606772165,1531606772441,276,0
videoSpout,294,0,1531606772669,1531606772673,4,10.10.21.7
rectificationBolt,294,0,1531606772693,1531606772734,41,10.10.21.6
partitionBolt,294,0,1531606772734,1531606772754,20,10.10.21.6
disparityBoltSub,294,0,1531606772756,1531606772804,48,10.10.21.6
disparityBoltSub,294,1,1531606772758,1531606772830,72,10.10.21.7
disparityBoltSub,294,2,1531606772760,1531606772828,68,10.10.21.7
disparityBoltSub,294,3,1531606772759,1531606772880,121,10.10.21.7
disparityBoltSub,294,4,1531606772761,1531606772879,118,10.10.21.7
disparityBoltSub,294,5,1531606772761,1531606772826,65,10.10.21.7
disparityBoltSub,294,6,1531606772758,1531606772836,78,10.10.21.6
disparityBoltSub,294,7,1531606772758,1531606772864,106,10.10.21.6
disparityBoltSub,294,8,1531606772762,1531606772827,65,10.10.21.7
disparityBoltSub,294,9,1531606772762,1531606772830,68,10.10.21.7
disparityBoltSub,294,10,1531606772764,1531606772835,71,10.10.21.7
disparityBoltSub,294,11,1531606772762,1531606772833,71,10.10.21.6
disparityBoltSub,294,12,1531606772763,1531606772835,72,10.10.21.6
disparityBoltSub,294,13,1531606772765,1531606772834,69,10.10.21.7
disparityBoltSub,294,14,1531606772765,1531606772866,101,10.10.21.7
disparityBoltSub,294,15,1531606772763,1531606772835,72,10.10.21.6
disparityBoltSub,294,16,1531606772765,1531606772871,106,10.10.21.6
disparityBoltSub,294,17,1531606772763,1531606772840,77,10.10.21.6
disparityBoltSub,294,18,1531606772764,1531606772873,109,10.10.21.6
disparityBoltSub,294,19,1531606772764,1531606772840,76,10.10.21.6
disparityBoltSub,294,20,1531606772764,1531606772840,76,10.10.21.6
disparityBoltSub,294,21,1531606772765,1531606772839,74,10.10.21.6
disparityBoltSub,294,22,1531606772768,1531606772842,74,10.10.21.7
disparityBoltSub,294,23,1531606772769,1531606772840,71,10.10.21.7
disparityBoltSub,294,24,1531606772770,1531606772837,67,10.10.21.7
disparityBoltSub,294,25,1531606772772,1531606772890,118,10.10.21.7
disparityBoltSub,294,26,1531606772770,1531606772839,69,10.10.21.7
disparityBoltSub,294,27,1531606772771,1531606772850,79,10.10.21.6
disparityBoltSub,294,28,1531606772771,1531606772878,107,10.10.21.6
disparityBoltSub,294,29,1531606772775,1531606772859,84,10.10.21.7
disparityBoltSub,294,30,1531606772773,1531606772845,72,10.10.21.7
disparityBoltSub,294,31,1531606772775,1531606772815,40,10.10.21.7
disparityBolt,294,0,0,0,134,0
mergeBolt,294,0,1531606772891,1531606772906,15,10.10.21.6
reprojectionBolt,294,0,1531606772906,1531606772946,40,null
overall,294,0,1531606772669,1531606772946,277,0
videoSpout,295,0,1531606773173,1531606773176,3,10.10.21.7
rectificationBolt,295,0,1531606773196,1531606773227,31,10.10.21.6
partitionBolt,295,0,1531606773227,1531606773246,19,10.10.21.6
disparityBoltSub,295,0,1531606773247,1531606773290,43,10.10.21.6
disparityBoltSub,295,1,1531606773251,1531606773320,69,10.10.21.7
disparityBoltSub,295,2,1531606773250,1531606773323,73,10.10.21.6
disparityBoltSub,295,3,1531606773251,1531606773323,72,10.10.21.6
disparityBoltSub,295,4,1531606773249,1531606773374,125,10.10.21.6
disparityBoltSub,295,5,1531606773251,1531606773320,69,10.10.21.6
disparityBoltSub,295,6,1531606773261,1531606773352,91,10.10.21.7
disparityBoltSub,295,7,1531606773259,1531606773330,71,10.10.21.6
disparityBoltSub,295,8,1531606773261,1531606773387,126,10.10.21.6
disparityBoltSub,295,9,1531606773262,1531606773329,67,10.10.21.7
disparityBoltSub,295,10,1531606773262,1531606773333,71,10.10.21.6
disparityBoltSub,295,11,1531606773263,1531606773334,71,10.10.21.7
disparityBoltSub,295,12,1531606773263,1531606773335,72,10.10.21.6
disparityBoltSub,295,13,1531606773268,1531606773338,70,10.10.21.6
disparityBoltSub,295,14,1531606773264,1531606773334,70,10.10.21.7
disparityBoltSub,295,15,1531606773265,1531606773335,70,10.10.21.7
disparityBoltSub,295,16,1531606773265,1531606773340,75,10.10.21.6
disparityBoltSub,295,17,1531606773265,1531606773340,75,10.10.21.6
disparityBoltSub,295,18,1531606773264,1531606773340,76,10.10.21.6
disparityBoltSub,295,19,1531606773266,1531606773342,76,10.10.21.6
disparityBoltSub,295,20,1531606773268,1531606773340,72,10.10.21.7
disparityBoltSub,295,21,1531606773267,1531606773341,74,10.10.21.7
disparityBoltSub,295,22,1531606773269,1531606773345,76,10.10.21.7
disparityBoltSub,295,23,1531606773266,1531606773355,89,10.10.21.6
disparityBoltSub,295,24,1531606773267,1531606773340,73,10.10.21.6
disparityBoltSub,295,25,1531606773269,1531606773340,71,10.10.21.6
disparityBoltSub,295,26,1531606773269,1531606773362,93,10.10.21.7
disparityBoltSub,295,27,1531606773269,1531606773343,74,10.10.21.6
disparityBoltSub,295,28,1531606773268,1531606773380,112,10.10.21.6
disparityBoltSub,295,29,1531606773270,1531606773361,91,10.10.21.6
disparityBoltSub,295,30,1531606773271,1531606773344,73,10.10.21.7
disparityBoltSub,295,31,1531606773270,1531606773354,84,10.10.21.6
disparityBolt,295,0,0,0,140,0
mergeBolt,295,0,1531606773388,1531606773403,15,10.10.21.6
reprojectionBolt,295,0,1531606773403,1531606773442,39,null
overall,295,0,1531606773173,1531606773442,269,0
videoSpout,296,0,1531606773677,1531606773681,4,10.10.21.7
rectificationBolt,296,0,1531606773699,1531606773731,32,10.10.21.6
partitionBolt,296,0,1531606773731,1531606773751,20,10.10.21.6
disparityBoltSub,296,0,1531606773754,1531606773796,42,10.10.21.7
disparityBoltSub,296,1,1531606773752,1531606773824,72,10.10.21.6
disparityBoltSub,296,2,1531606773756,1531606773828,72,10.10.21.7
disparityBoltSub,296,3,1531606773757,1531606773827,70,10.10.21.7
disparityBoltSub,296,4,1531606773756,1531606773848,92,10.10.21.6
disparityBoltSub,296,5,1531606773758,1531606773830,72,10.10.21.7
disparityBoltSub,296,6,1531606773768,1531606773841,73,10.10.21.7
disparityBoltSub,296,7,1531606773758,1531606773830,72,10.10.21.6
disparityBoltSub,296,8,1531606773768,1531606773890,122,10.10.21.7
disparityBoltSub,296,9,1531606773758,1531606773832,74,10.10.21.6
disparityBoltSub,296,10,1531606773769,1531606773891,122,10.10.21.7
disparityBoltSub,296,11,1531606773760,1531606773886,126,10.10.21.6
disparityBoltSub,296,12,1531606773764,1531606773831,67,10.10.21.7
disparityBoltSub,296,13,1531606773771,1531606773840,69,10.10.21.7
disparityBoltSub,296,14,1531606773761,1531606773832,71,10.10.21.6
disparityBoltSub,296,15,1531606773762,1531606773854,92,10.10.21.6
disparityBoltSub,296,16,1531606773760,1531606773889,129,10.10.21.6
disparityBoltSub,296,17,1531606773760,1531606773852,92,10.10.21.6
disparityBoltSub,296,18,1531606773761,1531606773852,91,10.10.21.6
disparityBoltSub,296,19,1531606773761,1531606773852,91,10.10.21.6
disparityBoltSub,296,20,1531606773763,1531606773836,73,10.10.21.6
disparityBoltSub,296,21,1531606773762,1531606773852,90,10.10.21.6
disparityBoltSub,296,22,1531606773766,1531606773840,74,10.10.21.7
disparityBoltSub,296,23,1531606773765,1531606773875,110,10.10.21.7
disparityBoltSub,296,24,1531606773763,1531606773852,89,10.10.21.6
disparityBoltSub,296,25,1531606773765,1531606773836,71,10.10.21.6
disparityBoltSub,296,26,1531606773774,1531606773845,71,10.10.21.7
disparityBoltSub,296,27,1531606773772,1531606773846,74,10.10.21.7
disparityBoltSub,296,28,1531606773775,1531606773845,70,10.10.21.7
disparityBoltSub,296,29,1531606773767,1531606773845,78,10.10.21.6
disparityBoltSub,296,30,1531606773777,1531606773848,71,10.10.21.7
disparityBoltSub,296,31,1531606773776,1531606773855,79,10.10.21.7
disparityBolt,296,0,0,0,139,0
mergeBolt,296,0,1531606773892,1531606773907,15,10.10.21.6
reprojectionBolt,296,0,1531606773907,1531606773947,40,null
overall,296,0,1531606773677,1531606773947,270,0
videoSpout,297,0,1531606774181,1531606774185,4,10.10.21.7
rectificationBolt,297,0,1531606774206,1531606774227,21,10.10.21.6
partitionBolt,297,0,1531606774227,1531606774244,17,10.10.21.6
disparityBoltSub,297,0,1531606774248,1531606774291,43,10.10.21.7
disparityBoltSub,297,1,1531606774245,1531606774316,71,10.10.21.6
disparityBoltSub,297,2,1531606774245,1531606774327,82,10.10.21.6
disparityBoltSub,297,3,1531606774254,1531606774321,67,10.10.21.7
disparityBoltSub,297,4,1531606774246,1531606774377,131,10.10.21.6
disparityBoltSub,297,5,1531606774249,1531606774372,123,10.10.21.6
disparityBoltSub,297,6,1531606774249,1531606774321,72,10.10.21.6
disparityBoltSub,297,7,1531606774251,1531606774320,69,10.10.21.7
disparityBoltSub,297,8,1531606774252,1531606774320,68,10.10.21.7
disparityBoltSub,297,9,1531606774251,1531606774322,71,10.10.21.6
disparityBoltSub,297,10,1531606774253,1531606774323,70,10.10.21.7
disparityBoltSub,297,11,1531606774251,1531606774371,120,10.10.21.6
disparityBoltSub,297,12,1531606774254,1531606774326,72,10.10.21.7
disparityBoltSub,297,13,1531606774253,1531606774325,72,10.10.21.6
disparityBoltSub,297,14,1531606774253,1531606774385,132,10.10.21.6
disparityBoltSub,297,15,1531606774254,1531606774327,73,10.10.21.6
disparityBoltSub,297,16,1531606774252,1531606774381,129,10.10.21.6
disparityBoltSub,297,17,1531606774256,1531606774326,70,10.10.21.6
disparityBoltSub,297,18,1531606774255,1531606774333,78,10.10.21.6
disparityBoltSub,297,19,1531606774257,1531606774371,114,10.10.21.6
disparityBoltSub,297,20,1531606774254,1531606774387,133,10.10.21.6
disparityBoltSub,297,21,1531606774257,1531606774331,74,10.10.21.7
disparityBoltSub,297,22,1531606774255,1531606774332,77,10.10.21.6
disparityBoltSub,297,23,1531606774257,1531606774329,72,10.10.21.6
disparityBoltSub,297,24,1531606774256,1531606774329,73,10.10.21.6
disparityBoltSub,297,25,1531606774259,1531606774324,65,10.10.21.7
disparityBoltSub,297,26,1531606774258,1531606774327,69,10.10.21.7
disparityBoltSub,297,27,1531606774260,1531606774331,71,10.10.21.7
disparityBoltSub,297,28,1531606774261,1531606774330,69,10.10.21.7
disparityBoltSub,297,29,1531606774259,1531606774333,74,10.10.21.6
disparityBoltSub,297,30,1531606774260,1531606774337,77,10.10.21.6
disparityBoltSub,297,31,1531606774259,1531606774336,77,10.10.21.6
disparityBolt,297,0,0,0,142,0
mergeBolt,297,0,1531606774387,1531606774403,16,10.10.21.6
reprojectionBolt,297,0,1531606774403,1531606774442,39,null
overall,297,0,1531606774181,1531606774442,261,0
videoSpout,298,0,1531606774685,1531606774690,5,10.10.21.7
rectificationBolt,298,0,1531606774714,1531606774746,32,10.10.21.6
partitionBolt,298,0,1531606774746,1531606774765,19,10.10.21.6
disparityBoltSub,298,0,1531606774768,1531606774829,61,10.10.21.7
disparityBoltSub,298,1,1531606774766,1531606774837,71,10.10.21.6
disparityBoltSub,298,2,1531606774771,1531606774841,70,10.10.21.7
disparityBoltSub,298,3,1531606774770,1531606774842,72,10.10.21.7
disparityBoltSub,298,4,1531606774771,1531606774841,70,10.10.21.7
disparityBoltSub,298,5,1531606774768,1531606774841,73,10.10.21.6
disparityBoltSub,298,6,1531606774772,1531606774844,72,10.10.21.7
disparityBoltSub,298,7,1531606774774,1531606774846,72,10.10.21.7
disparityBoltSub,298,8,1531606774773,1531606774845,72,10.10.21.7
disparityBoltSub,298,9,1531606774775,1531606774844,69,10.10.21.7
disparityBoltSub,298,10,1531606774772,1531606774851,79,10.10.21.6
disparityBoltSub,298,11,1531606774774,1531606774850,76,10.10.21.6
disparityBoltSub,298,12,1531606774773,1531606774850,77,10.10.21.6
disparityBoltSub,298,13,1531606774773,1531606774846,73,10.10.21.6
disparityBoltSub,298,14,1531606774779,1531606774857,78,10.10.21.6
disparityBoltSub,298,15,1531606774778,1531606774902,124,10.10.21.6
disparityBoltSub,298,16,1531606774778,1531606774849,71,10.10.21.7
disparityBoltSub,298,17,1531606774776,1531606774893,117,10.10.21.6
disparityBoltSub,298,18,1531606774774,1531606774855,81,10.10.21.6
disparityBoltSub,298,19,1531606774778,1531606774894,116,10.10.21.6
disparityBoltSub,298,20,1531606774775,1531606774868,93,10.10.21.6
disparityBoltSub,298,21,1531606774776,1531606774857,81,10.10.21.6
disparityBoltSub,298,22,1531606774780,1531606774856,76,10.10.21.6
disparityBoltSub,298,23,1531606774781,1531606774856,75,10.10.21.6
disparityBoltSub,298,24,1531606774780,1531606774850,70,10.10.21.6
disparityBoltSub,298,25,1531606774778,1531606774851,73,10.10.21.6
disparityBoltSub,298,26,1531606774777,1531606774855,78,10.10.21.6
disparityBoltSub,298,27,1531606774782,1531606774855,73,10.10.21.6
disparityBoltSub,298,28,1531606774780,1531606774870,90,10.10.21.7
disparityBoltSub,298,29,1531606774783,1531606774854,71,10.10.21.6
disparityBoltSub,298,30,1531606774780,1531606774881,101,10.10.21.6
disparityBoltSub,298,31,1531606774782,1531606774822,40,10.10.21.7
disparityBolt,298,0,0,0,136,0
mergeBolt,298,0,1531606774903,1531606774918,15,10.10.21.6
reprojectionBolt,298,0,1531606774918,1531606774958,40,null
overall,298,0,1531606774685,1531606774958,273,0
videoSpout,299,0,1531606775190,1531606775194,4,10.10.21.7
rectificationBolt,299,0,1531606775214,1531606775242,28,10.10.21.6
partitionBolt,299,0,1531606775242,1531606775261,19,10.10.21.6
disparityBoltSub,299,0,1531606775261,1531606775344,83,10.10.21.6
disparityBoltSub,299,1,1531606775296,1531606775375,79,10.10.21.7
disparityBoltSub,299,2,1531606775294,1531606775370,76,10.10.21.6
disparityBoltSub,299,3,1531606775296,1531606775372,76,10.10.21.7
disparityBoltSub,299,4,1531606775297,1531606775367,70,10.10.21.7
disparityBoltSub,299,5,1531606775295,1531606775395,100,10.10.21.6
disparityBoltSub,299,6,1531606775294,1531606775414,120,10.10.21.6
disparityBoltSub,299,7,1531606775297,1531606775366,69,10.10.21.6
disparityBoltSub,299,8,1531606775296,1531606775371,75,10.10.21.6
disparityBoltSub,299,9,1531606775298,1531606775375,77,10.10.21.7
disparityBoltSub,299,10,1531606775299,1531606775370,71,10.10.21.7
disparityBoltSub,299,11,1531606775298,1531606775417,119,10.10.21.6
disparityBoltSub,299,12,1531606775299,1531606775370,71,10.10.21.6
disparityBoltSub,299,13,1531606775301,1531606775372,71,10.10.21.6
disparityBoltSub,299,14,1531606775300,1531606775379,79,10.10.21.7
disparityBoltSub,299,15,1531606775301,1531606775372,71,10.10.21.6
disparityBoltSub,299,16,1531606775298,1531606775401,103,10.10.21.6
disparityBoltSub,299,17,1531606775299,1531606775376,77,10.10.21.6
disparityBoltSub,299,18,1531606775301,1531606775375,74,10.10.21.6
disparityBoltSub,299,19,1531606775299,1531606775393,94,10.10.21.6
disparityBoltSub,299,20,1531606775302,1531606775380,78,10.10.21.7
disparityBoltSub,299,21,1531606775301,1531606775375,74,10.10.21.6
disparityBoltSub,299,22,1531606775305,1531606775379,74,10.10.21.7
disparityBoltSub,299,23,1531606775303,1531606775375,72,10.10.21.7
disparityBoltSub,299,24,1531606775308,1531606775384,76,10.10.21.7
disparityBoltSub,299,25,1531606775306,1531606775379,73,10.10.21.7
disparityBoltSub,299,26,1531606775307,1531606775379,72,10.10.21.7
disparityBoltSub,299,27,1531606775306,1531606775378,72,10.10.21.7
disparityBoltSub,299,28,1531606775306,1531606775377,71,10.10.21.6
disparityBoltSub,299,29,1531606775309,1531606775383,74,10.10.21.7
disparityBoltSub,299,30,1531606775310,1531606775381,71,10.10.21.7
disparityBoltSub,299,31,1531606775311,1531606775353,42,10.10.21.7
disparityBolt,299,0,0,0,156,0
mergeBolt,299,0,1531606775419,1531606775434,15,10.10.21.6
reprojectionBolt,299,0,1531606775434,1531606775474,40,null
overall,299,0,1531606775190,1531606775474,284,0
videoSpout,300,0,1531606775694,1531606775698,4,10.10.21.7
rectificationBolt,300,0,1531606775716,1531606775745,29,10.10.21.6
partitionBolt,300,0,1531606775745,1531606775763,18,10.10.21.6
disparityBoltSub,300,0,1531606775766,1531606775809,43,10.10.21.6
disparityBoltSub,300,1,1531606775765,1531606775879,114,10.10.21.6
disparityBoltSub,300,2,1531606775765,1531606775899,134,10.10.21.6
disparityBoltSub,300,3,1531606775767,1531606775870,103,10.10.21.6
disparityBoltSub,300,4,1531606775769,1531606775844,75,10.10.21.7
disparityBoltSub,300,5,1531606775768,1531606775838,70,10.10.21.6
disparityBoltSub,300,6,1531606775771,1531606775838,67,10.10.21.7
disparityBoltSub,300,7,1531606775771,1531606775845,74,10.10.21.7
disparityBoltSub,300,8,1531606775770,1531606775845,75,10.10.21.6
disparityBoltSub,300,9,1531606775769,1531606775846,77,10.10.21.6
disparityBoltSub,300,10,1531606775772,1531606775845,73,10.10.21.7
disparityBoltSub,300,11,1531606775772,1531606775846,74,10.10.21.7
disparityBoltSub,300,12,1531606775770,1531606775899,129,10.10.21.6
disparityBoltSub,300,13,1531606775774,1531606775845,71,10.10.21.7
disparityBoltSub,300,14,1531606775772,1531606775848,76,10.10.21.7
disparityBoltSub,300,15,1531606775774,1531606775846,72,10.10.21.6
disparityBoltSub,300,16,1531606775773,1531606775879,106,10.10.21.6
disparityBoltSub,300,17,1531606775776,1531606775866,90,10.10.21.7
disparityBoltSub,300,18,1531606775774,1531606775847,73,10.10.21.7
disparityBoltSub,300,19,1531606775777,1531606775850,73,10.10.21.7
disparityBoltSub,300,20,1531606775775,1531606775854,79,10.10.21.6
disparityBoltSub,300,21,1531606775779,1531606775881,102,10.10.21.7
disparityBoltSub,300,22,1531606775778,1531606775852,74,10.10.21.7
disparityBoltSub,300,23,1531606775775,1531606775864,89,10.10.21.6
disparityBoltSub,300,24,1531606775777,1531606775854,77,10.10.21.6
disparityBoltSub,300,25,1531606775778,1531606775861,83,10.10.21.6
disparityBoltSub,300,26,1531606775779,1531606775855,76,10.10.21.6
disparityBoltSub,300,27,1531606775779,1531606775874,95,10.10.21.7
disparityBoltSub,300,28,1531606775777,1531606775865,88,10.10.21.6
disparityBoltSub,300,29,1531606775779,1531606775889,110,10.10.21.6
disparityBoltSub,300,30,1531606775781,1531606775867,86,10.10.21.7
disparityBoltSub,300,31,1531606775781,1531606775822,41,10.10.21.7
disparityBolt,300,0,0,0,134,0
mergeBolt,300,0,1531606775900,1531606775914,14,10.10.21.6
reprojectionBolt,300,0,1531606775914,1531606775954,40,null
overall,300,0,1531606775694,1531606775954,260,0
videoSpout,301,0,1531606776198,1531606776202,4,10.10.21.7
rectificationBolt,301,0,1531606776219,1531606776249,30,10.10.21.6
partitionBolt,301,0,1531606776249,1531606776268,19,10.10.21.6
disparityBoltSub,301,0,1531606776269,1531606776316,47,10.10.21.6
disparityBoltSub,301,1,1531606776274,1531606776344,70,10.10.21.7
disparityBoltSub,301,2,1531606776272,1531606776347,75,10.10.21.6
disparityBoltSub,301,3,1531606776273,1531606776344,71,10.10.21.7
disparityBoltSub,301,4,1531606776273,1531606776343,70,10.10.21.6
disparityBoltSub,301,5,1531606776274,1531606776347,73,10.10.21.6
disparityBoltSub,301,6,1531606776275,1531606776345,70,10.10.21.7
disparityBoltSub,301,7,1531606776276,1531606776346,70,10.10.21.7
disparityBoltSub,301,8,1531606776273,1531606776344,71,10.10.21.6
disparityBoltSub,301,9,1531606776275,1531606776396,121,10.10.21.6
disparityBoltSub,301,10,1531606776276,1531606776347,71,10.10.21.6
disparityBoltSub,301,11,1531606776276,1531606776347,71,10.10.21.7
disparityBoltSub,301,12,1531606776277,1531606776349,72,10.10.21.6
disparityBoltSub,301,13,1531606776275,1531606776399,124,10.10.21.6
disparityBoltSub,301,14,1531606776276,1531606776352,76,10.10.21.6
disparityBoltSub,301,15,1531606776278,1531606776402,124,10.10.21.6
disparityBoltSub,301,16,1531606776279,1531606776351,72,10.10.21.7
disparityBoltSub,301,17,1531606776280,1531606776350,70,10.10.21.7
disparityBoltSub,301,18,1531606776277,1531606776404,127,10.10.21.6
disparityBoltSub,301,19,1531606776279,1531606776353,74,10.10.21.6
disparityBoltSub,301,20,1531606776280,1531606776409,129,10.10.21.6
disparityBoltSub,301,21,1531606776279,1531606776354,75,10.10.21.6
disparityBoltSub,301,22,1531606776278,1531606776354,76,10.10.21.6
disparityBoltSub,301,23,1531606776283,1531606776376,93,10.10.21.7
disparityBoltSub,301,24,1531606776281,1531606776375,94,10.10.21.7
disparityBoltSub,301,25,1531606776282,1531606776363,81,10.10.21.6
disparityBoltSub,301,26,1531606776283,1531606776364,81,10.10.21.6
disparityBoltSub,301,27,1531606776284,1531606776356,72,10.10.21.7
disparityBoltSub,301,28,1531606776292,1531606776361,69,10.10.21.6
disparityBoltSub,301,29,1531606776286,1531606776357,71,10.10.21.7
disparityBoltSub,301,30,1531606776293,1531606776413,120,10.10.21.6
disparityBoltSub,301,31,1531606776292,1531606776333,41,10.10.21.6
disparityBolt,301,0,0,0,144,0
mergeBolt,301,0,1531606776415,1531606776429,14,10.10.21.6
reprojectionBolt,301,0,1531606776430,1531606776468,38,null
overall,301,0,1531606776198,1531606776468,270,0
videoSpout,302,0,1531606776702,1531606776707,5,10.10.21.7
rectificationBolt,302,0,1531606776745,1531606776775,30,10.10.21.6
partitionBolt,302,0,1531606776775,1531606776793,18,10.10.21.6
disparityBoltSub,302,0,1531606776796,1531606776836,40,10.10.21.7
disparityBoltSub,302,1,1531606776795,1531606776869,74,10.10.21.6
disparityBoltSub,302,2,1531606776798,1531606776871,73,10.10.21.7
disparityBoltSub,302,3,1531606776797,1531606776873,76,10.10.21.6
disparityBoltSub,302,4,1531606776800,1531606776926,126,10.10.21.7
disparityBoltSub,302,5,1531606776803,1531606776892,89,10.10.21.7
disparityBoltSub,302,6,1531606776797,1531606776872,75,10.10.21.6
disparityBoltSub,302,7,1531606776802,1531606776874,72,10.10.21.7
disparityBoltSub,302,8,1531606776800,1531606776871,71,10.10.21.6
disparityBoltSub,302,9,1531606776801,1531606776869,68,10.10.21.7
disparityBoltSub,302,10,1531606776802,1531606776879,77,10.10.21.6
disparityBoltSub,302,11,1531606776801,1531606776873,72,10.10.21.6
disparityBoltSub,302,12,1531606776800,1531606776875,75,10.10.21.6
disparityBoltSub,302,13,1531606776804,1531606776927,123,10.10.21.7
disparityBoltSub,302,14,1531606776806,1531606776877,71,10.10.21.7
disparityBoltSub,302,15,1531606776804,1531606776878,74,10.10.21.6
disparityBoltSub,302,16,1531606776806,1531606776930,124,10.10.21.7
disparityBoltSub,302,17,1531606776805,1531606776900,95,10.10.21.7
disparityBoltSub,302,18,1531606776809,1531606776883,74,10.10.21.7
disparityBoltSub,302,19,1531606776808,1531606776879,71,10.10.21.7
disparityBoltSub,302,20,1531606776806,1531606776880,74,10.10.21.6
disparityBoltSub,302,21,1531606776811,1531606776891,80,10.10.21.7
disparityBoltSub,302,22,1531606776812,1531606776888,76,10.10.21.7
disparityBoltSub,302,23,1531606776807,1531606776887,80,10.10.21.6
disparityBoltSub,302,24,1531606776813,1531606776939,126,10.10.21.7
disparityBoltSub,302,25,1531606776807,1531606776882,75,10.10.21.6
disparityBoltSub,302,26,1531606776815,1531606776886,71,10.10.21.7
disparityBoltSub,302,27,1531606776811,1531606776890,79,10.10.21.6
disparityBoltSub,302,28,1531606776817,1531606776890,73,10.10.21.7
disparityBoltSub,302,29,1531606776812,1531606776881,69,10.10.21.7
disparityBoltSub,302,30,1531606776809,1531606776881,72,10.10.21.6
disparityBoltSub,302,31,1531606776809,1531606776850,41,10.10.21.6
disparityBolt,302,0,0,0,144,0
mergeBolt,302,0,1531606776941,1531606776955,14,10.10.21.6
reprojectionBolt,302,0,1531606776955,1531606776994,39,null
overall,302,0,1531606776702,1531606776994,292,0
videoSpout,303,0,1531606777207,1531606777219,12,10.10.21.7
rectificationBolt,303,0,1531606777237,1531606777267,30,10.10.21.6
partitionBolt,303,0,1531606777267,1531606777287,20,10.10.21.6
disparityBoltSub,303,0,1531606777291,1531606777333,42,10.10.21.7
disparityBoltSub,303,1,1531606777290,1531606777365,75,10.10.21.6
disparityBoltSub,303,2,1531606777301,1531606777393,92,10.10.21.7
disparityBoltSub,303,3,1531606777299,1531606777378,79,10.10.21.6
disparityBoltSub,303,4,1531606777299,1531606777374,75,10.10.21.6
disparityBoltSub,303,5,1531606777303,1531606777433,130,10.10.21.7
disparityBoltSub,303,6,1531606777299,1531606777374,75,10.10.21.6
disparityBoltSub,303,7,1531606777299,1531606777371,72,10.10.21.6
disparityBoltSub,303,8,1531606777301,1531606777377,76,10.10.21.6
disparityBoltSub,303,9,1531606777303,1531606777388,85,10.10.21.6
disparityBoltSub,303,10,1531606777304,1531606777378,74,10.10.21.7
disparityBoltSub,303,11,1531606777305,1531606777374,69,10.10.21.7
disparityBoltSub,303,12,1531606777303,1531606777379,76,10.10.21.6
disparityBoltSub,303,13,1531606777306,1531606777375,69,10.10.21.7
disparityBoltSub,303,14,1531606777305,1531606777379,74,10.10.21.7
disparityBoltSub,303,15,1531606777307,1531606777381,74,10.10.21.7
disparityBoltSub,303,16,1531606777304,1531606777377,73,10.10.21.6
disparityBoltSub,303,17,1531606777309,1531606777381,72,10.10.21.7
disparityBoltSub,303,18,1531606777307,1531606777388,81,10.10.21.6
disparityBoltSub,303,19,1531606777307,1531606777386,79,10.10.21.6
disparityBoltSub,303,20,1531606777310,1531606777385,75,10.10.21.7
disparityBoltSub,303,21,1531606777310,1531606777422,112,10.10.21.7
disparityBoltSub,303,22,1531606777309,1531606777386,77,10.10.21.6
disparityBoltSub,303,23,1531606777311,1531606777384,73,10.10.21.6
disparityBoltSub,303,24,1531606777309,1531606777394,85,10.10.21.6
disparityBoltSub,303,25,1531606777313,1531606777386,73,10.10.21.6
disparityBoltSub,303,26,1531606777312,1531606777432,120,10.10.21.6
disparityBoltSub,303,27,1531606777313,1531606777387,74,10.10.21.6
disparityBoltSub,303,28,1531606777312,1531606777384,72,10.10.21.7
disparityBoltSub,303,29,1531606777311,1531606777383,72,10.10.21.6
disparityBoltSub,303,30,1531606777311,1531606777431,120,10.10.21.6
disparityBoltSub,303,31,1531606777313,1531606777358,45,10.10.21.7
disparityBolt,303,0,0,0,143,0
mergeBolt,303,0,1531606777435,1531606777450,15,10.10.21.6
reprojectionBolt,303,0,1531606777451,1531606777492,41,null
overall,303,0,1531606777207,1531606777492,285,0
videoSpout,304,0,1531606777719,1531606777724,5,10.10.21.7
rectificationBolt,304,0,1531606777742,1531606777764,22,10.10.21.6
partitionBolt,304,0,1531606777764,1531606777781,17,10.10.21.6
disparityBoltSub,304,0,1531606777784,1531606777832,48,10.10.21.7
disparityBoltSub,304,1,1531606777785,1531606777897,112,10.10.21.7
disparityBoltSub,304,2,1531606777787,1531606777860,73,10.10.21.7
disparityBoltSub,304,3,1531606777785,1531606777871,86,10.10.21.6
disparityBoltSub,304,4,1531606777786,1531606777855,69,10.10.21.6
disparityBoltSub,304,5,1531606777789,1531606777873,84,10.10.21.7
disparityBoltSub,304,6,1531606777790,1531606777872,82,10.10.21.7
disparityBoltSub,304,7,1531606777787,1531606777861,74,10.10.21.6
disparityBoltSub,304,8,1531606777785,1531606777883,98,10.10.21.6
disparityBoltSub,304,9,1531606777794,1531606777872,78,10.10.21.7
disparityBoltSub,304,10,1531606777791,1531606777874,83,10.10.21.7
disparityBoltSub,304,11,1531606777795,1531606777874,79,10.10.21.7
disparityBoltSub,304,12,1531606777788,1531606777883,95,10.10.21.6
disparityBoltSub,304,13,1531606777789,1531606777867,78,10.10.21.6
disparityBoltSub,304,14,1531606777791,1531606777878,87,10.10.21.6
disparityBoltSub,304,15,1531606777791,1531606777867,76,10.10.21.6
disparityBoltSub,304,16,1531606777789,1531606777883,94,10.10.21.6
disparityBoltSub,304,17,1531606777791,1531606777870,79,10.10.21.6
disparityBoltSub,304,18,1531606777790,1531606777886,96,10.10.21.6
disparityBoltSub,304,19,1531606777793,1531606777866,73,10.10.21.7
disparityBoltSub,304,20,1531606777797,1531606777883,86,10.10.21.7
disparityBoltSub,304,21,1531606777798,1531606777876,78,10.10.21.7
disparityBoltSub,304,22,1531606777792,1531606777904,112,10.10.21.6
disparityBoltSub,304,23,1531606777795,1531606777875,80,10.10.21.7
disparityBoltSub,304,24,1531606777797,1531606777876,79,10.10.21.7
disparityBoltSub,304,25,1531606777799,1531606777913,114,10.10.21.7
disparityBoltSub,304,26,1531606777801,1531606777873,72,10.10.21.7
disparityBoltSub,304,27,1531606777799,1531606777875,76,10.10.21.7
disparityBoltSub,304,28,1531606777803,1531606777873,70,10.10.21.7
disparityBoltSub,304,29,1531606777795,1531606777902,107,10.10.21.6
disparityBoltSub,304,30,1531606777802,1531606777875,73,10.10.21.7
disparityBoltSub,304,31,1531606777798,1531606777845,47,10.10.21.6
disparityBolt,304,0,0,0,129,0
mergeBolt,304,0,1531606777914,1531606777929,15,10.10.21.6
reprojectionBolt,304,0,1531606777929,1531606777968,39,null
overall,304,0,1531606777719,1531606777968,249,0
videoSpout,305,0,1531606778224,1531606778230,6,10.10.21.7
rectificationBolt,305,0,1531606778248,1531606778277,29,10.10.21.6
partitionBolt,305,0,1531606778277,1531606778296,19,10.10.21.6
disparityBoltSub,305,0,1531606778298,1531606778342,44,10.10.21.6
disparityBoltSub,305,1,1531606778300,1531606778375,75,10.10.21.7
disparityBoltSub,305,2,1531606778298,1531606778370,72,10.10.21.6
disparityBoltSub,305,3,1531606778302,1531606778373,71,10.10.21.6
disparityBoltSub,305,4,1531606778299,1531606778374,75,10.10.21.6
disparityBoltSub,305,5,1531606778302,1531606778372,70,10.10.21.7
disparityBoltSub,305,6,1531606778302,1531606778379,77,10.10.21.6
disparityBoltSub,305,7,1531606778304,1531606778434,130,10.10.21.7
disparityBoltSub,305,8,1531606778305,1531606778375,70,10.10.21.7
disparityBoltSub,305,9,1531606778307,1531606778375,68,10.10.21.7
disparityBoltSub,305,10,1531606778308,1531606778435,127,10.10.21.7
disparityBoltSub,305,11,1531606778303,1531606778374,71,10.10.21.6
disparityBoltSub,305,12,1531606778310,1531606778380,70,10.10.21.7
disparityBoltSub,305,13,1531606778307,1531606778380,73,10.10.21.7
disparityBoltSub,305,14,1531606778306,1531606778375,69,10.10.21.7
disparityBoltSub,305,15,1531606778308,1531606778384,76,10.10.21.6
disparityBoltSub,305,16,1531606778306,1531606778383,77,10.10.21.6
disparityBoltSub,305,17,1531606778312,1531606778386,74,10.10.21.7
disparityBoltSub,305,18,1531606778308,1531606778394,86,10.10.21.6
disparityBoltSub,305,19,1531606778309,1531606778384,75,10.10.21.7
disparityBoltSub,305,20,1531606778313,1531606778385,72,10.10.21.7
disparityBoltSub,305,21,1531606778317,1531606778394,77,10.10.21.7
disparityBoltSub,305,22,1531606778316,1531606778389,73,10.10.21.7
disparityBoltSub,305,23,1531606778308,1531606778387,79,10.10.21.6
disparityBoltSub,305,24,1531606778319,1531606778392,73,10.10.21.7
disparityBoltSub,305,25,1531606778311,1531606778381,70,10.10.21.7
disparityBoltSub,305,26,1531606778313,1531606778388,75,10.10.21.6
disparityBoltSub,305,27,1531606778312,1531606778385,73,10.10.21.6
disparityBoltSub,305,28,1531606778320,1531606778393,73,10.10.21.7
disparityBoltSub,305,29,1531606778315,1531606778386,71,10.10.21.6
disparityBoltSub,305,30,1531606778312,1531606778387,75,10.10.21.6
disparityBoltSub,305,31,1531606778316,1531606778356,40,10.10.21.7
disparityBolt,305,0,0,0,137,0
mergeBolt,305,0,1531606778436,1531606778452,16,10.10.21.6
reprojectionBolt,305,0,1531606778452,1531606778491,39,null
overall,305,0,1531606778224,1531606778491,267,0
videoSpout,306,0,1531606778730,1531606778735,5,10.10.21.7
rectificationBolt,306,0,1531606778763,1531606778791,28,10.10.21.6
partitionBolt,306,0,1531606778791,1531606778810,19,10.10.21.6
disparityBoltSub,306,0,1531606778813,1531606778859,46,10.10.21.7
disparityBoltSub,306,1,1531606778814,1531606778886,72,10.10.21.7
disparityBoltSub,306,2,1531606778814,1531606778894,80,10.10.21.6
disparityBoltSub,306,3,1531606778812,1531606778884,72,10.10.21.6
disparityBoltSub,306,4,1531606778815,1531606778881,66,10.10.21.7
disparityBoltSub,306,5,1531606778813,1531606778885,72,10.10.21.6
disparityBoltSub,306,6,1531606778817,1531606778891,74,10.10.21.7
disparityBoltSub,306,7,1531606778816,1531606778897,81,10.10.21.6
disparityBoltSub,306,8,1531606778820,1531606778890,70,10.10.21.7
disparityBoltSub,306,9,1531606778818,1531606778889,71,10.10.21.7
disparityBoltSub,306,10,1531606778822,1531606778894,72,10.10.21.7
disparityBoltSub,306,11,1531606778817,1531606778890,73,10.10.21.6
disparityBoltSub,306,12,1531606778819,1531606778893,74,10.10.21.6
disparityBoltSub,306,13,1531606778823,1531606778896,73,10.10.21.7
disparityBoltSub,306,14,1531606778818,1531606778935,117,10.10.21.6
disparityBoltSub,306,15,1531606778825,1531606778897,72,10.10.21.7
disparityBoltSub,306,16,1531606778819,1531606778890,71,10.10.21.6
disparityBoltSub,306,17,1531606778822,1531606778901,79,10.10.21.6
disparityBoltSub,306,18,1531606778821,1531606778899,78,10.10.21.6
disparityBoltSub,306,19,1531606778826,1531606778899,73,10.10.21.7
disparityBoltSub,306,20,1531606778823,1531606778901,78,10.10.21.6
disparityBoltSub,306,21,1531606778824,1531606778898,74,10.10.21.6
disparityBoltSub,306,22,1531606778821,1531606778897,76,10.10.21.6
disparityBoltSub,306,23,1531606778822,1531606778896,74,10.10.21.6
disparityBoltSub,306,24,1531606778821,1531606778924,103,10.10.21.6
disparityBoltSub,306,25,1531606778825,1531606778892,67,10.10.21.7
disparityBoltSub,306,26,1531606778828,1531606778900,72,10.10.21.7
disparityBoltSub,306,27,1531606778826,1531606778902,76,10.10.21.6
disparityBoltSub,306,28,1531606778823,1531606778895,72,10.10.21.6
disparityBoltSub,306,29,1531606778828,1531606778899,71,10.10.21.7
disparityBoltSub,306,30,1531606778826,1531606778915,89,10.10.21.6
disparityBoltSub,306,31,1531606778825,1531606778867,42,10.10.21.6
disparityBolt,306,0,0,0,123,0
mergeBolt,306,0,1531606778936,1531606778952,16,10.10.21.6
reprojectionBolt,306,0,1531606778952,1531606778991,39,null
overall,306,0,1531606778730,1531606778991,261,0
videoSpout,307,0,1531606779236,1531606779240,4,10.10.21.7
rectificationBolt,307,0,1531606779259,1531606779289,30,10.10.21.6
partitionBolt,307,0,1531606779289,1531606779338,49,10.10.21.6
disparityBoltSub,307,0,1531606779342,1531606779383,41,10.10.21.7
disparityBoltSub,307,1,1531606779341,1531606779416,75,10.10.21.6
disparityBoltSub,307,2,1531606779344,1531606779414,70,10.10.21.6
disparityBoltSub,307,3,1531606779343,1531606779413,70,10.10.21.6
disparityBoltSub,307,4,1531606779341,1531606779411,70,10.10.21.6
disparityBoltSub,307,5,1531606779341,1531606779418,77,10.10.21.6
disparityBoltSub,307,6,1531606779345,1531606779456,111,10.10.21.6
disparityBoltSub,307,7,1531606779342,1531606779411,69,10.10.21.6
disparityBoltSub,307,8,1531606779346,1531606779417,71,10.10.21.7
disparityBoltSub,307,9,1531606779346,1531606779419,73,10.10.21.7
disparityBoltSub,307,10,1531606779347,1531606779418,71,10.10.21.7
disparityBoltSub,307,11,1531606779349,1531606779420,71,10.10.21.7
disparityBoltSub,307,12,1531606779353,1531606779423,70,10.10.21.7
disparityBoltSub,307,13,1531606779345,1531606779415,70,10.10.21.6
disparityBoltSub,307,14,1531606779351,1531606779421,70,10.10.21.7
disparityBoltSub,307,15,1531606779347,1531606779428,81,10.10.21.6
disparityBoltSub,307,16,1531606779354,1531606779457,103,10.10.21.7
disparityBoltSub,307,17,1531606779347,1531606779428,81,10.10.21.6
disparityBoltSub,307,18,1531606779357,1531606779431,74,10.10.21.7
disparityBoltSub,307,19,1531606779355,1531606779431,76,10.10.21.7
disparityBoltSub,307,20,1531606779348,1531606779422,74,10.10.21.6
disparityBoltSub,307,21,1531606779359,1531606779433,74,10.10.21.7
disparityBoltSub,307,22,1531606779349,1531606779462,113,10.10.21.6
disparityBoltSub,307,23,1531606779351,1531606779427,76,10.10.21.6
disparityBoltSub,307,24,1531606779360,1531606779430,70,10.10.21.7
disparityBoltSub,307,25,1531606779352,1531606779427,75,10.10.21.6
disparityBoltSub,307,26,1531606779361,1531606779434,73,10.10.21.7
disparityBoltSub,307,27,1531606779354,1531606779463,109,10.10.21.6
disparityBoltSub,307,28,1531606779354,1531606779423,69,10.10.21.6
disparityBoltSub,307,29,1531606779354,1531606779427,73,10.10.21.6
disparityBoltSub,307,30,1531606779362,1531606779466,104,10.10.21.7
disparityBoltSub,307,31,1531606779352,1531606779430,78,10.10.21.6
disparityBolt,307,0,0,0,125,0
mergeBolt,307,0,1531606779467,1531606779483,16,10.10.21.6
reprojectionBolt,307,0,1531606779483,1531606779522,39,null
overall,307,0,1531606779236,1531606779522,286,0
videoSpout,308,0,1531606779740,1531606779745,5,10.10.21.7
rectificationBolt,308,0,1531606779764,1531606779794,30,10.10.21.6
partitionBolt,308,0,1531606779795,1531606779813,18,10.10.21.6
disparityBoltSub,308,0,1531606779816,1531606779865,49,10.10.21.6
disparityBoltSub,308,1,1531606779818,1531606779891,73,10.10.21.7
disparityBoltSub,308,2,1531606779819,1531606779950,131,10.10.21.7
disparityBoltSub,308,3,1531606779819,1531606779893,74,10.10.21.7
disparityBoltSub,308,4,1531606779820,1531606779895,75,10.10.21.7
disparityBoltSub,308,5,1531606779821,1531606779954,133,10.10.21.7
disparityBoltSub,308,6,1531606779817,1531606779906,89,10.10.21.6
disparityBoltSub,308,7,1531606779818,1531606779906,88,10.10.21.6
disparityBoltSub,308,8,1531606779822,1531606779894,72,10.10.21.7
disparityBoltSub,308,9,1531606779822,1531606779895,73,10.10.21.7
disparityBoltSub,308,10,1531606779824,1531606779953,129,10.10.21.7
disparityBoltSub,308,11,1531606779821,1531606779894,73,10.10.21.6
disparityBoltSub,308,12,1531606779822,1531606779953,131,10.10.21.6
disparityBoltSub,308,13,1531606779823,1531606779955,132,10.10.21.7
disparityBoltSub,308,14,1531606779825,1531606779956,131,10.10.21.7
disparityBoltSub,308,15,1531606779821,1531606779956,135,10.10.21.6
disparityBoltSub,308,16,1531606779832,1531606779963,131,10.10.21.6
disparityBoltSub,308,17,1531606779822,1531606779947,125,10.10.21.6
disparityBoltSub,308,18,1531606779822,1531606779907,85,10.10.21.6
disparityBoltSub,308,19,1531606779822,1531606779959,137,10.10.21.6
disparityBoltSub,308,20,1531606779822,1531606779955,133,10.10.21.6
disparityBoltSub,308,21,1531606779822,1531606779907,85,10.10.21.6
disparityBoltSub,308,22,1531606779827,1531606779901,74,10.10.21.7
disparityBoltSub,308,23,1531606779828,1531606779899,71,10.10.21.7
disparityBoltSub,308,24,1531606779853,1531606779925,72,10.10.21.7
disparityBoltSub,308,25,1531606779829,1531606779959,130,10.10.21.7
disparityBoltSub,308,26,1531606779853,1531606779929,76,10.10.21.7
disparityBoltSub,308,27,1531606779828,1531606779917,89,10.10.21.6
disparityBoltSub,308,28,1531606779853,1531606779924,71,10.10.21.6
disparityBoltSub,308,29,1531606779855,1531606779927,72,10.10.21.7
disparityBoltSub,308,30,1531606779857,1531606779928,71,10.10.21.7
disparityBoltSub,308,31,1531606779858,1531606779899,41,10.10.21.7
disparityBolt,308,0,0,0,147,0
mergeBolt,308,0,1531606779964,1531606779980,16,10.10.21.6
reprojectionBolt,308,0,1531606779979,1531606780022,43,null
overall,308,0,1531606779740,1531606780022,282,0
videoSpout,309,0,1531606780245,1531606780256,11,10.10.21.7
rectificationBolt,309,0,1531606780275,1531606780305,30,10.10.21.6
partitionBolt,309,0,1531606780305,1531606780323,18,10.10.21.6
disparityBoltSub,309,0,1531606780323,1531606780367,44,10.10.21.6
disparityBoltSub,309,1,1531606780328,1531606780402,74,10.10.21.7
disparityBoltSub,309,2,1531606780326,1531606780403,77,10.10.21.6
disparityBoltSub,309,3,1531606780328,1531606780405,77,10.10.21.6
disparityBoltSub,309,4,1531606780325,1531606780395,70,10.10.21.6
disparityBoltSub,309,5,1531606780328,1531606780396,68,10.10.21.6
disparityBoltSub,309,6,1531606780329,1531606780400,71,10.10.21.7
disparityBoltSub,309,7,1531606780329,1531606780402,73,10.10.21.6
disparityBoltSub,309,8,1531606780330,1531606780408,78,10.10.21.6
disparityBoltSub,309,9,1531606780331,1531606780399,68,10.10.21.7
disparityBoltSub,309,10,1531606780331,1531606780401,70,10.10.21.6
disparityBoltSub,309,11,1531606780332,1531606780403,71,10.10.21.7
disparityBoltSub,309,12,1531606780332,1531606780405,73,10.10.21.6
disparityBoltSub,309,13,1531606780330,1531606780401,71,10.10.21.6
disparityBoltSub,309,14,1531606780332,1531606780401,69,10.10.21.7
disparityBoltSub,309,15,1531606780333,1531606780403,70,10.10.21.7
disparityBoltSub,309,16,1531606780332,1531606780408,76,10.10.21.6
disparityBoltSub,309,17,1531606780333,1531606780409,76,10.10.21.6
disparityBoltSub,309,18,1531606780332,1531606780409,77,10.10.21.6
disparityBoltSub,309,19,1531606780335,1531606780410,75,10.10.21.6
disparityBoltSub,309,20,1531606780336,1531606780410,74,10.10.21.7
disparityBoltSub,309,21,1531606780337,1531606780410,73,10.10.21.7
disparityBoltSub,309,22,1531606780338,1531606780414,76,10.10.21.7
disparityBoltSub,309,23,1531606780335,1531606780412,77,10.10.21.6
disparityBoltSub,309,24,1531606780337,1531606780414,77,10.10.21.6
disparityBoltSub,309,25,1531606780338,1531606780408,70,10.10.21.6
disparityBoltSub,309,26,1531606780339,1531606780408,69,10.10.21.7
disparityBoltSub,309,27,1531606780339,1531606780411,72,10.10.21.6
disparityBoltSub,309,28,1531606780338,1531606780413,75,10.10.21.6
disparityBoltSub,309,29,1531606780341,1531606780419,78,10.10.21.6
disparityBoltSub,309,30,1531606780341,1531606780409,68,10.10.21.7
disparityBoltSub,309,31,1531606780340,1531606780381,41,10.10.21.6
disparityBolt,309,0,0,0,96,0
mergeBolt,309,0,1531606780420,1531606780435,15,10.10.21.6
reprojectionBolt,309,0,1531606780435,1531606780475,40,null
overall,309,0,1531606780245,1531606780475,230,0
videoSpout,310,0,1531606780756,1531606780760,4,10.10.21.7
rectificationBolt,310,0,1531606780779,1531606780810,31,10.10.21.6
partitionBolt,310,0,1531606780810,1531606780830,20,10.10.21.6
disparityBoltSub,310,0,1531606780832,1531606780876,44,10.10.21.7
disparityBoltSub,310,1,1531606780831,1531606780904,73,10.10.21.6
disparityBoltSub,310,2,1531606780835,1531606780956,121,10.10.21.7
disparityBoltSub,310,3,1531606780835,1531606780909,74,10.10.21.7
disparityBoltSub,310,4,1531606780836,1531606780910,74,10.10.21.6
disparityBoltSub,310,5,1531606780837,1531606780913,76,10.10.21.7
disparityBoltSub,310,6,1531606780837,1531606780911,74,10.10.21.7
disparityBoltSub,310,7,1531606780837,1531606780910,73,10.10.21.6
disparityBoltSub,310,8,1531606780839,1531606780910,71,10.10.21.7
disparityBoltSub,310,9,1531606780836,1531606780910,74,10.10.21.6
disparityBoltSub,310,10,1531606780840,1531606780961,121,10.10.21.7
disparityBoltSub,310,11,1531606780838,1531606780907,69,10.10.21.6
disparityBoltSub,310,12,1531606780840,1531606780913,73,10.10.21.7
disparityBoltSub,310,13,1531606780842,1531606780915,73,10.10.21.7
disparityBoltSub,310,14,1531606780840,1531606780945,105,10.10.21.6
disparityBoltSub,310,15,1531606780840,1531606780970,130,10.10.21.6
disparityBoltSub,310,16,1531606780840,1531606780912,72,10.10.21.6
disparityBoltSub,310,17,1531606780840,1531606780913,73,10.10.21.6
disparityBoltSub,310,18,1531606780840,1531606780916,76,10.10.21.6
disparityBoltSub,310,19,1531606780840,1531606780912,72,10.10.21.6
disparityBoltSub,310,20,1531606780843,1531606780917,74,10.10.21.6
disparityBoltSub,310,21,1531606780841,1531606780914,73,10.10.21.6
disparityBoltSub,310,22,1531606780846,1531606780923,77,10.10.21.7
disparityBoltSub,310,23,1531606780845,1531606780918,73,10.10.21.7
disparityBoltSub,310,24,1531606780843,1531606780947,104,10.10.21.6
disparityBoltSub,310,25,1531606780844,1531606780974,130,10.10.21.6
disparityBoltSub,310,26,1531606780848,1531606780964,116,10.10.21.7
disparityBoltSub,310,27,1531606780847,1531606780918,71,10.10.21.7
disparityBoltSub,310,28,1531606780850,1531606780925,75,10.10.21.7
disparityBoltSub,310,29,1531606780846,1531606780920,74,10.10.21.6
disparityBoltSub,310,30,1531606780852,1531606780970,118,10.10.21.7
disparityBoltSub,310,31,1531606780851,1531606780895,44,10.10.21.7
disparityBolt,310,0,0,0,143,0
mergeBolt,310,0,1531606780976,1531606780991,15,10.10.21.6
reprojectionBolt,310,0,1531606780991,1531606781031,40,null
overall,310,0,1531606780756,1531606781031,275,0
videoSpout,311,0,1531606781261,1531606781265,4,10.10.21.7
rectificationBolt,311,0,1531606781285,1531606781307,22,10.10.21.6
partitionBolt,311,0,1531606781307,1531606781347,40,10.10.21.6
disparityBoltSub,311,0,1531606781350,1531606781391,41,10.10.21.7
disparityBoltSub,311,1,1531606781348,1531606781422,74,10.10.21.6
disparityBoltSub,311,2,1531606781349,1531606781427,78,10.10.21.6
disparityBoltSub,311,3,1531606781352,1531606781426,74,10.10.21.7
disparityBoltSub,311,4,1531606781350,1531606781457,107,10.10.21.6
disparityBoltSub,311,5,1531606781353,1531606781426,73,10.10.21.6
disparityBoltSub,311,6,1531606781353,1531606781435,82,10.10.21.6
disparityBoltSub,311,7,1531606781354,1531606781427,73,10.10.21.7
disparityBoltSub,311,8,1531606781355,1531606781425,70,10.10.21.7
disparityBoltSub,311,9,1531606781354,1531606781424,70,10.10.21.6
disparityBoltSub,311,10,1531606781357,1531606781427,70,10.10.21.7
disparityBoltSub,311,11,1531606781356,1531606781465,109,10.10.21.6
disparityBoltSub,311,12,1531606781359,1531606781430,71,10.10.21.7
disparityBoltSub,311,13,1531606781356,1531606781463,107,10.10.21.6
disparityBoltSub,311,14,1531606781358,1531606781465,107,10.10.21.6
disparityBoltSub,311,15,1531606781358,1531606781433,75,10.10.21.6
disparityBoltSub,311,16,1531606781357,1531606781426,69,10.10.21.6
disparityBoltSub,311,17,1531606781365,1531606781445,80,10.10.21.6
disparityBoltSub,311,18,1531606781366,1531606781443,77,10.10.21.6
disparityBoltSub,311,19,1531606781366,1531606781439,73,10.10.21.6
disparityBoltSub,311,20,1531606781359,1531606781434,75,10.10.21.6
disparityBoltSub,311,21,1531606781361,1531606781435,74,10.10.21.7
disparityBoltSub,311,22,1531606781360,1531606781433,73,10.10.21.6
disparityBoltSub,311,23,1531606781367,1531606781439,72,10.10.21.6
disparityBoltSub,311,24,1531606781360,1531606781430,70,10.10.21.6
disparityBoltSub,311,25,1531606781363,1531606781432,69,10.10.21.7
disparityBoltSub,311,26,1531606781365,1531606781434,69,10.10.21.7
disparityBoltSub,311,27,1531606781364,1531606781434,70,10.10.21.7
disparityBoltSub,311,28,1531606781367,1531606781438,71,10.10.21.7
disparityBoltSub,311,29,1531606781368,1531606781478,110,10.10.21.6
disparityBoltSub,311,30,1531606781369,1531606781439,70,10.10.21.6
disparityBoltSub,311,31,1531606781364,1531606781442,78,10.10.21.6
disparityBolt,311,0,0,0,130,0
mergeBolt,311,0,1531606781479,1531606781494,15,10.10.21.6
reprojectionBolt,311,0,1531606781494,1531606781534,40,null
overall,311,0,1531606781261,1531606781534,273,0
videoSpout,312,0,1531606781765,1531606781769,4,10.10.21.7
rectificationBolt,312,0,1531606781786,1531606781816,30,10.10.21.6
partitionBolt,312,0,1531606781816,1531606781834,18,10.10.21.6
disparityBoltSub,312,0,1531606781837,1531606781879,42,10.10.21.7
disparityBoltSub,312,1,1531606781835,1531606781914,79,10.10.21.6
disparityBoltSub,312,2,1531606781846,1531606781915,69,10.10.21.7
disparityBoltSub,312,3,1531606781839,1531606781917,78,10.10.21.7
disparityBoltSub,312,4,1531606781840,1531606781915,75,10.10.21.7
disparityBoltSub,312,5,1531606781837,1531606781917,80,10.10.21.6
disparityBoltSub,312,6,1531606781843,1531606781918,75,10.10.21.7
disparityBoltSub,312,7,1531606781843,1531606781915,72,10.10.21.7
disparityBoltSub,312,8,1531606781868,1531606781942,74,10.10.21.7
disparityBoltSub,312,9,1531606781870,1531606781939,69,10.10.21.7
disparityBoltSub,312,10,1531606781842,1531606781916,74,10.10.21.6
disparityBoltSub,312,11,1531606781843,1531606781919,76,10.10.21.6
disparityBoltSub,312,12,1531606781844,1531606781920,76,10.10.21.6
disparityBoltSub,312,13,1531606781842,1531606781914,72,10.10.21.6
disparityBoltSub,312,14,1531606781844,1531606781935,91,10.10.21.6
disparityBoltSub,312,15,1531606781867,1531606781941,74,10.10.21.6
disparityBoltSub,312,16,1531606781871,1531606781941,70,10.10.21.7
disparityBoltSub,312,17,1531606781869,1531606781951,82,10.10.21.6
disparityBoltSub,312,18,1531606781844,1531606781999,155,10.10.21.6
disparityBoltSub,312,19,1531606781870,1531606781943,73,10.10.21.6
disparityBoltSub,312,20,1531606781844,1531606781980,136,10.10.21.6
disparityBoltSub,312,21,1531606781862,1531606781936,74,10.10.21.6
disparityBoltSub,312,22,1531606781870,1531606781946,76,10.10.21.6
disparityBoltSub,312,23,1531606781872,1531606781946,74,10.10.21.6
disparityBoltSub,312,24,1531606781871,1531606781963,92,10.10.21.6
disparityBoltSub,312,25,1531606781868,1531606781997,129,10.10.21.6
disparityBoltSub,312,26,1531606781870,1531606781939,69,10.10.21.6
disparityBoltSub,312,27,1531606781872,1531606781948,76,10.10.21.6
disparityBoltSub,312,28,1531606781873,1531606781945,72,10.10.21.7
disparityBoltSub,312,29,1531606781873,1531606781942,69,10.10.21.6
disparityBoltSub,312,30,1531606781871,1531606781940,69,10.10.21.6
disparityBoltSub,312,31,1531606781874,1531606781914,40,10.10.21.7
disparityBolt,312,0,0,0,164,0
mergeBolt,312,0,1531606781999,1531606782014,15,10.10.21.6
reprojectionBolt,312,0,1531606782014,1531606782053,39,null
overall,312,0,1531606781765,1531606782053,288,0
videoSpout,313,0,1531606782269,1531606782274,5,10.10.21.7
rectificationBolt,313,0,1531606782294,1531606782323,29,10.10.21.6
partitionBolt,313,0,1531606782323,1531606782342,19,10.10.21.6
disparityBoltSub,313,0,1531606782343,1531606782385,42,10.10.21.6
disparityBoltSub,313,1,1531606782346,1531606782420,74,10.10.21.7
disparityBoltSub,313,2,1531606782346,1531606782422,76,10.10.21.6
disparityBoltSub,313,3,1531606782347,1531606782420,73,10.10.21.7
disparityBoltSub,313,4,1531606782348,1531606782420,72,10.10.21.7
disparityBoltSub,313,5,1531606782349,1531606782422,73,10.10.21.6
disparityBoltSub,313,6,1531606782346,1531606782417,71,10.10.21.6
disparityBoltSub,313,7,1531606782348,1531606782421,73,10.10.21.6
disparityBoltSub,313,8,1531606782351,1531606782425,74,10.10.21.6
disparityBoltSub,313,9,1531606782350,1531606782422,72,10.10.21.7
disparityBoltSub,313,10,1531606782351,1531606782426,75,10.10.21.7
disparityBoltSub,313,11,1531606782351,1531606782424,73,10.10.21.6
disparityBoltSub,313,12,1531606782352,1531606782423,71,10.10.21.6
disparityBoltSub,313,13,1531606782352,1531606782423,71,10.10.21.6
disparityBoltSub,313,14,1531606782353,1531606782472,119,10.10.21.7
disparityBoltSub,313,15,1531606782354,1531606782426,72,10.10.21.6
disparityBoltSub,313,16,1531606782351,1531606782424,73,10.10.21.6
disparityBoltSub,313,17,1531606782351,1531606782427,76,10.10.21.6
disparityBoltSub,313,18,1531606782355,1531606782426,71,10.10.21.6
disparityBoltSub,313,19,1531606782352,1531606782426,74,10.10.21.6
disparityBoltSub,313,20,1531606782355,1531606782431,76,10.10.21.7
disparityBoltSub,313,21,1531606782353,1531606782429,76,10.10.21.6
disparityBoltSub,313,22,1531606782359,1531606782436,77,10.10.21.7
disparityBoltSub,313,23,1531606782356,1531606782462,106,10.10.21.7
disparityBoltSub,313,24,1531606782362,1531606782448,86,10.10.21.7
disparityBoltSub,313,25,1531606782360,1531606782435,75,10.10.21.7
disparityBoltSub,313,26,1531606782360,1531606782432,72,10.10.21.7
disparityBoltSub,313,27,1531606782358,1531606782432,74,10.10.21.7
disparityBoltSub,313,28,1531606782358,1531606782431,73,10.10.21.6
disparityBoltSub,313,29,1531606782365,1531606782436,71,10.10.21.7
disparityBoltSub,313,30,1531606782364,1531606782436,72,10.10.21.7
disparityBoltSub,313,31,1531606782366,1531606782411,45,10.10.21.7
disparityBolt,313,0,0,0,129,0
mergeBolt,313,0,1531606782473,1531606782488,15,10.10.21.6
reprojectionBolt,313,0,1531606782488,1531606782534,46,null
overall,313,0,1531606782269,1531606782534,265,0
videoSpout,314,0,1531606782774,1531606782778,4,10.10.21.7
rectificationBolt,314,0,1531606782796,1531606782826,30,10.10.21.6
partitionBolt,314,0,1531606782826,1531606782846,20,10.10.21.6
disparityBoltSub,314,0,1531606782849,1531606782896,47,10.10.21.6
disparityBoltSub,314,1,1531606782847,1531606782922,75,10.10.21.6
disparityBoltSub,314,2,1531606782847,1531606782924,77,10.10.21.6
disparityBoltSub,314,3,1531606782858,1531606782930,72,10.10.21.6
disparityBoltSub,314,4,1531606782852,1531606782929,77,10.10.21.7
disparityBoltSub,314,5,1531606782859,1531606782981,122,10.10.21.6
disparityBoltSub,314,6,1531606782853,1531606782925,72,10.10.21.7
disparityBoltSub,314,7,1531606782854,1531606782927,73,10.10.21.7
disparityBoltSub,314,8,1531606782860,1531606782974,114,10.10.21.6
disparityBoltSub,314,9,1531606782851,1531606782968,117,10.10.21.6
disparityBoltSub,314,10,1531606782856,1531606782927,71,10.10.21.7
disparityBoltSub,314,11,1531606782854,1531606782932,78,10.10.21.7
disparityBoltSub,314,12,1531606782853,1531606782973,120,10.10.21.6
disparityBoltSub,314,13,1531606782859,1531606782930,71,10.10.21.7
disparityBoltSub,314,14,1531606782858,1531606782929,71,10.10.21.7
disparityBoltSub,314,15,1531606782863,1531606782937,74,10.10.21.6
disparityBoltSub,314,16,1531606782861,1531606782991,130,10.10.21.6
disparityBoltSub,314,17,1531606782859,1531606782933,74,10.10.21.7
disparityBoltSub,314,18,1531606782858,1531606782932,74,10.10.21.7
disparityBoltSub,314,19,1531606782861,1531606782934,73,10.10.21.7
disparityBoltSub,314,20,1531606782863,1531606782943,80,10.10.21.6
disparityBoltSub,314,21,1531606782864,1531606782939,75,10.10.21.7
disparityBoltSub,314,22,1531606782863,1531606782970,107,10.10.21.7
disparityBoltSub,314,23,1531606782858,1531606782935,77,10.10.21.6
disparityBoltSub,314,24,1531606782864,1531606782940,76,10.10.21.6
disparityBoltSub,314,25,1531606782863,1531606782952,89,10.10.21.6
disparityBoltSub,314,26,1531606782864,1531606782991,127,10.10.21.6
disparityBoltSub,314,27,1531606782862,1531606782967,105,10.10.21.7
disparityBoltSub,314,28,1531606782860,1531606782935,75,10.10.21.6
disparityBoltSub,314,29,1531606782866,1531606782944,78,10.10.21.6
disparityBoltSub,314,30,1531606782864,1531606782938,74,10.10.21.7
disparityBoltSub,314,31,1531606782865,1531606782906,41,10.10.21.7
disparityBolt,314,0,0,0,144,0
mergeBolt,314,0,1531606782993,1531606783007,14,10.10.21.6
reprojectionBolt,314,0,1531606783007,1531606783047,40,null
overall,314,0,1531606782774,1531606783047,273,0
videoSpout,315,0,1531606783278,1531606783284,6,10.10.21.7
rectificationBolt,315,0,1531606783303,1531606783364,61,10.10.21.6
partitionBolt,315,0,1531606783364,1531606783383,19,10.10.21.6
disparityBoltSub,315,0,1531606783384,1531606783426,42,10.10.21.6
disparityBoltSub,315,1,1531606783387,1531606783458,71,10.10.21.7
disparityBoltSub,315,2,1531606783387,1531606783499,112,10.10.21.6
disparityBoltSub,315,3,1531606783388,1531606783459,71,10.10.21.7
disparityBoltSub,315,4,1531606783388,1531606783519,131,10.10.21.6
disparityBoltSub,315,5,1531606783390,1531606783458,68,10.10.21.6
disparityBoltSub,315,6,1531606783391,1531606783459,68,10.10.21.7
disparityBoltSub,315,7,1531606783390,1531606783460,70,10.10.21.7
disparityBoltSub,315,8,1531606783388,1531606783457,69,10.10.21.6
disparityBoltSub,315,9,1531606783391,1531606783461,70,10.10.21.6
disparityBoltSub,315,10,1531606783391,1531606783461,70,10.10.21.6
disparityBoltSub,315,11,1531606783393,1531606783463,70,10.10.21.7
disparityBoltSub,315,12,1531606783393,1531606783461,68,10.10.21.6
disparityBoltSub,315,13,1531606783391,1531606783459,68,10.10.21.6
disparityBoltSub,315,14,1531606783394,1531606783464,70,10.10.21.6
disparityBoltSub,315,15,1531606783394,1531606783465,71,10.10.21.6
disparityBoltSub,315,16,1531606783395,1531606783464,69,10.10.21.7
disparityBoltSub,315,17,1531606783396,1531606783467,71,10.10.21.7
disparityBoltSub,315,18,1531606783393,1531606783465,72,10.10.21.6
disparityBoltSub,315,19,1531606783395,1531606783469,74,10.10.21.6
disparityBoltSub,315,20,1531606783396,1531606783471,75,10.10.21.6
disparityBoltSub,315,21,1531606783395,1531606783528,133,10.10.21.6
disparityBoltSub,315,22,1531606783395,1531606783476,81,10.10.21.6
disparityBoltSub,315,23,1531606783400,1531606783472,72,10.10.21.7
disparityBoltSub,315,24,1531606783398,1531606783470,72,10.10.21.7
disparityBoltSub,315,25,1531606783399,1531606783468,69,10.10.21.6
disparityBoltSub,315,26,1531606783399,1531606783471,72,10.10.21.6
disparityBoltSub,315,27,1531606783401,1531606783472,71,10.10.21.7
disparityBoltSub,315,28,1531606783400,1531606783469,69,10.10.21.6
disparityBoltSub,315,29,1531606783402,1531606783472,70,10.10.21.7
disparityBoltSub,315,30,1531606783401,1531606783469,68,10.10.21.6
disparityBoltSub,315,31,1531606783402,1531606783479,77,10.10.21.6
disparityBolt,315,0,0,0,144,0
mergeBolt,315,0,1531606783529,1531606783544,15,10.10.21.6
reprojectionBolt,315,0,1531606783544,1531606783584,40,null
overall,315,0,1531606783278,1531606783584,306,0
videoSpout,316,0,1531606783784,1531606783789,5,10.10.21.7
rectificationBolt,316,0,1531606783806,1531606783836,30,10.10.21.6
partitionBolt,316,0,1531606783836,1531606783856,20,10.10.21.6
disparityBoltSub,316,0,1531606783859,1531606783901,42,10.10.21.7
disparityBoltSub,316,1,1531606783857,1531606783931,74,10.10.21.6
disparityBoltSub,316,2,1531606783861,1531606783940,79,10.10.21.7
disparityBoltSub,316,3,1531606783866,1531606783944,78,10.10.21.6
disparityBoltSub,316,4,1531606783867,1531606784008,141,10.10.21.7
disparityBoltSub,316,5,1531606783869,1531606783941,72,10.10.21.7
disparityBoltSub,316,6,1531606783865,1531606783938,73,10.10.21.6
disparityBoltSub,316,7,1531606783870,1531606784011,141,10.10.21.7
disparityBoltSub,316,8,1531606783868,1531606783941,73,10.10.21.6
disparityBoltSub,316,9,1531606783868,1531606783936,68,10.10.21.7
disparityBoltSub,316,10,1531606783870,1531606783939,69,10.10.21.6
disparityBoltSub,316,11,1531606783869,1531606783943,74,10.10.21.6
disparityBoltSub,316,12,1531606783867,1531606783978,111,10.10.21.6
disparityBoltSub,316,13,1531606783874,1531606783946,72,10.10.21.7
disparityBoltSub,316,14,1531606783872,1531606784001,129,10.10.21.7
disparityBoltSub,316,15,1531606783871,1531606783946,75,10.10.21.6
disparityBoltSub,316,16,1531606783872,1531606783946,74,10.10.21.7
disparityBoltSub,316,17,1531606783874,1531606784017,143,10.10.21.7
disparityBoltSub,316,18,1531606783876,1531606783952,76,10.10.21.7
disparityBoltSub,316,19,1531606783877,1531606784018,141,10.10.21.7
disparityBoltSub,316,20,1531606783873,1531606783948,75,10.10.21.6
disparityBoltSub,316,21,1531606783885,1531606784018,133,10.10.21.7
disparityBoltSub,316,22,1531606783878,1531606783962,84,10.10.21.7
disparityBoltSub,316,23,1531606783873,1531606783950,77,10.10.21.6
disparityBoltSub,316,24,1531606783887,1531606783962,75,10.10.21.7
disparityBoltSub,316,25,1531606783874,1531606783948,74,10.10.21.6
disparityBoltSub,316,26,1531606783889,1531606783962,73,10.10.21.7
disparityBoltSub,316,27,1531606783876,1531606783946,70,10.10.21.6
disparityBoltSub,316,28,1531606783891,1531606783965,74,10.10.21.7
disparityBoltSub,316,29,1531606783878,1531606783946,68,10.10.21.7
disparityBoltSub,316,30,1531606783876,1531606783951,75,10.10.21.6
disparityBoltSub,316,31,1531606783877,1531606783958,81,10.10.21.6
disparityBolt,316,0,0,0,161,0
mergeBolt,316,0,1531606784020,1531606784036,16,10.10.21.6
reprojectionBolt,316,0,1531606784036,1531606784076,40,null
overall,316,0,1531606783784,1531606784076,292,0
videoSpout,317,0,1531606784290,1531606784294,4,10.10.21.7
rectificationBolt,317,0,1531606784314,1531606784344,30,10.10.21.6
partitionBolt,317,0,1531606784345,1531606784364,19,10.10.21.6
disparityBoltSub,317,0,1531606784367,1531606784410,43,10.10.21.7
disparityBoltSub,317,1,1531606784367,1531606784501,134,10.10.21.6
disparityBoltSub,317,2,1531606784368,1531606784438,70,10.10.21.7
disparityBoltSub,317,3,1531606784367,1531606784464,97,10.10.21.6
disparityBoltSub,317,4,1531606784367,1531606784463,96,10.10.21.6
disparityBoltSub,317,5,1531606784369,1531606784442,73,10.10.21.7
disparityBoltSub,317,6,1531606784368,1531606784463,95,10.10.21.6
disparityBoltSub,317,7,1531606784368,1531606784481,113,10.10.21.6
disparityBoltSub,317,8,1531606784370,1531606784450,80,10.10.21.6
disparityBoltSub,317,9,1531606784376,1531606784466,90,10.10.21.6
disparityBoltSub,317,10,1531606784372,1531606784445,73,10.10.21.7
disparityBoltSub,317,11,1531606784374,1531606784448,74,10.10.21.7
disparityBoltSub,317,12,1531606784411,1531606784516,105,10.10.21.6
disparityBoltSub,317,13,1531606784379,1531606784446,67,10.10.21.7
disparityBoltSub,317,14,1531606784378,1531606784450,72,10.10.21.7
disparityBoltSub,317,15,1531606784411,1531606784482,71,10.10.21.7
disparityBoltSub,317,16,1531606784372,1531606784496,124,10.10.21.6
disparityBoltSub,317,17,1531606784413,1531606784487,74,10.10.21.7
disparityBoltSub,317,18,1531606784413,1531606784529,116,10.10.21.6
disparityBoltSub,317,19,1531606784413,1531606784486,73,10.10.21.6
disparityBoltSub,317,20,1531606784414,1531606784527,113,10.10.21.7
disparityBoltSub,317,21,1531606784416,1531606784546,130,10.10.21.7
disparityBoltSub,317,22,1531606784414,1531606784489,75,10.10.21.6
disparityBoltSub,317,23,1531606784417,1531606784489,72,10.10.21.6
disparityBoltSub,317,24,1531606784416,1531606784487,71,10.10.21.6
disparityBoltSub,317,25,1531606784418,1531606784490,72,10.10.21.6
disparityBoltSub,317,26,1531606784418,1531606784487,69,10.10.21.6
disparityBoltSub,317,27,1531606784418,1531606784488,70,10.10.21.6
disparityBoltSub,317,28,1531606784413,1531606784541,128,10.10.21.7
disparityBoltSub,317,29,1531606784410,1531606784480,70,10.10.21.6
disparityBoltSub,317,30,1531606784410,1531606784490,80,10.10.21.6
disparityBoltSub,317,31,1531606784416,1531606784493,77,10.10.21.7
disparityBolt,317,0,0,0,179,0
mergeBolt,317,0,1531606784547,1531606784563,16,10.10.21.6
reprojectionBolt,317,0,1531606784563,1531606784604,41,null
overall,317,0,1531606784290,1531606784604,314,0
videoSpout,318,0,1531606784794,1531606784798,4,10.10.21.7
rectificationBolt,318,0,1531606784816,1531606784837,21,10.10.21.6
partitionBolt,318,0,1531606784837,1531606784854,17,10.10.21.6
disparityBoltSub,318,0,1531606784857,1531606784902,45,10.10.21.7
disparityBoltSub,318,1,1531606784860,1531606784931,71,10.10.21.7
disparityBoltSub,318,2,1531606784859,1531606784930,71,10.10.21.7
disparityBoltSub,318,3,1531606784861,1531606784929,68,10.10.21.6
disparityBoltSub,318,4,1531606784859,1531606784930,71,10.10.21.6
disparityBoltSub,318,5,1531606784864,1531606784941,77,10.10.21.7
disparityBoltSub,318,6,1531606784861,1531606784933,72,10.10.21.7
disparityBoltSub,318,7,1531606784865,1531606784934,69,10.10.21.6
disparityBoltSub,318,8,1531606784859,1531606784935,76,10.10.21.6
disparityBoltSub,318,9,1531606784865,1531606784936,71,10.10.21.7
disparityBoltSub,318,10,1531606784867,1531606784940,73,10.10.21.7
disparityBoltSub,318,11,1531606784869,1531606785010,141,10.10.21.7
disparityBoltSub,318,12,1531606784861,1531606784941,80,10.10.21.6
disparityBoltSub,318,13,1531606784868,1531606784937,69,10.10.21.6
disparityBoltSub,318,14,1531606784865,1531606784946,81,10.10.21.6
disparityBoltSub,318,15,1531606784867,1531606784942,75,10.10.21.6
disparityBoltSub,318,16,1531606784863,1531606784932,69,10.10.21.6
disparityBoltSub,318,17,1531606784871,1531606784944,73,10.10.21.6
disparityBoltSub,318,18,1531606784864,1531606784939,75,10.10.21.6
disparityBoltSub,318,19,1531606784867,1531606785008,141,10.10.21.7
disparityBoltSub,318,20,1531606784870,1531606785011,141,10.10.21.7
disparityBoltSub,318,21,1531606784873,1531606784949,76,10.10.21.7
disparityBoltSub,318,22,1531606784866,1531606784945,79,10.10.21.6
disparityBoltSub,318,23,1531606784870,1531606784944,74,10.10.21.7
disparityBoltSub,318,24,1531606784872,1531606785010,138,10.10.21.7
disparityBoltSub,318,25,1531606784873,1531606784945,72,10.10.21.7
disparityBoltSub,318,26,1531606784876,1531606785012,136,10.10.21.7
disparityBoltSub,318,27,1531606784875,1531606785011,136,10.10.21.7
disparityBoltSub,318,28,1531606784878,1531606784952,74,10.10.21.7
disparityBoltSub,318,29,1531606784871,1531606784948,77,10.10.21.6
disparityBoltSub,318,30,1531606784880,1531606784954,74,10.10.21.7
disparityBoltSub,318,31,1531606784873,1531606784913,40,10.10.21.6
disparityBolt,318,0,0,0,155,0
mergeBolt,318,0,1531606785014,1531606785028,14,10.10.21.6
reprojectionBolt,318,0,1531606785029,1531606785103,74,null
overall,318,0,1531606784794,1531606785103,309,0
videoSpout,319,0,1531606785298,1531606785303,5,10.10.21.7
rectificationBolt,319,0,1531606785325,1531606785356,31,10.10.21.6
partitionBolt,319,0,1531606785356,1531606785375,19,10.10.21.6
disparityBoltSub,319,0,1531606785378,1531606785423,45,10.10.21.6
disparityBoltSub,319,1,1531606785380,1531606785451,71,10.10.21.7
disparityBoltSub,319,2,1531606785377,1531606785456,79,10.10.21.6
disparityBoltSub,319,3,1531606785379,1531606785449,70,10.10.21.6
disparityBoltSub,319,4,1531606785377,1531606785449,72,10.10.21.6
disparityBoltSub,319,5,1531606785381,1531606785465,84,10.10.21.7
disparityBoltSub,319,6,1531606785381,1531606785453,72,10.10.21.6
disparityBoltSub,319,7,1531606785382,1531606785511,129,10.10.21.7
disparityBoltSub,319,8,1531606785385,1531606785460,75,10.10.21.7
disparityBoltSub,319,9,1531606785386,1531606785528,142,10.10.21.7
disparityBoltSub,319,10,1531606785388,1531606785463,75,10.10.21.7
disparityBoltSub,319,11,1531606785382,1531606785488,106,10.10.21.6
disparityBoltSub,319,12,1531606785389,1531606785526,137,10.10.21.7
disparityBoltSub,319,13,1531606785387,1531606785515,128,10.10.21.7
disparityBoltSub,319,14,1531606785386,1531606785527,141,10.10.21.7
disparityBoltSub,319,15,1531606785387,1531606785465,78,10.10.21.6
disparityBoltSub,319,16,1531606785386,1531606785458,72,10.10.21.6
disparityBoltSub,319,17,1531606785392,1531606785468,76,10.10.21.7
disparityBoltSub,319,18,1531606785389,1531606785469,80,10.10.21.6
disparityBoltSub,319,19,1531606785389,1531606785464,75,10.10.21.7
disparityBoltSub,319,20,1531606785394,1531606785533,139,10.10.21.7
disparityBoltSub,319,21,1531606785392,1531606785467,75,10.10.21.7
disparityBoltSub,319,22,1531606785395,1531606785485,90,10.10.21.7
disparityBoltSub,319,23,1531606785388,1531606785495,107,10.10.21.6
disparityBoltSub,319,24,1531606785397,1531606785478,81,10.10.21.7
disparityBoltSub,319,25,1531606785391,1531606785462,71,10.10.21.7
disparityBoltSub,319,26,1531606785393,1531606785515,122,10.10.21.6
disparityBoltSub,319,27,1531606785392,1531606785516,124,10.10.21.6
disparityBoltSub,319,28,1531606785398,1531606785478,80,10.10.21.7
disparityBoltSub,319,29,1531606785394,1531606785464,70,10.10.21.6
disparityBoltSub,319,30,1531606785392,1531606785464,72,10.10.21.6
disparityBoltSub,319,31,1531606785395,1531606785436,41,10.10.21.7
disparityBolt,319,0,0,0,156,0
mergeBolt,319,0,1531606785534,1531606785550,16,10.10.21.6
reprojectionBolt,319,0,1531606785550,1531606785590,40,null
overall,319,0,1531606785298,1531606785590,292,0
videoSpout,320,0,1531606785803,1531606785807,4,10.10.21.7
rectificationBolt,320,0,1531606785827,1531606785887,60,10.10.21.6
partitionBolt,320,0,1531606785887,1531606785905,18,10.10.21.6
disparityBoltSub,320,0,1531606785908,1531606785953,45,10.10.21.7
disparityBoltSub,320,1,1531606785910,1531606785983,73,10.10.21.7
disparityBoltSub,320,2,1531606785909,1531606785992,83,10.10.21.6
disparityBoltSub,320,3,1531606785908,1531606785981,73,10.10.21.6
disparityBoltSub,320,4,1531606785911,1531606785982,71,10.10.21.7
disparityBoltSub,320,5,1531606785908,1531606785984,76,10.10.21.6
disparityBoltSub,320,6,1531606785911,1531606785980,69,10.10.21.7
disparityBoltSub,320,7,1531606785911,1531606785999,88,10.10.21.6
disparityBoltSub,320,8,1531606785913,1531606785984,71,10.10.21.7
disparityBoltSub,320,9,1531606785915,1531606785989,74,10.10.21.7
disparityBoltSub,320,10,1531606785917,1531606786019,102,10.10.21.7
disparityBoltSub,320,11,1531606785913,1531606786004,91,10.10.21.6
disparityBoltSub,320,12,1531606785914,1531606786027,113,10.10.21.6
disparityBoltSub,320,13,1531606785918,1531606785993,75,10.10.21.7
disparityBoltSub,320,14,1531606785913,1531606785992,79,10.10.21.6
disparityBoltSub,320,15,1531606785921,1531606785993,72,10.10.21.7
disparityBoltSub,320,16,1531606785915,1531606786007,92,10.10.21.6
disparityBoltSub,320,17,1531606785917,1531606786017,100,10.10.21.6
disparityBoltSub,320,18,1531606785916,1531606785998,82,10.10.21.6
disparityBoltSub,320,19,1531606785923,1531606786026,103,10.10.21.7
disparityBoltSub,320,20,1531606785920,1531606786001,81,10.10.21.6
disparityBoltSub,320,21,1531606785918,1531606785999,81,10.10.21.6
disparityBoltSub,320,22,1531606785916,1531606785992,76,10.10.21.6
disparityBoltSub,320,23,1531606785917,1531606785990,73,10.10.21.6
disparityBoltSub,320,24,1531606785916,1531606785989,73,10.10.21.6
disparityBoltSub,320,25,1531606785921,1531606785994,73,10.10.21.7
disparityBoltSub,320,26,1531606785923,1531606785995,72,10.10.21.7
disparityBoltSub,320,27,1531606785920,1531606785999,79,10.10.21.6
disparityBoltSub,320,28,1531606785919,1531606786015,96,10.10.21.6
disparityBoltSub,320,29,1531606785924,1531606785996,72,10.10.21.7
disparityBoltSub,320,30,1531606785921,1531606785996,75,10.10.21.6
disparityBoltSub,320,31,1531606785920,1531606785967,47,10.10.21.6
disparityBolt,320,0,0,0,119,0
mergeBolt,320,0,1531606786028,1531606786044,16,10.10.21.6
reprojectionBolt,320,0,1531606786044,1531606786085,41,null
overall,320,0,1531606785803,1531606786085,282,0
videoSpout,321,0,1531606786307,1531606786311,4,10.10.21.7
rectificationBolt,321,0,1531606786332,1531606786362,30,10.10.21.6
partitionBolt,321,0,1531606786362,1531606786381,19,10.10.21.6
disparityBoltSub,321,0,1531606786384,1531606786425,41,10.10.21.7
disparityBoltSub,321,1,1531606786384,1531606786460,76,10.10.21.6
disparityBoltSub,321,2,1531606786397,1531606786501,104,10.10.21.6
disparityBoltSub,321,3,1531606786398,1531606786467,69,10.10.21.6
disparityBoltSub,321,4,1531606786384,1531606786465,81,10.10.21.6
disparityBoltSub,321,5,1531606786384,1531606786465,81,10.10.21.6
disparityBoltSub,321,6,1531606786398,1531606786469,71,10.10.21.6
disparityBoltSub,321,7,1531606786396,1531606786468,72,10.10.21.6
disparityBoltSub,321,8,1531606786398,1531606786493,95,10.10.21.7
disparityBoltSub,321,9,1531606786401,1531606786472,71,10.10.21.7
disparityBoltSub,321,10,1531606786399,1531606786471,72,10.10.21.7
disparityBoltSub,321,11,1531606786402,1531606786472,70,10.10.21.7
disparityBoltSub,321,12,1531606786405,1531606786479,74,10.10.21.7
disparityBoltSub,321,13,1531606786398,1531606786469,71,10.10.21.6
disparityBoltSub,321,14,1531606786406,1531606786479,73,10.10.21.7
disparityBoltSub,321,15,1531606786401,1531606786471,70,10.10.21.6
disparityBoltSub,321,16,1531606786407,1531606786502,95,10.10.21.7
disparityBoltSub,321,17,1531606786400,1531606786504,104,10.10.21.6
disparityBoltSub,321,18,1531606786410,1531606786484,74,10.10.21.7
disparityBoltSub,321,19,1531606786409,1531606786483,74,10.10.21.7
disparityBoltSub,321,20,1531606786401,1531606786477,76,10.10.21.6
disparityBoltSub,321,21,1531606786411,1531606786489,78,10.10.21.7
disparityBoltSub,321,22,1531606786402,1531606786478,76,10.10.21.6
disparityBoltSub,321,23,1531606786403,1531606786481,78,10.10.21.6
disparityBoltSub,321,24,1531606786412,1531606786481,69,10.10.21.7
disparityBoltSub,321,25,1531606786405,1531606786476,71,10.10.21.6
disparityBoltSub,321,26,1531606786414,1531606786487,73,10.10.21.7
disparityBoltSub,321,27,1531606786407,1531606786484,77,10.10.21.6
disparityBoltSub,321,28,1531606786406,1531606786504,98,10.10.21.6
disparityBoltSub,321,29,1531606786408,1531606786514,106,10.10.21.6
disparityBoltSub,321,30,1531606786415,1531606786488,73,10.10.21.7
disparityBoltSub,321,31,1531606786406,1531606786447,41,10.10.21.6
disparityBolt,321,0,0,0,130,0
mergeBolt,321,0,1531606786516,1531606786530,14,10.10.21.6
reprojectionBolt,321,0,1531606786530,1531606786569,39,null
overall,321,0,1531606786307,1531606786569,262,0
videoSpout,322,0,1531606786812,1531606786816,4,10.10.21.7
rectificationBolt,322,0,1531606786834,1531606786862,28,10.10.21.6
partitionBolt,322,0,1531606786862,1531606786880,18,10.10.21.6
disparityBoltSub,322,0,1531606786883,1531606786933,50,10.10.21.6
disparityBoltSub,322,1,1531606786885,1531606786956,71,10.10.21.7
disparityBoltSub,322,2,1531606786886,1531606786956,70,10.10.21.7
disparityBoltSub,322,3,1531606786886,1531606786957,71,10.10.21.7
disparityBoltSub,322,4,1531606786887,1531606786954,67,10.10.21.7
disparityBoltSub,322,5,1531606786888,1531606786959,71,10.10.21.7
disparityBoltSub,322,6,1531606786885,1531606786967,82,10.10.21.6
disparityBoltSub,322,7,1531606786884,1531606786969,85,10.10.21.6
disparityBoltSub,322,8,1531606786890,1531606787012,122,10.10.21.7
disparityBoltSub,322,9,1531606786888,1531606786957,69,10.10.21.7
disparityBoltSub,322,10,1531606786890,1531606786964,74,10.10.21.7
disparityBoltSub,322,11,1531606786887,1531606786959,72,10.10.21.6
disparityBoltSub,322,12,1531606786888,1531606786963,75,10.10.21.6
disparityBoltSub,322,13,1531606786891,1531606786962,71,10.10.21.7
disparityBoltSub,322,14,1531606786893,1531606786995,102,10.10.21.7
disparityBoltSub,322,15,1531606786888,1531606786968,80,10.10.21.6
disparityBoltSub,322,16,1531606786889,1531606786962,73,10.10.21.6
disparityBoltSub,322,17,1531606786889,1531606786969,80,10.10.21.6
disparityBoltSub,322,18,1531606786889,1531606786969,80,10.10.21.6
disparityBoltSub,322,19,1531606786890,1531606786970,80,10.10.21.6
disparityBoltSub,322,20,1531606786889,1531606786969,80,10.10.21.6
disparityBoltSub,322,21,1531606786890,1531606786967,77,10.10.21.6
disparityBoltSub,322,22,1531606786895,1531606786973,78,10.10.21.7
disparityBoltSub,322,23,1531606786893,1531606786965,72,10.10.21.7
disparityBoltSub,322,24,1531606786895,1531606786962,67,10.10.21.7
disparityBoltSub,322,25,1531606786914,1531606787018,104,10.10.21.7
disparityBoltSub,322,26,1531606786916,1531606787005,89,10.10.21.7
disparityBoltSub,322,27,1531606786912,1531606786992,80,10.10.21.6
disparityBoltSub,322,28,1531606786915,1531606786991,76,10.10.21.6
disparityBoltSub,322,29,1531606786918,1531606786990,72,10.10.21.7
disparityBoltSub,322,30,1531606786919,1531606787023,104,10.10.21.7
disparityBoltSub,322,31,1531606786919,1531606786960,41,10.10.21.7
disparityBolt,322,0,0,0,140,0
mergeBolt,322,0,1531606787024,1531606787039,15,10.10.21.6
reprojectionBolt,322,0,1531606787039,1531606787079,40,null
overall,322,0,1531606786812,1531606787079,267,0
videoSpout,323,0,1531606787316,1531606787320,4,10.10.21.7
rectificationBolt,323,0,1531606787340,1531606787372,32,10.10.21.6
partitionBolt,323,0,1531606787372,1531606787394,22,10.10.21.6
disparityBoltSub,323,0,1531606787394,1531606787437,43,10.10.21.6
disparityBoltSub,323,1,1531606787398,1531606787471,73,10.10.21.7
disparityBoltSub,323,2,1531606787397,1531606787473,76,10.10.21.6
disparityBoltSub,323,3,1531606787397,1531606787470,73,10.10.21.6
disparityBoltSub,323,4,1531606787396,1531606787467,71,10.10.21.6
disparityBoltSub,323,5,1531606787399,1531606787469,70,10.10.21.6
disparityBoltSub,323,6,1531606787401,1531606787473,72,10.10.21.7
disparityBoltSub,323,7,1531606787400,1531606787475,75,10.10.21.6
disparityBoltSub,323,8,1531606787402,1531606787522,120,10.10.21.6
disparityBoltSub,323,9,1531606787402,1531606787471,69,10.10.21.7
disparityBoltSub,323,10,1531606787403,1531606787473,70,10.10.21.6
disparityBoltSub,323,11,1531606787402,1531606787474,72,10.10.21.7
disparityBoltSub,323,12,1531606787404,1531606787518,114,10.10.21.6
disparityBoltSub,323,13,1531606787401,1531606787472,71,10.10.21.6
disparityBoltSub,323,14,1531606787404,1531606787474,70,10.10.21.7
disparityBoltSub,323,15,1531606787406,1531606787475,69,10.10.21.7
disparityBoltSub,323,16,1531606787406,1531606787477,71,10.10.21.6
disparityBoltSub,323,17,1531606787405,1531606787477,72,10.10.21.6
disparityBoltSub,323,18,1531606787404,1531606787481,77,10.10.21.6
disparityBoltSub,323,19,1531606787408,1531606787529,121,10.10.21.6
disparityBoltSub,323,20,1531606787408,1531606787482,74,10.10.21.7
disparityBoltSub,323,21,1531606787408,1531606787480,72,10.10.21.7
disparityBoltSub,323,22,1531606787410,1531606787484,74,10.10.21.7
disparityBoltSub,323,23,1531606787406,1531606787480,74,10.10.21.6
disparityBoltSub,323,24,1531606787409,1531606787483,74,10.10.21.6
disparityBoltSub,323,25,1531606787409,1531606787479,70,10.10.21.6
disparityBoltSub,323,26,1531606787411,1531606787481,70,10.10.21.7
disparityBoltSub,323,27,1531606787410,1531606787484,74,10.10.21.6
disparityBoltSub,323,28,1531606787409,1531606787532,123,10.10.21.6
disparityBoltSub,323,29,1531606787411,1531606787487,76,10.10.21.6
disparityBoltSub,323,30,1531606787412,1531606787482,70,10.10.21.7
disparityBoltSub,323,31,1531606787410,1531606787450,40,10.10.21.6
disparityBolt,323,0,0,0,138,0
mergeBolt,323,0,1531606787532,1531606787548,16,10.10.21.6
reprojectionBolt,323,0,1531606787548,1531606787592,44,null
overall,323,0,1531606787316,1531606787592,276,0
videoSpout,324,0,1531606787820,1531606787825,5,10.10.21.7
rectificationBolt,324,0,1531606787843,1531606787874,31,10.10.21.6
partitionBolt,324,0,1531606787874,1531606787894,20,10.10.21.6
disparityBoltSub,324,0,1531606787897,1531606787942,45,10.10.21.7
disparityBoltSub,324,1,1531606787895,1531606787966,71,10.10.21.6
disparityBoltSub,324,2,1531606787898,1531606787970,72,10.10.21.7
disparityBoltSub,324,3,1531606787900,1531606787973,73,10.10.21.7
disparityBoltSub,324,4,1531606787899,1531606787970,71,10.10.21.6
disparityBoltSub,324,5,1531606787902,1531606788025,123,10.10.21.7
disparityBoltSub,324,6,1531606787900,1531606787972,72,10.10.21.7
disparityBoltSub,324,7,1531606787900,1531606787971,71,10.10.21.6
disparityBoltSub,324,8,1531606787902,1531606787974,72,10.10.21.7
disparityBoltSub,324,9,1531606787901,1531606787975,74,10.10.21.6
disparityBoltSub,324,10,1531606787904,1531606787975,71,10.10.21.7
disparityBoltSub,324,11,1531606787903,1531606788005,102,10.10.21.6
disparityBoltSub,324,12,1531606787904,1531606787975,71,10.10.21.7
disparityBoltSub,324,13,1531606787905,1531606788027,122,10.10.21.7
disparityBoltSub,324,14,1531606787904,1531606787989,85,10.10.21.6
disparityBoltSub,324,15,1531606787905,1531606787991,86,10.10.21.6
disparityBoltSub,324,16,1531606787904,1531606787976,72,10.10.21.6
disparityBoltSub,324,17,1531606787904,1531606787979,75,10.10.21.6
disparityBoltSub,324,18,1531606787904,1531606787977,73,10.10.21.6
disparityBoltSub,324,19,1531606787904,1531606787978,74,10.10.21.6
disparityBoltSub,324,20,1531606787905,1531606787979,74,10.10.21.6
disparityBoltSub,324,21,1531606787905,1531606787979,74,10.10.21.6
disparityBoltSub,324,22,1531606787908,1531606787984,76,10.10.21.7
disparityBoltSub,324,23,1531606787910,1531606787981,71,10.10.21.7
disparityBoltSub,324,24,1531606787906,1531606787980,74,10.10.21.6
disparityBoltSub,324,25,1531606787908,1531606787981,73,10.10.21.6
disparityBoltSub,324,26,1531606787912,1531606787981,69,10.10.21.7
disparityBoltSub,324,27,1531606787911,1531606787982,71,10.10.21.7
disparityBoltSub,324,28,1531606787913,1531606787985,72,10.10.21.7
disparityBoltSub,324,29,1531606787911,1531606787981,70,10.10.21.6
disparityBoltSub,324,30,1531606787916,1531606788023,107,10.10.21.7
disparityBoltSub,324,31,1531606787914,1531606787990,76,10.10.21.7
disparityBolt,324,0,0,0,132,0
mergeBolt,324,0,1531606788029,1531606788043,14,10.10.21.6
reprojectionBolt,324,0,1531606788043,1531606788081,38,null
overall,324,0,1531606787820,1531606788081,261,0
videoSpout,325,0,1531606788325,1531606788330,5,10.10.21.7
rectificationBolt,325,0,1531606788348,1531606788386,38,10.10.21.6
partitionBolt,325,0,1531606788386,1531606788403,17,10.10.21.6
disparityBoltSub,325,0,1531606788407,1531606788452,45,10.10.21.7
disparityBoltSub,325,1,1531606788405,1531606788478,73,10.10.21.6
disparityBoltSub,325,2,1531606788405,1531606788477,72,10.10.21.6
disparityBoltSub,325,3,1531606788408,1531606788480,72,10.10.21.7
disparityBoltSub,325,4,1531606788406,1531606788485,79,10.10.21.6
disparityBoltSub,325,5,1531606788408,1531606788482,74,10.10.21.6
disparityBoltSub,325,6,1531606788408,1531606788487,79,10.10.21.6
disparityBoltSub,325,7,1531606788409,1531606788486,77,10.10.21.7
disparityBoltSub,325,8,1531606788410,1531606788517,107,10.10.21.7
disparityBoltSub,325,9,1531606788410,1531606788533,123,10.10.21.6
disparityBoltSub,325,10,1531606788412,1531606788483,71,10.10.21.7
disparityBoltSub,325,11,1531606788411,1531606788484,73,10.10.21.6
disparityBoltSub,325,12,1531606788412,1531606788486,74,10.10.21.7
disparityBoltSub,325,13,1531606788411,1531606788482,71,10.10.21.6
disparityBoltSub,325,14,1531606788412,1531606788535,123,10.10.21.6
disparityBoltSub,325,15,1531606788413,1531606788488,75,10.10.21.6
disparityBoltSub,325,16,1531606788411,1531606788487,76,10.10.21.6
disparityBoltSub,325,17,1531606788415,1531606788541,126,10.10.21.6
disparityBoltSub,325,18,1531606788415,1531606788491,76,10.10.21.6
disparityBoltSub,325,19,1531606788416,1531606788494,78,10.10.21.6
disparityBoltSub,325,20,1531606788413,1531606788489,76,10.10.21.6
disparityBoltSub,325,21,1531606788415,1531606788490,75,10.10.21.7
disparityBoltSub,325,22,1531606788414,1531606788489,75,10.10.21.6
disparityBoltSub,325,23,1531606788418,1531606788488,70,10.10.21.6
disparityBoltSub,325,24,1531606788415,1531606788490,75,10.10.21.6
disparityBoltSub,325,25,1531606788418,1531606788486,68,10.10.21.7
disparityBoltSub,325,26,1531606788418,1531606788492,74,10.10.21.7
disparityBoltSub,325,27,1531606788421,1531606788496,75,10.10.21.7
disparityBoltSub,325,28,1531606788422,1531606788528,106,10.10.21.7
disparityBoltSub,325,29,1531606788419,1531606788541,122,10.10.21.6
disparityBoltSub,325,30,1531606788420,1531606788492,72,10.10.21.6
disparityBoltSub,325,31,1531606788418,1531606788460,42,10.10.21.6
disparityBolt,325,0,0,0,136,0
mergeBolt,325,0,1531606788542,1531606788557,15,10.10.21.6
reprojectionBolt,325,0,1531606788557,1531606788596,39,null
overall,325,0,1531606788325,1531606788596,271,0
videoSpout,326,0,1531606788830,1531606788834,4,10.10.21.7
rectificationBolt,326,0,1531606788851,1531606788882,31,10.10.21.6
partitionBolt,326,0,1531606788882,1531606788901,19,10.10.21.6
disparityBoltSub,326,0,1531606788905,1531606788947,42,10.10.21.7
disparityBoltSub,326,1,1531606788903,1531606788985,82,10.10.21.6
disparityBoltSub,326,2,1531606788933,1531606789007,74,10.10.21.7
disparityBoltSub,326,3,1531606788906,1531606788973,67,10.10.21.7
disparityBoltSub,326,4,1531606788932,1531606789003,71,10.10.21.7
disparityBoltSub,326,5,1531606788905,1531606789012,107,10.10.21.6
disparityBoltSub,326,6,1531606788934,1531606789004,70,10.10.21.7
disparityBoltSub,326,7,1531606788936,1531606789004,68,10.10.21.7
disparityBoltSub,326,8,1531606788935,1531606789008,73,10.10.21.7
disparityBoltSub,326,9,1531606788936,1531606789006,70,10.10.21.7
disparityBoltSub,326,10,1531606788934,1531606789020,86,10.10.21.6
disparityBoltSub,326,11,1531606788935,1531606789067,132,10.10.21.6
disparityBoltSub,326,12,1531606788936,1531606789019,83,10.10.21.6
disparityBoltSub,326,13,1531606788935,1531606789030,95,10.10.21.6
disparityBoltSub,326,14,1531606788938,1531606789024,86,10.10.21.6
disparityBoltSub,326,15,1531606788938,1531606789067,129,10.10.21.6
disparityBoltSub,326,16,1531606788938,1531606789006,68,10.10.21.7
disparityBoltSub,326,17,1531606788939,1531606789019,80,10.10.21.6
disparityBoltSub,326,18,1531606788937,1531606789011,74,10.10.21.6
disparityBoltSub,326,19,1531606788940,1531606789062,122,10.10.21.6
disparityBoltSub,326,20,1531606788938,1531606789012,74,10.10.21.6
disparityBoltSub,326,21,1531606788938,1531606789017,79,10.10.21.6
disparityBoltSub,326,22,1531606788941,1531606789042,101,10.10.21.6
disparityBoltSub,326,23,1531606788942,1531606789021,79,10.10.21.6
disparityBoltSub,326,24,1531606788942,1531606789019,77,10.10.21.6
disparityBoltSub,326,25,1531606788940,1531606789036,96,10.10.21.6
disparityBoltSub,326,26,1531606788940,1531606789017,77,10.10.21.6
disparityBoltSub,326,27,1531606788943,1531606789037,94,10.10.21.6
disparityBoltSub,326,28,1531606788945,1531606789017,72,10.10.21.7
disparityBoltSub,326,29,1531606788944,1531606789021,77,10.10.21.6
disparityBoltSub,326,30,1531606788942,1531606789014,72,10.10.21.6
disparityBoltSub,326,31,1531606788946,1531606788987,41,10.10.21.7
disparityBolt,326,0,0,0,164,0
mergeBolt,326,0,1531606789069,1531606789083,14,10.10.21.6
reprojectionBolt,326,0,1531606789083,1531606789122,39,null
overall,326,0,1531606788830,1531606789122,292,0
videoSpout,327,0,1531606789334,1531606789346,12,10.10.21.7
rectificationBolt,327,0,1531606789367,1531606789395,28,10.10.21.6
partitionBolt,327,0,1531606789395,1531606789414,19,10.10.21.6
disparityBoltSub,327,0,1531606789415,1531606789467,52,10.10.21.6
disparityBoltSub,327,1,1531606789417,1531606789490,73,10.10.21.7
disparityBoltSub,327,2,1531606789418,1531606789492,74,10.10.21.6
disparityBoltSub,327,3,1531606789419,1531606789492,73,10.10.21.7
disparityBoltSub,327,4,1531606789419,1531606789490,71,10.10.21.7
disparityBoltSub,327,5,1531606789418,1531606789491,73,10.10.21.6
disparityBoltSub,327,6,1531606789417,1531606789489,72,10.10.21.6
disparityBoltSub,327,7,1531606789420,1531606789494,74,10.10.21.6
disparityBoltSub,327,8,1531606789419,1531606789496,77,10.10.21.6
disparityBoltSub,327,9,1531606789422,1531606789494,72,10.10.21.7
disparityBoltSub,327,10,1531606789421,1531606789496,75,10.10.21.7
disparityBoltSub,327,11,1531606789421,1531606789543,122,10.10.21.6
disparityBoltSub,327,12,1531606789422,1531606789501,79,10.10.21.6
disparityBoltSub,327,13,1531606789423,1531606789498,75,10.10.21.6
disparityBoltSub,327,14,1531606789423,1531606789496,73,10.10.21.7
disparityBoltSub,327,15,1531606789424,1531606789503,79,10.10.21.6
disparityBoltSub,327,16,1531606789422,1531606789505,83,10.10.21.6
disparityBoltSub,327,17,1531606789422,1531606789507,85,10.10.21.6
disparityBoltSub,327,18,1531606789425,1531606789499,74,10.10.21.6
disparityBoltSub,327,19,1531606789423,1531606789555,132,10.10.21.6
disparityBoltSub,327,20,1531606789425,1531606789506,81,10.10.21.7
disparityBoltSub,327,21,1531606789424,1531606789513,89,10.10.21.6
disparityBoltSub,327,22,1531606789433,1531606789511,78,10.10.21.7
disparityBoltSub,327,23,1531606789437,1531606789510,73,10.10.21.7
disparityBoltSub,327,24,1531606789436,1531606789510,74,10.10.21.7
disparityBoltSub,327,25,1531606789439,1531606789514,75,10.10.21.7
disparityBoltSub,327,26,1531606789431,1531606789501,70,10.10.21.7
disparityBoltSub,327,27,1531606789430,1531606789502,72,10.10.21.7
disparityBoltSub,327,28,1531606789430,1531606789503,73,10.10.21.6
disparityBoltSub,327,29,1531606789440,1531606789512,72,10.10.21.7
disparityBoltSub,327,30,1531606789441,1531606789513,72,10.10.21.7
disparityBoltSub,327,31,1531606789442,1531606789484,42,10.10.21.7
disparityBolt,327,0,0,0,140,0
mergeBolt,327,0,1531606789555,1531606789571,16,10.10.21.6
reprojectionBolt,327,0,1531606789571,1531606789612,41,null
overall,327,0,1531606789334,1531606789612,278,0
videoSpout,328,0,1531606789847,1531606789852,5,10.10.21.7
rectificationBolt,328,0,1531606789873,1531606789901,28,10.10.21.6
partitionBolt,328,0,1531606789901,1531606789920,19,10.10.21.6
disparityBoltSub,328,0,1531606789922,1531606789965,43,10.10.21.6
disparityBoltSub,328,1,1531606789922,1531606789993,71,10.10.21.6
disparityBoltSub,328,2,1531606789922,1531606789993,71,10.10.21.6
disparityBoltSub,328,3,1531606789924,1531606790026,102,10.10.21.6
disparityBoltSub,328,4,1531606789925,1531606789998,73,10.10.21.7
disparityBoltSub,328,5,1531606789926,1531606789996,70,10.10.21.6
disparityBoltSub,328,6,1531606789926,1531606789998,72,10.10.21.7
disparityBoltSub,328,7,1531606789926,1531606790005,79,10.10.21.7
disparityBoltSub,328,8,1531606789926,1531606789997,71,10.10.21.6
disparityBoltSub,328,9,1531606789924,1531606790051,127,10.10.21.6
disparityBoltSub,328,10,1531606789929,1531606790001,72,10.10.21.7
disparityBoltSub,328,11,1531606789928,1531606789998,70,10.10.21.7
disparityBoltSub,328,12,1531606789926,1531606789996,70,10.10.21.6
disparityBoltSub,328,13,1531606789931,1531606790001,70,10.10.21.7
disparityBoltSub,328,14,1531606789929,1531606790001,72,10.10.21.7
disparityBoltSub,328,15,1531606789930,1531606790006,76,10.10.21.6
disparityBoltSub,328,16,1531606789929,1531606790006,77,10.10.21.6
disparityBoltSub,328,17,1531606789933,1531606790008,75,10.10.21.7
disparityBoltSub,328,18,1531606789931,1531606790005,74,10.10.21.7
disparityBoltSub,328,19,1531606789933,1531606790006,73,10.10.21.7
disparityBoltSub,328,20,1531606789932,1531606790007,75,10.10.21.6
disparityBoltSub,328,21,1531606789938,1531606790020,82,10.10.21.7
disparityBoltSub,328,22,1531606789935,1531606790009,74,10.10.21.7
disparityBoltSub,328,23,1531606789931,1531606790057,126,10.10.21.6
disparityBoltSub,328,24,1531606789934,1531606790009,75,10.10.21.6
disparityBoltSub,328,25,1531606789935,1531606790016,81,10.10.21.6
disparityBoltSub,328,26,1531606789936,1531606790007,71,10.10.21.6
disparityBoltSub,328,27,1531606789936,1531606790008,72,10.10.21.7
disparityBoltSub,328,28,1531606789934,1531606790037,103,10.10.21.6
disparityBoltSub,328,29,1531606789937,1531606790012,75,10.10.21.6
disparityBoltSub,328,30,1531606789938,1531606790010,72,10.10.21.7
disparityBoltSub,328,31,1531606789939,1531606789986,47,10.10.21.7
disparityBolt,328,0,0,0,135,0
mergeBolt,328,0,1531606790057,1531606790073,16,10.10.21.6
reprojectionBolt,328,0,1531606790073,1531606790113,40,null
overall,328,0,1531606789847,1531606790113,266,0
videoSpout,329,0,1531606790352,1531606790357,5,10.10.21.7
rectificationBolt,329,0,1531606790396,1531606790424,28,10.10.21.6
partitionBolt,329,0,1531606790424,1531606790442,18,10.10.21.6
disparityBoltSub,329,0,1531606790444,1531606790494,50,10.10.21.6
disparityBoltSub,329,1,1531606790446,1531606790518,72,10.10.21.7
disparityBoltSub,329,2,1531606790446,1531606790521,75,10.10.21.6
disparityBoltSub,329,3,1531606790447,1531606790520,73,10.10.21.7
disparityBoltSub,329,4,1531606790447,1531606790523,76,10.10.21.6
disparityBoltSub,329,5,1531606790448,1531606790523,75,10.10.21.6
disparityBoltSub,329,6,1531606790451,1531606790574,123,10.10.21.7
disparityBoltSub,329,7,1531606790449,1531606790519,70,10.10.21.7
disparityBoltSub,329,8,1531606790446,1531606790575,129,10.10.21.6
disparityBoltSub,329,9,1531606790449,1531606790521,72,10.10.21.6
disparityBoltSub,329,10,1531606790450,1531606790528,78,10.10.21.6
disparityBoltSub,329,11,1531606790451,1531606790527,76,10.10.21.7
disparityBoltSub,329,12,1531606790450,1531606790525,75,10.10.21.6
disparityBoltSub,329,13,1531606790449,1531606790532,83,10.10.21.6
disparityBoltSub,329,14,1531606790453,1531606790531,78,10.10.21.6
disparityBoltSub,329,15,1531606790451,1531606790529,78,10.10.21.6
disparityBoltSub,329,16,1531606790453,1531606790575,122,10.10.21.7
disparityBoltSub,329,17,1531606790454,1531606790536,82,10.10.21.7
disparityBoltSub,329,18,1531606790451,1531606790581,130,10.10.21.6
disparityBoltSub,329,19,1531606790455,1531606790534,79,10.10.21.6
disparityBoltSub,329,20,1531606790454,1531606790529,75,10.10.21.6
disparityBoltSub,329,21,1531606790453,1531606790532,79,10.10.21.6
disparityBoltSub,329,22,1531606790453,1531606790534,81,10.10.21.6
disparityBoltSub,329,23,1531606790455,1531606790572,117,10.10.21.7
disparityBoltSub,329,24,1531606790456,1531606790531,75,10.10.21.7
disparityBoltSub,329,25,1531606790456,1531606790530,74,10.10.21.6
disparityBoltSub,329,26,1531606790465,1531606790541,76,10.10.21.6
disparityBoltSub,329,27,1531606790461,1531606790539,78,10.10.21.7
disparityBoltSub,329,28,1531606790466,1531606790541,75,10.10.21.6
disparityBoltSub,329,29,1531606790461,1531606790577,116,10.10.21.7
disparityBoltSub,329,30,1531606790469,1531606790542,73,10.10.21.6
disparityBoltSub,329,31,1531606790467,1531606790514,47,10.10.21.6
disparityBolt,329,0,0,0,137,0
mergeBolt,329,0,1531606790581,1531606790597,16,10.10.21.6
reprojectionBolt,329,0,1531606790597,1531606790637,40,null
overall,329,0,1531606790352,1531606790637,285,0
videoSpout,330,0,1531606790857,1531606790861,4,10.10.21.7
rectificationBolt,330,0,1531606790880,1531606790910,30,10.10.21.6
partitionBolt,330,0,1531606790910,1531606790948,38,10.10.21.6
disparityBoltSub,330,0,1531606790951,1531606790999,48,10.10.21.7
disparityBoltSub,330,1,1531606790949,1531606791021,72,10.10.21.6
disparityBoltSub,330,2,1531606790953,1531606791029,76,10.10.21.7
disparityBoltSub,330,3,1531606790952,1531606791067,115,10.10.21.6
disparityBoltSub,330,4,1531606790955,1531606791067,112,10.10.21.7
disparityBoltSub,330,5,1531606790957,1531606791026,69,10.10.21.7
disparityBoltSub,330,6,1531606790952,1531606791024,72,10.10.21.6
disparityBoltSub,330,7,1531606790958,1531606791029,71,10.10.21.7
disparityBoltSub,330,8,1531606790955,1531606791026,71,10.10.21.6
disparityBoltSub,330,9,1531606790957,1531606791025,68,10.10.21.7
disparityBoltSub,330,10,1531606790956,1531606791069,113,10.10.21.6
disparityBoltSub,330,11,1531606790957,1531606791028,71,10.10.21.6
disparityBoltSub,330,12,1531606790955,1531606791075,120,10.10.21.6
disparityBoltSub,330,13,1531606790961,1531606791067,106,10.10.21.7
disparityBoltSub,330,14,1531606790961,1531606791067,106,10.10.21.7
disparityBoltSub,330,15,1531606790959,1531606791079,120,10.10.21.6
disparityBoltSub,330,16,1531606790959,1531606791032,73,10.10.21.7
disparityBoltSub,330,17,1531606790961,1531606791035,74,10.10.21.7
disparityBoltSub,330,18,1531606790963,1531606791070,107,10.10.21.7
disparityBoltSub,330,19,1531606790965,1531606791038,73,10.10.21.7
disparityBoltSub,330,20,1531606790960,1531606791032,72,10.10.21.6
disparityBoltSub,330,21,1531606790968,1531606791074,106,10.10.21.7
disparityBoltSub,330,22,1531606790967,1531606791096,129,10.10.21.7
disparityBoltSub,330,23,1531606790960,1531606791035,75,10.10.21.6
disparityBoltSub,330,24,1531606790969,1531606791041,72,10.10.21.7
disparityBoltSub,330,25,1531606790961,1531606791032,71,10.10.21.6
disparityBoltSub,330,26,1531606790971,1531606791097,126,10.10.21.7
disparityBoltSub,330,27,1531606790964,1531606791046,82,10.10.21.6
disparityBoltSub,330,28,1531606790972,1531606791049,77,10.10.21.7
disparityBoltSub,330,29,1531606790966,1531606791076,110,10.10.21.7
disparityBoltSub,330,30,1531606790964,1531606791035,71,10.10.21.6
disparityBoltSub,330,31,1531606790964,1531606791009,45,10.10.21.6
disparityBolt,330,0,0,0,148,0
mergeBolt,330,0,1531606791098,1531606791113,15,10.10.21.6
reprojectionBolt,330,0,1531606791113,1531606791152,39,null
overall,330,0,1531606790857,1531606791152,295,0
videoSpout,331,0,1531606791362,1531606791366,4,10.10.21.7
rectificationBolt,331,0,1531606791386,1531606791416,30,10.10.21.6
partitionBolt,331,0,1531606791416,1531606791434,18,10.10.21.6
disparityBoltSub,331,0,1531606791437,1531606791479,42,10.10.21.7
disparityBoltSub,331,1,1531606791438,1531606791530,92,10.10.21.6
disparityBoltSub,331,2,1531606791439,1531606791508,69,10.10.21.7
disparityBoltSub,331,3,1531606791436,1531606791545,109,10.10.21.6
disparityBoltSub,331,4,1531606791438,1531606791592,154,10.10.21.6
disparityBoltSub,331,5,1531606791441,1531606791512,71,10.10.21.7
disparityBoltSub,331,6,1531606791437,1531606791553,116,10.10.21.6
disparityBoltSub,331,7,1531606791438,1531606791546,108,10.10.21.6
disparityBoltSub,331,8,1531606791440,1531606791568,128,10.10.21.6
disparityBoltSub,331,9,1531606791441,1531606791573,132,10.10.21.6
disparityBoltSub,331,10,1531606791442,1531606791513,71,10.10.21.7
disparityBoltSub,331,11,1531606791443,1531606791515,72,10.10.21.7
disparityBoltSub,331,12,1531606791443,1531606791531,88,10.10.21.6
disparityBoltSub,331,13,1531606791445,1531606791514,69,10.10.21.7
disparityBoltSub,331,14,1531606791444,1531606791518,74,10.10.21.7
disparityBoltSub,331,15,1531606791445,1531606791517,72,10.10.21.7
disparityBoltSub,331,16,1531606791442,1531606791564,122,10.10.21.6
disparityBoltSub,331,17,1531606791494,1531606791569,75,10.10.21.7
disparityBoltSub,331,18,1531606791446,1531606791518,72,10.10.21.6
disparityBoltSub,331,19,1531606791447,1531606791521,74,10.10.21.6
disparityBoltSub,331,20,1531606791498,1531606791566,68,10.10.21.7
disparityBoltSub,331,21,1531606791495,1531606791568,73,10.10.21.7
disparityBoltSub,331,22,1531606791494,1531606791572,78,10.10.21.6
disparityBoltSub,331,23,1531606791495,1531606791584,89,10.10.21.6
disparityBoltSub,331,24,1531606791496,1531606791614,118,10.10.21.6
disparityBoltSub,331,25,1531606791497,1531606791624,127,10.10.21.6
disparityBoltSub,331,26,1531606791496,1531606791625,129,10.10.21.6
disparityBoltSub,331,27,1531606791499,1531606791569,70,10.10.21.6
disparityBoltSub,331,28,1531606791498,1531606791567,69,10.10.21.7
disparityBoltSub,331,29,1531606791495,1531606791567,72,10.10.21.6
disparityBoltSub,331,30,1531606791495,1531606791565,70,10.10.21.6
disparityBoltSub,331,31,1531606791499,1531606791538,39,10.10.21.7
disparityBolt,331,0,0,0,189,0
mergeBolt,331,0,1531606791627,1531606791642,15,10.10.21.6
reprojectionBolt,331,0,1531606791642,1531606791681,39,null
overall,331,0,1531606791362,1531606791681,319,0
videoSpout,332,0,1531606791867,1531606791871,4,10.10.21.7
rectificationBolt,332,0,1531606791892,1531606791914,22,10.10.21.6
partitionBolt,332,0,1531606791914,1531606791932,18,10.10.21.6
disparityBoltSub,332,0,1531606791935,1531606791983,48,10.10.21.7
disparityBoltSub,332,1,1531606791938,1531606792009,71,10.10.21.7
disparityBoltSub,332,2,1531606791937,1531606792011,74,10.10.21.7
disparityBoltSub,332,3,1531606791937,1531606792012,75,10.10.21.6
disparityBoltSub,332,4,1531606791938,1531606792013,75,10.10.21.6
disparityBoltSub,332,5,1531606791940,1531606792011,71,10.10.21.7
disparityBoltSub,332,6,1531606791942,1531606792014,72,10.10.21.7
disparityBoltSub,332,7,1531606791938,1531606792013,75,10.10.21.6
disparityBoltSub,332,8,1531606791937,1531606792011,74,10.10.21.6
disparityBoltSub,332,9,1531606791944,1531606792014,70,10.10.21.7
disparityBoltSub,332,10,1531606791945,1531606792017,72,10.10.21.7
disparityBoltSub,332,11,1531606791946,1531606792017,71,10.10.21.7
disparityBoltSub,332,12,1531606791939,1531606792011,72,10.10.21.6
disparityBoltSub,332,13,1531606791941,1531606792012,71,10.10.21.6
disparityBoltSub,332,14,1531606791943,1531606792021,78,10.10.21.6
disparityBoltSub,332,15,1531606791942,1531606792012,70,10.10.21.6
disparityBoltSub,332,16,1531606791941,1531606792016,75,10.10.21.6
disparityBoltSub,332,17,1531606791944,1531606792022,78,10.10.21.6
disparityBoltSub,332,18,1531606791942,1531606792016,74,10.10.21.6
disparityBoltSub,332,19,1531606791945,1531606792053,108,10.10.21.7
disparityBoltSub,332,20,1531606791948,1531606792057,109,10.10.21.7
disparityBoltSub,332,21,1531606791949,1531606792026,77,10.10.21.7
disparityBoltSub,332,22,1531606791944,1531606792022,78,10.10.21.6
disparityBoltSub,332,23,1531606791953,1531606792056,103,10.10.21.7
disparityBoltSub,332,24,1531606791955,1531606792028,73,10.10.21.7
disparityBoltSub,332,25,1531606791956,1531606792025,69,10.10.21.7
disparityBoltSub,332,26,1531606791952,1531606792023,71,10.10.21.7
disparityBoltSub,332,27,1531606791951,1531606792056,105,10.10.21.7
disparityBoltSub,332,28,1531606791953,1531606792025,72,10.10.21.7
disparityBoltSub,332,29,1531606791947,1531606792017,70,10.10.21.6
disparityBoltSub,332,30,1531606791955,1531606792026,71,10.10.21.7
disparityBoltSub,332,31,1531606791950,1531606791995,45,10.10.21.6
disparityBolt,332,0,0,0,122,0
mergeBolt,332,0,1531606792058,1531606792073,15,10.10.21.6
reprojectionBolt,332,0,1531606792073,1531606792118,45,null
overall,332,0,1531606791867,1531606792118,251,0
videoSpout,333,0,1531606792371,1531606792376,5,10.10.21.7
rectificationBolt,333,0,1531606792396,1531606792426,30,10.10.21.6
partitionBolt,333,0,1531606792426,1531606792445,19,10.10.21.6
disparityBoltSub,333,0,1531606792447,1531606792511,64,10.10.21.6
disparityBoltSub,333,1,1531606792450,1531606792522,72,10.10.21.7
disparityBoltSub,333,2,1531606792447,1531606792522,75,10.10.21.6
disparityBoltSub,333,3,1531606792453,1531606792546,93,10.10.21.6
disparityBoltSub,333,4,1531606792448,1531606792540,92,10.10.21.6
disparityBoltSub,333,5,1531606792451,1531606792522,71,10.10.21.7
disparityBoltSub,333,6,1531606792452,1531606792523,71,10.10.21.6
disparityBoltSub,333,7,1531606792452,1531606792522,70,10.10.21.7
disparityBoltSub,333,8,1531606792454,1531606792524,70,10.10.21.7
disparityBoltSub,333,9,1531606792456,1531606792525,69,10.10.21.7
disparityBoltSub,333,10,1531606792457,1531606792528,71,10.10.21.7
disparityBoltSub,333,11,1531606792452,1531606792568,116,10.10.21.6
disparityBoltSub,333,12,1531606792459,1531606792566,107,10.10.21.7
disparityBoltSub,333,13,1531606792455,1531606792528,73,10.10.21.7
disparityBoltSub,333,14,1531606792457,1531606792528,71,10.10.21.7
disparityBoltSub,333,15,1531606792455,1531606792533,78,10.10.21.6
disparityBoltSub,333,16,1531606792456,1531606792532,76,10.10.21.6
disparityBoltSub,333,17,1531606792461,1531606792591,130,10.10.21.7
disparityBoltSub,333,18,1531606792459,1531606792560,101,10.10.21.6
disparityBoltSub,333,19,1531606792459,1531606792534,75,10.10.21.7
disparityBoltSub,333,20,1531606792464,1531606792537,73,10.10.21.7
disparityBoltSub,333,21,1531606792462,1531606792592,130,10.10.21.7
disparityBoltSub,333,22,1531606792466,1531606792540,74,10.10.21.7
disparityBoltSub,333,23,1531606792458,1531606792534,76,10.10.21.6
disparityBoltSub,333,24,1531606792467,1531606792538,71,10.10.21.7
disparityBoltSub,333,25,1531606792461,1531606792532,71,10.10.21.7
disparityBoltSub,333,26,1531606792462,1531606792549,87,10.10.21.6
disparityBoltSub,333,27,1531606792462,1531606792553,91,10.10.21.6
disparityBoltSub,333,28,1531606792469,1531606792539,70,10.10.21.7
disparityBoltSub,333,29,1531606792463,1531606792576,113,10.10.21.6
disparityBoltSub,333,30,1531606792462,1531606792535,73,10.10.21.6
disparityBoltSub,333,31,1531606792464,1531606792541,77,10.10.21.7
disparityBolt,333,0,0,0,145,0
mergeBolt,333,0,1531606792593,1531606792608,15,10.10.21.6
reprojectionBolt,333,0,1531606792608,1531606792649,41,null
overall,333,0,1531606792371,1531606792649,278,0
videoSpout,334,0,1531606792876,1531606792881,5,10.10.21.7
rectificationBolt,334,0,1531606792901,1531606792929,28,10.10.21.6
partitionBolt,334,0,1531606792929,1531606792953,24,10.10.21.6
disparityBoltSub,334,0,1531606792956,1531606793002,46,10.10.21.7
disparityBoltSub,334,1,1531606792957,1531606793031,74,10.10.21.7
disparityBoltSub,334,2,1531606792958,1531606793043,85,10.10.21.6
disparityBoltSub,334,3,1531606792955,1531606793030,75,10.10.21.6
disparityBoltSub,334,4,1531606792958,1531606793029,71,10.10.21.7
disparityBoltSub,334,5,1531606792956,1531606793093,137,10.10.21.6
disparityBoltSub,334,6,1531606792959,1531606793031,72,10.10.21.7
disparityBoltSub,334,7,1531606792958,1531606793033,75,10.10.21.6
disparityBoltSub,334,8,1531606792961,1531606793064,103,10.10.21.7
disparityBoltSub,334,9,1531606792963,1531606793033,70,10.10.21.7
disparityBoltSub,334,10,1531606792964,1531606793034,70,10.10.21.7
disparityBoltSub,334,11,1531606792961,1531606793097,136,10.10.21.6
disparityBoltSub,334,12,1531606792962,1531606793033,71,10.10.21.6
disparityBoltSub,334,13,1531606792965,1531606793066,101,10.10.21.7
disparityBoltSub,334,14,1531606792961,1531606793038,77,10.10.21.6
disparityBoltSub,334,15,1531606792967,1531606793040,73,10.10.21.7
disparityBoltSub,334,16,1531606792964,1531606793041,77,10.10.21.6
disparityBoltSub,334,17,1531606792965,1531606793045,80,10.10.21.6
disparityBoltSub,334,18,1531606792966,1531606793039,73,10.10.21.6
disparityBoltSub,334,19,1531606792969,1531606793047,78,10.10.21.7
disparityBoltSub,334,20,1531606792966,1531606793038,72,10.10.21.6
disparityBoltSub,334,21,1531606792967,1531606793040,73,10.10.21.6
disparityBoltSub,334,22,1531606792964,1531606793037,73,10.10.21.6
disparityBoltSub,334,23,1531606792964,1531606793037,73,10.10.21.6
disparityBoltSub,334,24,1531606792965,1531606793035,70,10.10.21.6
disparityBoltSub,334,25,1531606792967,1531606793039,72,10.10.21.7
disparityBoltSub,334,26,1531606792970,1531606793041,71,10.10.21.7
disparityBoltSub,334,27,1531606792968,1531606793045,77,10.10.21.6
disparityBoltSub,334,28,1531606792966,1531606793040,74,10.10.21.6
disparityBoltSub,334,29,1531606792971,1531606793044,73,10.10.21.7
disparityBoltSub,334,30,1531606792969,1531606793040,71,10.10.21.6
disparityBoltSub,334,31,1531606792968,1531606793011,43,10.10.21.6
disparityBolt,334,0,0,0,142,0
mergeBolt,334,0,1531606793098,1531606793113,15,10.10.21.6
reprojectionBolt,334,0,1531606793113,1531606793152,39,null
overall,334,0,1531606792876,1531606793152,276,0
videoSpout,335,0,1531606793381,1531606793386,5,10.10.21.7
rectificationBolt,335,0,1531606793406,1531606793435,29,10.10.21.6
partitionBolt,335,0,1531606793435,1531606793454,19,10.10.21.6
disparityBoltSub,335,0,1531606793457,1531606793500,43,10.10.21.7
disparityBoltSub,335,1,1531606793459,1531606793531,72,10.10.21.6
disparityBoltSub,335,2,1531606793459,1531606793552,93,10.10.21.6
disparityBoltSub,335,3,1531606793461,1531606793530,69,10.10.21.6
disparityBoltSub,335,4,1531606793457,1531606793535,78,10.10.21.6
disparityBoltSub,335,5,1531606793458,1531606793534,76,10.10.21.6
disparityBoltSub,335,6,1531606793462,1531606793539,77,10.10.21.6
disparityBoltSub,335,7,1531606793458,1531606793533,75,10.10.21.6
disparityBoltSub,335,8,1531606793461,1531606793532,71,10.10.21.7
disparityBoltSub,335,9,1531606793484,1531606793557,73,10.10.21.7
disparityBoltSub,335,10,1531606793462,1531606793533,71,10.10.21.7
disparityBoltSub,335,11,1531606793485,1531606793554,69,10.10.21.7
disparityBoltSub,335,12,1531606793486,1531606793557,71,10.10.21.7
disparityBoltSub,335,13,1531606793461,1531606793553,92,10.10.21.6
disparityBoltSub,335,14,1531606793488,1531606793560,72,10.10.21.7
disparityBoltSub,335,15,1531606793484,1531606793555,71,10.10.21.6
disparityBoltSub,335,16,1531606793489,1531606793609,120,10.10.21.7
disparityBoltSub,335,17,1531606793484,1531606793584,100,10.10.21.6
disparityBoltSub,335,18,1531606793492,1531606793615,123,10.10.21.7
disparityBoltSub,335,19,1531606793491,1531606793564,73,10.10.21.7
disparityBoltSub,335,20,1531606793485,1531606793559,74,10.10.21.6
disparityBoltSub,335,21,1531606793495,1531606793569,74,10.10.21.7
disparityBoltSub,335,22,1531606793486,1531606793559,73,10.10.21.6
disparityBoltSub,335,23,1531606793488,1531606793620,132,10.10.21.6
disparityBoltSub,335,24,1531606793496,1531606793567,71,10.10.21.7
disparityBoltSub,335,25,1531606793489,1531606793619,130,10.10.21.6
disparityBoltSub,335,26,1531606793497,1531606793570,73,10.10.21.7
disparityBoltSub,335,27,1531606793491,1531606793561,70,10.10.21.6
disparityBoltSub,335,28,1531606793490,1531606793561,71,10.10.21.6
disparityBoltSub,335,29,1531606793492,1531606793561,69,10.10.21.6
disparityBoltSub,335,30,1531606793498,1531606793567,69,10.10.21.7
disparityBoltSub,335,31,1531606793490,1531606793535,45,10.10.21.6
disparityBolt,335,0,0,0,163,0
mergeBolt,335,0,1531606793621,1531606793636,15,10.10.21.6
reprojectionBolt,335,0,1531606793637,1531606793675,38,null
overall,335,0,1531606793381,1531606793675,294,0
videoSpout,336,0,1531606793886,1531606793891,5,10.10.21.7
rectificationBolt,336,0,1531606793912,1531606793941,29,10.10.21.6
partitionBolt,336,0,1531606793941,1531606793960,19,10.10.21.6
disparityBoltSub,336,0,1531606793969,1531606794012,43,10.10.21.6
disparityBoltSub,336,1,1531606793964,1531606794035,71,10.10.21.7
disparityBoltSub,336,2,1531606793966,1531606794037,71,10.10.21.7
disparityBoltSub,336,3,1531606793965,1531606794038,73,10.10.21.7
disparityBoltSub,336,4,1531606793967,1531606794037,70,10.10.21.7
disparityBoltSub,336,5,1531606793967,1531606794036,69,10.10.21.7
disparityBoltSub,336,6,1531606793963,1531606794040,77,10.10.21.6
disparityBoltSub,336,7,1531606793964,1531606794094,130,10.10.21.6
disparityBoltSub,336,8,1531606793969,1531606794038,69,10.10.21.7
disparityBoltSub,336,9,1531606793968,1531606794041,73,10.10.21.7
disparityBoltSub,336,10,1531606793969,1531606794040,71,10.10.21.7
disparityBoltSub,336,11,1531606793969,1531606794096,127,10.10.21.6
disparityBoltSub,336,12,1531606793970,1531606794040,70,10.10.21.6
disparityBoltSub,336,13,1531606793970,1531606794039,69,10.10.21.7
disparityBoltSub,336,14,1531606793972,1531606794098,126,10.10.21.7
disparityBoltSub,336,15,1531606793968,1531606794039,71,10.10.21.6
disparityBoltSub,336,16,1531606793971,1531606794047,76,10.10.21.6
disparityBoltSub,336,17,1531606793968,1531606794097,129,10.10.21.6
disparityBoltSub,336,18,1531606793968,1531606794039,71,10.10.21.6
disparityBoltSub,336,19,1531606793968,1531606794044,76,10.10.21.6
disparityBoltSub,336,20,1531606793969,1531606794045,76,10.10.21.6
disparityBoltSub,336,21,1531606793969,1531606794045,76,10.10.21.6
disparityBoltSub,336,22,1531606793974,1531606794054,80,10.10.21.7
disparityBoltSub,336,23,1531606793973,1531606794048,75,10.10.21.7
disparityBoltSub,336,24,1531606793974,1531606794043,69,10.10.21.7
disparityBoltSub,336,25,1531606793975,1531606794048,73,10.10.21.7
disparityBoltSub,336,26,1531606793977,1531606794092,115,10.10.21.7
disparityBoltSub,336,27,1531606793975,1531606794052,77,10.10.21.6
disparityBoltSub,336,28,1531606793975,1531606794099,124,10.10.21.6
disparityBoltSub,336,29,1531606793979,1531606794060,81,10.10.21.7
disparityBoltSub,336,30,1531606793981,1531606794082,101,10.10.21.7
disparityBoltSub,336,31,1531606793982,1531606794054,72,10.10.21.7
disparityBolt,336,0,0,0,136,0
mergeBolt,336,0,1531606794100,1531606794116,16,10.10.21.6
reprojectionBolt,336,0,1531606794116,1531606794155,39,null
overall,336,0,1531606793886,1531606794155,269,0
videoSpout,337,0,1531606794392,1531606794395,3,10.10.21.7
rectificationBolt,337,0,1531606794415,1531606794445,30,10.10.21.6
partitionBolt,337,0,1531606794445,1531606794463,18,10.10.21.6
disparityBoltSub,337,0,1531606794464,1531606794506,42,10.10.21.6
disparityBoltSub,337,1,1531606794467,1531606794542,75,10.10.21.7
disparityBoltSub,337,2,1531606794467,1531606794543,76,10.10.21.6
disparityBoltSub,337,3,1531606794468,1531606794543,75,10.10.21.6
disparityBoltSub,337,4,1531606794466,1531606794538,72,10.10.21.6
disparityBoltSub,337,5,1531606794469,1531606794543,74,10.10.21.6
disparityBoltSub,337,6,1531606794470,1531606794542,72,10.10.21.7
disparityBoltSub,337,7,1531606794470,1531606794541,71,10.10.21.6
disparityBoltSub,337,8,1531606794472,1531606794544,72,10.10.21.6
disparityBoltSub,337,9,1531606794472,1531606794542,70,10.10.21.7
disparityBoltSub,337,10,1531606794472,1531606794545,73,10.10.21.6
disparityBoltSub,337,11,1531606794472,1531606794544,72,10.10.21.7
disparityBoltSub,337,12,1531606794473,1531606794543,70,10.10.21.6
disparityBoltSub,337,13,1531606794470,1531606794541,71,10.10.21.6
disparityBoltSub,337,14,1531606794473,1531606794606,133,10.10.21.7
disparityBoltSub,337,15,1531606794474,1531606794608,134,10.10.21.7
disparityBoltSub,337,16,1531606794473,1531606794547,74,10.10.21.6
disparityBoltSub,337,17,1531606794474,1531606794554,80,10.10.21.6
disparityBoltSub,337,18,1531606794472,1531606794549,77,10.10.21.6
disparityBoltSub,337,19,1531606794476,1531606794614,138,10.10.21.6
disparityBoltSub,337,20,1531606794476,1531606794551,75,10.10.21.7
disparityBoltSub,337,21,1531606794479,1531606794550,71,10.10.21.7
disparityBoltSub,337,22,1531606794477,1531606794549,72,10.10.21.7
disparityBoltSub,337,23,1531606794476,1531606794553,77,10.10.21.6
disparityBoltSub,337,24,1531606794478,1531606794549,71,10.10.21.6
disparityBoltSub,337,25,1531606794480,1531606794553,73,10.10.21.6
disparityBoltSub,337,26,1531606794479,1531606794550,71,10.10.21.7
disparityBoltSub,337,27,1531606794481,1531606794618,137,10.10.21.6
disparityBoltSub,337,28,1531606794478,1531606794550,72,10.10.21.6
disparityBoltSub,337,29,1531606794481,1531606794559,78,10.10.21.6
disparityBoltSub,337,30,1531606794481,1531606794552,71,10.10.21.7
disparityBoltSub,337,31,1531606794479,1531606794522,43,10.10.21.6
disparityBolt,337,0,0,0,154,0
mergeBolt,337,0,1531606794620,1531606794635,15,10.10.21.6
reprojectionBolt,337,0,1531606794635,1531606794674,39,null
overall,337,0,1531606794392,1531606794674,282,0
videoSpout,338,0,1531606794896,1531606794900,4,10.10.21.7
rectificationBolt,338,0,1531606794920,1531606794956,36,10.10.21.6
partitionBolt,338,0,1531606794956,1531606794974,18,10.10.21.6
disparityBoltSub,338,0,1531606794977,1531606795023,46,10.10.21.7
disparityBoltSub,338,1,1531606794976,1531606795049,73,10.10.21.6
disparityBoltSub,338,2,1531606794979,1531606795050,71,10.10.21.7
disparityBoltSub,338,3,1531606794980,1531606795057,77,10.10.21.7
disparityBoltSub,338,4,1531606794980,1531606795052,72,10.10.21.6
disparityBoltSub,338,5,1531606794981,1531606795053,72,10.10.21.7
disparityBoltSub,338,6,1531606794980,1531606795052,72,10.10.21.7
disparityBoltSub,338,7,1531606794980,1531606795052,72,10.10.21.6
disparityBoltSub,338,8,1531606794982,1531606795055,73,10.10.21.7
disparityBoltSub,338,9,1531606794981,1531606795056,75,10.10.21.6
disparityBoltSub,338,10,1531606794984,1531606795061,77,10.10.21.7
disparityBoltSub,338,11,1531606794982,1531606795052,70,10.10.21.6
disparityBoltSub,338,12,1531606794983,1531606795059,76,10.10.21.7
disparityBoltSub,338,13,1531606794985,1531606795115,130,10.10.21.7
disparityBoltSub,338,14,1531606794986,1531606795058,72,10.10.21.6
disparityBoltSub,338,15,1531606794984,1531606795054,70,10.10.21.6
disparityBoltSub,338,16,1531606794983,1531606795108,125,10.10.21.6
disparityBoltSub,338,17,1531606794984,1531606795059,75,10.10.21.6
disparityBoltSub,338,18,1531606794983,1531606795108,125,10.10.21.6
disparityBoltSub,338,19,1531606794984,1531606795059,75,10.10.21.6
disparityBoltSub,338,20,1531606794987,1531606795058,71,10.10.21.6
disparityBoltSub,338,21,1531606794984,1531606795057,73,10.10.21.6
disparityBoltSub,338,22,1531606794987,1531606795125,138,10.10.21.7
disparityBoltSub,338,23,1531606794993,1531606795069,76,10.10.21.7
disparityBoltSub,338,24,1531606794986,1531606795057,71,10.10.21.6
disparityBoltSub,338,25,1531606794988,1531606795062,74,10.10.21.6
disparityBoltSub,338,26,1531606794991,1531606795119,128,10.10.21.7
disparityBoltSub,338,27,1531606794990,1531606795061,71,10.10.21.7
disparityBoltSub,338,28,1531606794993,1531606795066,73,10.10.21.7
disparityBoltSub,338,29,1531606794990,1531606795062,72,10.10.21.6
disparityBoltSub,338,30,1531606794996,1531606795125,129,10.10.21.7
disparityBoltSub,338,31,1531606794995,1531606795041,46,10.10.21.7
disparityBolt,338,0,0,0,149,0
mergeBolt,338,0,1531606795127,1531606795142,15,10.10.21.6
reprojectionBolt,338,0,1531606795142,1531606795180,38,null
overall,338,0,1531606794896,1531606795180,284,0
videoSpout,339,0,1531606795400,1531606795404,4,10.10.21.7
rectificationBolt,339,0,1531606795424,1531606795446,22,10.10.21.6
partitionBolt,339,0,1531606795446,1531606795463,17,10.10.21.6
disparityBoltSub,339,0,1531606795466,1531606795510,44,10.10.21.7
disparityBoltSub,339,1,1531606795464,1531606795543,79,10.10.21.6
disparityBoltSub,339,2,1531606795464,1531606795538,74,10.10.21.6
disparityBoltSub,339,3,1531606795467,1531606795539,72,10.10.21.7
disparityBoltSub,339,4,1531606795465,1531606795565,100,10.10.21.6
disparityBoltSub,339,5,1531606795489,1531606795563,74,10.10.21.6
disparityBoltSub,339,6,1531606795488,1531606795563,75,10.10.21.6
disparityBoltSub,339,7,1531606795491,1531606795562,71,10.10.21.7
disparityBoltSub,339,8,1531606795492,1531606795561,69,10.10.21.7
disparityBoltSub,339,9,1531606795490,1531606795618,128,10.10.21.6
disparityBoltSub,339,10,1531606795493,1531606795564,71,10.10.21.7
disparityBoltSub,339,11,1531606795491,1531606795570,79,10.10.21.6
disparityBoltSub,339,12,1531606795495,1531606795569,74,10.10.21.7
disparityBoltSub,339,13,1531606795501,1531606795629,128,10.10.21.6
disparityBoltSub,339,14,1531606795501,1531606795572,71,10.10.21.6
disparityBoltSub,339,15,1531606795503,1531606795631,128,10.10.21.6
disparityBoltSub,339,16,1531606795492,1531606795615,123,10.10.21.6
disparityBoltSub,339,17,1531606795503,1531606795576,73,10.10.21.6
disparityBoltSub,339,18,1531606795505,1531606795580,75,10.10.21.6
disparityBoltSub,339,19,1531606795505,1531606795578,73,10.10.21.6
disparityBoltSub,339,20,1531606795493,1531606795569,76,10.10.21.6
disparityBoltSub,339,21,1531606795497,1531606795576,79,10.10.21.7
disparityBoltSub,339,22,1531606795494,1531606795626,132,10.10.21.6
disparityBoltSub,339,23,1531606795506,1531606795579,73,10.10.21.6
disparityBoltSub,339,24,1531606795495,1531606795617,122,10.10.21.6
disparityBoltSub,339,25,1531606795498,1531606795568,70,10.10.21.7
disparityBoltSub,339,26,1531606795500,1531606795570,70,10.10.21.7
disparityBoltSub,339,27,1531606795498,1531606795575,77,10.10.21.7
disparityBoltSub,339,28,1531606795501,1531606795570,69,10.10.21.7
disparityBoltSub,339,29,1531606795507,1531606795579,72,10.10.21.6
disparityBoltSub,339,30,1531606795508,1531606795580,72,10.10.21.6
disparityBoltSub,339,31,1531606795498,1531606795562,64,10.10.21.6
disparityBolt,339,0,0,0,167,0
mergeBolt,339,0,1531606795632,1531606795647,15,10.10.21.6
reprojectionBolt,339,0,1531606795647,1531606795686,39,null
overall,339,0,1531606795400,1531606795686,286,0
videoSpout,340,0,1531606795904,1531606795908,4,10.10.21.7
rectificationBolt,340,0,1531606795928,1531606795959,31,10.10.21.6
partitionBolt,340,0,1531606795959,1531606795977,18,10.10.21.6
disparityBoltSub,340,0,1531606795983,1531606796024,41,10.10.21.7
disparityBoltSub,340,1,1531606795979,1531606796073,94,10.10.21.6
disparityBoltSub,340,2,1531606795982,1531606796053,71,10.10.21.7
disparityBoltSub,340,3,1531606795984,1531606796056,72,10.10.21.7
disparityBoltSub,340,4,1531606795983,1531606796055,72,10.10.21.7
disparityBoltSub,340,5,1531606795980,1531606796073,93,10.10.21.6
disparityBoltSub,340,6,1531606795987,1531606796084,97,10.10.21.7
disparityBoltSub,340,7,1531606795985,1531606796083,98,10.10.21.7
disparityBoltSub,340,8,1531606795985,1531606796058,73,10.10.21.7
disparityBoltSub,340,9,1531606795987,1531606796059,72,10.10.21.7
disparityBoltSub,340,10,1531606795985,1531606796105,120,10.10.21.6
disparityBoltSub,340,11,1531606795986,1531606796056,70,10.10.21.6
disparityBoltSub,340,12,1531606795987,1531606796059,72,10.10.21.6
disparityBoltSub,340,13,1531606795984,1531606796073,89,10.10.21.6
disparityBoltSub,340,14,1531606795987,1531606796071,84,10.10.21.6
disparityBoltSub,340,15,1531606795989,1531606796060,71,10.10.21.6
disparityBoltSub,340,16,1531606795988,1531606796060,72,10.10.21.7
disparityBoltSub,340,17,1531606795990,1531606796116,126,10.10.21.6
disparityBoltSub,340,18,1531606795986,1531606796112,126,10.10.21.6
disparityBoltSub,340,19,1531606795991,1531606796116,125,10.10.21.6
disparityBoltSub,340,20,1531606795987,1531606796081,94,10.10.21.6
disparityBoltSub,340,21,1531606795988,1531606796112,124,10.10.21.6
disparityBoltSub,340,22,1531606795992,1531606796068,76,10.10.21.6
disparityBoltSub,340,23,1531606795993,1531606796064,71,10.10.21.6
disparityBoltSub,340,24,1531606795992,1531606796072,80,10.10.21.6
disparityBoltSub,340,25,1531606795989,1531606796089,100,10.10.21.6
disparityBoltSub,340,26,1531606795989,1531606796074,85,10.10.21.6
disparityBoltSub,340,27,1531606795995,1531606796076,81,10.10.21.6
disparityBoltSub,340,28,1531606795994,1531606796063,69,10.10.21.7
disparityBoltSub,340,29,1531606795995,1531606796084,89,10.10.21.6
disparityBoltSub,340,30,1531606795991,1531606796125,134,10.10.21.6
disparityBoltSub,340,31,1531606795994,1531606796031,37,10.10.21.7
disparityBolt,340,0,0,0,146,0
mergeBolt,340,0,1531606796125,1531606796140,15,10.10.21.6
reprojectionBolt,340,0,1531606796140,1531606796179,39,null
overall,340,0,1531606795904,1531606796179,275,0
videoSpout,341,0,1531606796408,1531606796412,4,10.10.21.7
rectificationBolt,341,0,1531606796432,1531606796460,28,10.10.21.6
partitionBolt,341,0,1531606796460,1531606796478,18,10.10.21.6
disparityBoltSub,341,0,1531606796479,1531606796521,42,10.10.21.6
disparityBoltSub,341,1,1531606796483,1531606796556,73,10.10.21.7
disparityBoltSub,341,2,1531606796481,1531606796557,76,10.10.21.6
disparityBoltSub,341,3,1531606796483,1531606796564,81,10.10.21.7
disparityBoltSub,341,4,1531606796484,1531606796553,69,10.10.21.7
disparityBoltSub,341,5,1531606796483,1531606796556,73,10.10.21.6
disparityBoltSub,341,6,1531606796481,1531606796556,75,10.10.21.6
disparityBoltSub,341,7,1531606796483,1531606796555,72,10.10.21.6
disparityBoltSub,341,8,1531606796485,1531606796557,72,10.10.21.6
disparityBoltSub,341,9,1531606796485,1531606796555,70,10.10.21.7
disparityBoltSub,341,10,1531606796492,1531606796564,72,10.10.21.7
disparityBoltSub,341,11,1531606796486,1531606796557,71,10.10.21.6
disparityBoltSub,341,12,1531606796487,1531606796559,72,10.10.21.6
disparityBoltSub,341,13,1531606796487,1531606796566,79,10.10.21.6
disparityBoltSub,341,14,1531606796488,1531606796559,71,10.10.21.7
disparityBoltSub,341,15,1531606796488,1531606796566,78,10.10.21.6
disparityBoltSub,341,16,1531606796486,1531606796562,76,10.10.21.6
disparityBoltSub,341,17,1531606796487,1531606796564,77,10.10.21.6
disparityBoltSub,341,18,1531606796489,1531606796568,79,10.10.21.6
disparityBoltSub,341,19,1531606796488,1531606796562,74,10.10.21.6
disparityBoltSub,341,20,1531606796495,1531606796633,138,10.10.21.7
disparityBoltSub,341,21,1531606796488,1531606796563,75,10.10.21.6
disparityBoltSub,341,22,1531606796497,1531606796573,76,10.10.21.7
disparityBoltSub,341,23,1531606796499,1531606796571,72,10.10.21.7
disparityBoltSub,341,24,1531606796498,1531606796632,134,10.10.21.7
disparityBoltSub,341,25,1531606796501,1531606796575,74,10.10.21.7
disparityBoltSub,341,26,1531606796495,1531606796561,66,10.10.21.7
disparityBoltSub,341,27,1531606796496,1531606796614,118,10.10.21.7
disparityBoltSub,341,28,1531606796495,1531606796567,72,10.10.21.6
disparityBoltSub,341,29,1531606796502,1531606796620,118,10.10.21.7
disparityBoltSub,341,30,1531606796504,1531606796613,109,10.10.21.7
disparityBoltSub,341,31,1531606796504,1531606796585,81,10.10.21.7
disparityBolt,341,0,0,0,154,0
mergeBolt,341,0,1531606796635,1531606796651,16,10.10.21.6
reprojectionBolt,341,0,1531606796651,1531606796691,40,null
overall,341,0,1531606796408,1531606796691,283,0
videoSpout,342,0,1531606796912,1531606796916,4,10.10.21.7
rectificationBolt,342,0,1531606796983,1531606797013,30,10.10.21.6
partitionBolt,342,0,1531606797013,1531606797033,20,10.10.21.6
disparityBoltSub,342,0,1531606797037,1531606797081,44,10.10.21.6
disparityBoltSub,342,1,1531606797034,1531606797107,73,10.10.21.6
disparityBoltSub,342,2,1531606797034,1531606797108,74,10.10.21.6
disparityBoltSub,342,3,1531606797037,1531606797109,72,10.10.21.6
disparityBoltSub,342,4,1531606797038,1531606797114,76,10.10.21.7
disparityBoltSub,342,5,1531606797038,1531606797111,73,10.10.21.6
disparityBoltSub,342,6,1531606797039,1531606797103,64,10.10.21.7
disparityBoltSub,342,7,1531606797039,1531606797113,74,10.10.21.7
disparityBoltSub,342,8,1531606797039,1531606797113,74,10.10.21.6
disparityBoltSub,342,9,1531606797037,1531606797168,131,10.10.21.6
disparityBoltSub,342,10,1531606797042,1531606797113,71,10.10.21.7
disparityBoltSub,342,11,1531606797041,1531606797106,65,10.10.21.7
disparityBoltSub,342,12,1531606797039,1531606797109,70,10.10.21.6
disparityBoltSub,342,13,1531606797045,1531606797113,68,10.10.21.7
disparityBoltSub,342,14,1531606797043,1531606797115,72,10.10.21.7
disparityBoltSub,342,15,1531606797043,1531606797118,75,10.10.21.6
disparityBoltSub,342,16,1531606797042,1531606797120,78,10.10.21.6
disparityBoltSub,342,17,1531606797047,1531606797152,105,10.10.21.7
disparityBoltSub,342,18,1531606797045,1531606797118,73,10.10.21.7
disparityBoltSub,342,19,1531606797046,1531606797155,109,10.10.21.7
disparityBoltSub,342,20,1531606797044,1531606797179,135,10.10.21.6
disparityBoltSub,342,21,1531606797049,1531606797126,77,10.10.21.7
disparityBoltSub,342,22,1531606797048,1531606797123,75,10.10.21.7
disparityBoltSub,342,23,1531606797044,1531606797120,76,10.10.21.6
disparityBoltSub,342,24,1531606797047,1531606797126,79,10.10.21.6
disparityBoltSub,342,25,1531606797048,1531606797133,85,10.10.21.6
disparityBoltSub,342,26,1531606797048,1531606797122,74,10.10.21.6
disparityBoltSub,342,27,1531606797048,1531606797123,75,10.10.21.7
disparityBoltSub,342,28,1531606797047,1531606797117,70,10.10.21.6
disparityBoltSub,342,29,1531606797048,1531606797129,81,10.10.21.6
disparityBoltSub,342,30,1531606797051,1531606797122,71,10.10.21.7
disparityBoltSub,342,31,1531606797051,1531606797091,40,10.10.21.7
disparityBolt,342,0,0,0,145,0
mergeBolt,342,0,1531606797180,1531606797196,16,10.10.21.6
reprojectionBolt,342,0,1531606797196,1531606797235,39,null
overall,342,0,1531606796912,1531606797235,323,0
videoSpout,343,0,1531606797416,1531606797420,4,10.10.21.7
rectificationBolt,343,0,1531606797437,1531606797467,30,10.10.21.6
partitionBolt,343,0,1531606797467,1531606797513,46,10.10.21.6
disparityBoltSub,343,0,1531606797514,1531606797557,43,10.10.21.6
disparityBoltSub,343,1,1531606797517,1531606797591,74,10.10.21.7
disparityBoltSub,343,2,1531606797519,1531606797595,76,10.10.21.6
disparityBoltSub,343,3,1531606797518,1531606797591,73,10.10.21.7
disparityBoltSub,343,4,1531606797519,1531606797642,123,10.10.21.6
disparityBoltSub,343,5,1531606797520,1531606797592,72,10.10.21.6
disparityBoltSub,343,6,1531606797521,1531606797595,74,10.10.21.7
disparityBoltSub,343,7,1531606797521,1531606797590,69,10.10.21.7
disparityBoltSub,343,8,1531606797518,1531606797588,70,10.10.21.6
disparityBoltSub,343,9,1531606797521,1531606797590,69,10.10.21.6
disparityBoltSub,343,10,1531606797523,1531606797595,72,10.10.21.6
disparityBoltSub,343,11,1531606797523,1531606797595,72,10.10.21.7
disparityBoltSub,343,12,1531606797524,1531606797598,74,10.10.21.6
disparityBoltSub,343,13,1531606797521,1531606797594,73,10.10.21.6
disparityBoltSub,343,14,1531606797527,1531606797598,71,10.10.21.6
disparityBoltSub,343,15,1531606797525,1531606797622,97,10.10.21.6
disparityBoltSub,343,16,1531606797526,1531606797600,74,10.10.21.7
disparityBoltSub,343,17,1531606797528,1531606797601,73,10.10.21.7
disparityBoltSub,343,18,1531606797523,1531606797596,73,10.10.21.6
disparityBoltSub,343,19,1531606797528,1531606797601,73,10.10.21.6
disparityBoltSub,343,20,1531606797530,1531606797602,72,10.10.21.6
disparityBoltSub,343,21,1531606797525,1531606797646,121,10.10.21.6
disparityBoltSub,343,22,1531606797525,1531606797652,127,10.10.21.6
disparityBoltSub,343,23,1531606797530,1531606797605,75,10.10.21.7
disparityBoltSub,343,24,1531606797530,1531606797658,128,10.10.21.7
disparityBoltSub,343,25,1531606797531,1531606797598,67,10.10.21.6
disparityBoltSub,343,26,1531606797532,1531606797603,71,10.10.21.6
disparityBoltSub,343,27,1531606797532,1531606797658,126,10.10.21.7
disparityBoltSub,343,28,1531606797533,1531606797604,71,10.10.21.6
disparityBoltSub,343,29,1531606797533,1531606797601,68,10.10.21.7
disparityBoltSub,343,30,1531606797535,1531606797652,117,10.10.21.6
disparityBoltSub,343,31,1531606797534,1531606797574,40,10.10.21.6
disparityBolt,343,0,0,0,144,0
mergeBolt,343,0,1531606797660,1531606797676,16,10.10.21.6
reprojectionBolt,343,0,1531606797676,1531606797716,40,null
overall,343,0,1531606797416,1531606797716,300,0
videoSpout,344,0,1531606797920,1531606797925,5,10.10.21.7
rectificationBolt,344,0,1531606797946,1531606797977,31,10.10.21.6
partitionBolt,344,0,1531606797977,1531606797996,19,10.10.21.6
disparityBoltSub,344,0,1531606797999,1531606798048,49,10.10.21.7
disparityBoltSub,344,1,1531606797997,1531606798096,99,10.10.21.6
disparityBoltSub,344,2,1531606798000,1531606798110,110,10.10.21.7
disparityBoltSub,344,3,1531606797999,1531606798077,78,10.10.21.6
disparityBoltSub,344,4,1531606798002,1531606798072,70,10.10.21.7
disparityBoltSub,344,5,1531606798004,1531606798072,68,10.10.21.7
disparityBoltSub,344,6,1531606797999,1531606798093,94,10.10.21.6
disparityBoltSub,344,7,1531606798005,1531606798076,71,10.10.21.7
disparityBoltSub,344,8,1531606798002,1531606798077,75,10.10.21.6
disparityBoltSub,344,9,1531606798004,1531606798115,111,10.10.21.7
disparityBoltSub,344,10,1531606798003,1531606798074,71,10.10.21.6
disparityBoltSub,344,11,1531606798004,1531606798125,121,10.10.21.6
disparityBoltSub,344,12,1531606798002,1531606798094,92,10.10.21.6
disparityBoltSub,344,13,1531606798008,1531606798080,72,10.10.21.7
disparityBoltSub,344,14,1531606798007,1531606798079,72,10.10.21.7
disparityBoltSub,344,15,1531606798005,1531606798085,80,10.10.21.6
disparityBoltSub,344,16,1531606798043,1531606798118,75,10.10.21.7
disparityBoltSub,344,17,1531606798013,1531606798158,145,10.10.21.7
disparityBoltSub,344,18,1531606798043,1531606798120,77,10.10.21.7
disparityBoltSub,344,19,1531606798010,1531606798118,108,10.10.21.7
disparityBoltSub,344,20,1531606798008,1531606798134,126,10.10.21.6
disparityBoltSub,344,21,1531606798045,1531606798121,76,10.10.21.7
disparityBoltSub,344,22,1531606798046,1531606798149,103,10.10.21.7
disparityBoltSub,344,23,1531606798008,1531606798098,90,10.10.21.6
disparityBoltSub,344,24,1531606798048,1531606798123,75,10.10.21.7
disparityBoltSub,344,25,1531606798008,1531606798094,86,10.10.21.6
disparityBoltSub,344,26,1531606798055,1531606798124,69,10.10.21.7
disparityBoltSub,344,27,1531606798045,1531606798124,79,10.10.21.6
disparityBoltSub,344,28,1531606798056,1531606798129,73,10.10.21.7
disparityBoltSub,344,29,1531606798047,1531606798108,61,10.10.21.7
disparityBoltSub,344,30,1531606798044,1531606798116,72,10.10.21.6
disparityBoltSub,344,31,1531606798044,1531606798083,39,10.10.21.6
disparityBolt,344,0,0,0,161,0
mergeBolt,344,0,1531606798160,1531606798176,16,10.10.21.6
reprojectionBolt,344,0,1531606798176,1531606798216,40,null
overall,344,0,1531606797920,1531606798216,296,0
videoSpout,345,0,1531606798425,1531606798429,4,10.10.21.7
rectificationBolt,345,0,1531606798449,1531606798480,31,10.10.21.6
partitionBolt,345,0,1531606798480,1531606798500,20,10.10.21.6
disparityBoltSub,345,0,1531606798502,1531606798544,42,10.10.21.7
disparityBoltSub,345,1,1531606798503,1531606798579,76,10.10.21.6
disparityBoltSub,345,2,1531606798504,1531606798575,71,10.10.21.7
disparityBoltSub,345,3,1531606798502,1531606798575,73,10.10.21.6
disparityBoltSub,345,4,1531606798502,1531606798576,74,10.10.21.6
disparityBoltSub,345,5,1531606798505,1531606798576,71,10.10.21.7
disparityBoltSub,345,6,1531606798504,1531606798578,74,10.10.21.6
disparityBoltSub,345,7,1531606798504,1531606798575,71,10.10.21.6
disparityBoltSub,345,8,1531606798505,1531606798580,75,10.10.21.6
disparityBoltSub,345,9,1531606798507,1531606798587,80,10.10.21.6
disparityBoltSub,345,10,1531606798507,1531606798577,70,10.10.21.7
disparityBoltSub,345,11,1531606798509,1531606798582,73,10.10.21.7
disparityBoltSub,345,12,1531606798507,1531606798601,94,10.10.21.6
disparityBoltSub,345,13,1531606798511,1531606798582,71,10.10.21.7
disparityBoltSub,345,14,1531606798510,1531606798583,73,10.10.21.7
disparityBoltSub,345,15,1531606798512,1531606798582,70,10.10.21.7
disparityBoltSub,345,16,1531606798508,1531606798580,72,10.10.21.6
disparityBoltSub,345,17,1531606798513,1531606798590,77,10.10.21.7
disparityBoltSub,345,18,1531606798511,1531606798588,77,10.10.21.6
disparityBoltSub,345,19,1531606798512,1531606798640,128,10.10.21.6
disparityBoltSub,345,20,1531606798516,1531606798589,73,10.10.21.7
disparityBoltSub,345,21,1531606798515,1531606798588,73,10.10.21.7
disparityBoltSub,345,22,1531606798513,1531606798591,78,10.10.21.6
disparityBoltSub,345,23,1531606798513,1531606798610,97,10.10.21.6
disparityBoltSub,345,24,1531606798515,1531606798588,73,10.10.21.6
disparityBoltSub,345,25,1531606798515,1531606798591,76,10.10.21.6
disparityBoltSub,345,26,1531606798516,1531606798642,126,10.10.21.6
disparityBoltSub,345,27,1531606798517,1531606798636,119,10.10.21.6
disparityBoltSub,345,28,1531606798517,1531606798588,71,10.10.21.7
disparityBoltSub,345,29,1531606798515,1531606798589,74,10.10.21.6
disparityBoltSub,345,30,1531606798515,1531606798588,73,10.10.21.6
disparityBoltSub,345,31,1531606798517,1531606798557,40,10.10.21.7
disparityBolt,345,0,0,0,140,0
mergeBolt,345,0,1531606798644,1531606798659,15,10.10.21.6
reprojectionBolt,345,0,1531606798659,1531606798753,94,null
overall,345,0,1531606798425,1531606798753,328,0
videoSpout,346,0,1531606798929,1531606798933,4,10.10.21.7
rectificationBolt,346,0,1531606798954,1531606798980,26,10.10.21.6
partitionBolt,346,0,1531606798980,1531606798998,18,10.10.21.6
disparityBoltSub,346,0,1531606799001,1531606799042,41,10.10.21.7
disparityBoltSub,346,1,1531606799002,1531606799092,90,10.10.21.7
disparityBoltSub,346,2,1531606799004,1531606799074,70,10.10.21.7
disparityBoltSub,346,3,1531606799002,1531606799075,73,10.10.21.6
disparityBoltSub,346,4,1531606799003,1531606799074,71,10.10.21.6
disparityBoltSub,346,5,1531606799006,1531606799141,135,10.10.21.7
disparityBoltSub,346,6,1531606799008,1531606799139,131,10.10.21.7
disparityBoltSub,346,7,1531606799004,1531606799081,77,10.10.21.6
disparityBoltSub,346,8,1531606799003,1531606799078,75,10.10.21.6
disparityBoltSub,346,9,1531606799010,1531606799148,138,10.10.21.7
disparityBoltSub,346,10,1531606799009,1531606799147,138,10.10.21.7
disparityBoltSub,346,11,1531606799013,1531606799082,69,10.10.21.7
disparityBoltSub,346,12,1531606799004,1531606799079,75,10.10.21.6
disparityBoltSub,346,13,1531606799008,1531606799079,71,10.10.21.6
disparityBoltSub,346,14,1531606799008,1531606799089,81,10.10.21.6
disparityBoltSub,346,15,1531606799007,1531606799081,74,10.10.21.6
disparityBoltSub,346,16,1531606799007,1531606799078,71,10.10.21.6
disparityBoltSub,346,17,1531606799008,1531606799084,76,10.10.21.6
disparityBoltSub,346,18,1531606799007,1531606799085,78,10.10.21.6
disparityBoltSub,346,19,1531606799010,1531606799078,68,10.10.21.7
disparityBoltSub,346,20,1531606799015,1531606799115,100,10.10.21.7
disparityBoltSub,346,21,1531606799016,1531606799090,74,10.10.21.7
disparityBoltSub,346,22,1531606799009,1531606799098,89,10.10.21.6
disparityBoltSub,346,23,1531606799013,1531606799084,71,10.10.21.7
disparityBoltSub,346,24,1531606799012,1531606799143,131,10.10.21.7
disparityBoltSub,346,25,1531606799015,1531606799145,130,10.10.21.7
disparityBoltSub,346,26,1531606799019,1531606799090,71,10.10.21.7
disparityBoltSub,346,27,1531606799018,1531606799088,70,10.10.21.7
disparityBoltSub,346,28,1531606799020,1531606799093,73,10.10.21.7
disparityBoltSub,346,29,1531606799013,1531606799088,75,10.10.21.6
disparityBoltSub,346,30,1531606799021,1531606799142,121,10.10.21.7
disparityBoltSub,346,31,1531606799016,1531606799057,41,10.10.21.6
disparityBolt,346,0,0,0,147,0
mergeBolt,346,0,1531606799149,1531606799165,16,10.10.21.6
reprojectionBolt,346,0,1531606799165,1531606799204,39,null
overall,346,0,1531606798929,1531606799204,275,0
videoSpout,347,0,1531606799434,1531606799438,4,10.10.21.7
rectificationBolt,347,0,1531606799458,1531606799513,55,10.10.21.6
partitionBolt,347,0,1531606799513,1531606799532,19,10.10.21.6
disparityBoltSub,347,0,1531606799534,1531606799579,45,10.10.21.6
disparityBoltSub,347,1,1531606799535,1531606799609,74,10.10.21.7
disparityBoltSub,347,2,1531606799534,1531606799608,74,10.10.21.6
disparityBoltSub,347,3,1531606799535,1531606799655,120,10.10.21.6
disparityBoltSub,347,4,1531606799534,1531606799610,76,10.10.21.6
disparityBoltSub,347,5,1531606799537,1531606799611,74,10.10.21.7
disparityBoltSub,347,6,1531606799536,1531606799655,119,10.10.21.6
disparityBoltSub,347,7,1531606799541,1531606799615,74,10.10.21.7
disparityBoltSub,347,8,1531606799539,1531606799643,104,10.10.21.7
disparityBoltSub,347,9,1531606799544,1531606799647,103,10.10.21.7
disparityBoltSub,347,10,1531606799542,1531606799657,115,10.10.21.7
disparityBoltSub,347,11,1531606799537,1531606799607,70,10.10.21.6
disparityBoltSub,347,12,1531606799545,1531606799667,122,10.10.21.7
disparityBoltSub,347,13,1531606799541,1531606799661,120,10.10.21.7
disparityBoltSub,347,14,1531606799543,1531606799665,122,10.10.21.7
disparityBoltSub,347,15,1531606799541,1531606799618,77,10.10.21.6
disparityBoltSub,347,16,1531606799542,1531606799613,71,10.10.21.6
disparityBoltSub,347,17,1531606799546,1531606799622,76,10.10.21.7
disparityBoltSub,347,18,1531606799545,1531606799626,81,10.10.21.6
disparityBoltSub,347,19,1531606799544,1531606799669,125,10.10.21.7
disparityBoltSub,347,20,1531606799549,1531606799639,90,10.10.21.7
disparityBoltSub,347,21,1531606799548,1531606799626,78,10.10.21.7
disparityBoltSub,347,22,1531606799558,1531606799678,120,10.10.21.7
disparityBoltSub,347,23,1531606799544,1531606799623,79,10.10.21.6
disparityBoltSub,347,24,1531606799558,1531606799647,89,10.10.21.7
disparityBoltSub,347,25,1531606799547,1531606799615,68,10.10.21.7
disparityBoltSub,347,26,1531606799548,1531606799669,121,10.10.21.6
disparityBoltSub,347,27,1531606799548,1531606799623,75,10.10.21.6
disparityBoltSub,347,28,1531606799559,1531606799634,75,10.10.21.7
disparityBoltSub,347,29,1531606799549,1531606799621,72,10.10.21.6
disparityBoltSub,347,30,1531606799547,1531606799668,121,10.10.21.6
disparityBoltSub,347,31,1531606799549,1531606799590,41,10.10.21.7
disparityBolt,347,0,0,0,144,0
mergeBolt,347,0,1531606799679,1531606799695,16,10.10.21.6
reprojectionBolt,347,0,1531606799695,1531606799734,39,null
overall,347,0,1531606799434,1531606799734,300,0
videoSpout,348,0,1531606799938,1531606799942,4,10.10.21.7
rectificationBolt,348,0,1531606799963,1531606799993,30,10.10.21.6
partitionBolt,348,0,1531606799993,1531606800011,18,10.10.21.6
disparityBoltSub,348,0,1531606800015,1531606800058,43,10.10.21.7
disparityBoltSub,348,1,1531606800016,1531606800087,71,10.10.21.7
disparityBoltSub,348,2,1531606800017,1531606800107,90,10.10.21.6
disparityBoltSub,348,3,1531606800013,1531606800090,77,10.10.21.6
disparityBoltSub,348,4,1531606800016,1531606800081,65,10.10.21.7
disparityBoltSub,348,5,1531606800015,1531606800092,77,10.10.21.6
disparityBoltSub,348,6,1531606800017,1531606800111,94,10.10.21.7
disparityBoltSub,348,7,1531606800038,1531606800118,80,10.10.21.6
disparityBoltSub,348,8,1531606800037,1531606800114,77,10.10.21.7
disparityBoltSub,348,9,1531606800040,1531606800111,71,10.10.21.7
disparityBoltSub,348,10,1531606800042,1531606800113,71,10.10.21.7
disparityBoltSub,348,11,1531606800039,1531606800179,140,10.10.21.6
disparityBoltSub,348,12,1531606800040,1531606800113,73,10.10.21.6
disparityBoltSub,348,13,1531606800045,1531606800116,71,10.10.21.7
disparityBoltSub,348,14,1531606800037,1531606800112,75,10.10.21.6
disparityBoltSub,348,15,1531606800044,1531606800147,103,10.10.21.7
disparityBoltSub,348,16,1531606800041,1531606800179,138,10.10.21.6
disparityBoltSub,348,17,1531606800051,1531606800132,81,10.10.21.6
disparityBoltSub,348,18,1531606800051,1531606800172,121,10.10.21.6
disparityBoltSub,348,19,1531606800047,1531606800121,74,10.10.21.7
disparityBoltSub,348,20,1531606800053,1531606800169,116,10.10.21.6
disparityBoltSub,348,21,1531606800052,1531606800126,74,10.10.21.6
disparityBoltSub,348,22,1531606800041,1531606800117,76,10.10.21.6
disparityBoltSub,348,23,1531606800041,1531606800115,74,10.10.21.6
disparityBoltSub,348,24,1531606800042,1531606800116,74,10.10.21.6
disparityBoltSub,348,25,1531606800045,1531606800148,103,10.10.21.7
disparityBoltSub,348,26,1531606800049,1531606800125,76,10.10.21.7
disparityBoltSub,348,27,1531606800054,1531606800175,121,10.10.21.6
disparityBoltSub,348,28,1531606800044,1531606800120,76,10.10.21.6
disparityBoltSub,348,29,1531606800051,1531606800152,101,10.10.21.7
disparityBoltSub,348,30,1531606800056,1531606800174,118,10.10.21.6
disparityBoltSub,348,31,1531606800045,1531606800090,45,10.10.21.6
disparityBolt,348,0,0,0,166,0
mergeBolt,348,0,1531606800181,1531606800196,15,10.10.21.6
reprojectionBolt,348,0,1531606800196,1531606800236,40,null
overall,348,0,1531606799938,1531606800236,298,0
videoSpout,349,0,1531606800442,1531606800447,5,10.10.21.7
rectificationBolt,349,0,1531606800468,1531606800502,34,10.10.21.6
partitionBolt,349,0,1531606800502,1531606800521,19,10.10.21.6
disparityBoltSub,349,0,1531606800523,1531606800565,42,10.10.21.7
disparityBoltSub,349,1,1531606800525,1531606800602,77,10.10.21.6
disparityBoltSub,349,2,1531606800525,1531606800602,77,10.10.21.6
disparityBoltSub,349,3,1531606800526,1531606800615,89,10.10.21.6
disparityBoltSub,349,4,1531606800524,1531606800597,73,10.10.21.6
disparityBoltSub,349,5,1531606800524,1531606800598,74,10.10.21.6
disparityBoltSub,349,6,1531606800527,1531606800600,73,10.10.21.6
disparityBoltSub,349,7,1531606800525,1531606800600,75,10.10.21.6
disparityBoltSub,349,8,1531606800527,1531606800597,70,10.10.21.7
disparityBoltSub,349,9,1531606800530,1531606800601,71,10.10.21.7
disparityBoltSub,349,10,1531606800530,1531606800602,72,10.10.21.7
disparityBoltSub,349,11,1531606800532,1531606800601,69,10.10.21.7
disparityBoltSub,349,12,1531606800534,1531606800604,70,10.10.21.7
disparityBoltSub,349,13,1531606800528,1531606800602,74,10.10.21.6
disparityBoltSub,349,14,1531606800535,1531606800658,123,10.10.21.7
disparityBoltSub,349,15,1531606800531,1531606800605,74,10.10.21.6
disparityBoltSub,349,16,1531606800537,1531606800608,71,10.10.21.7
disparityBoltSub,349,17,1531606800529,1531606800639,110,10.10.21.6
disparityBoltSub,349,18,1531606800540,1531606800618,78,10.10.21.7
disparityBoltSub,349,19,1531606800538,1531606800612,74,10.10.21.7
disparityBoltSub,349,20,1531606800531,1531606800621,90,10.10.21.6
disparityBoltSub,349,21,1531606800541,1531606800615,74,10.10.21.7
disparityBoltSub,349,22,1531606800532,1531606800620,88,10.10.21.6
disparityBoltSub,349,23,1531606800534,1531606800606,72,10.10.21.6
disparityBoltSub,349,24,1531606800543,1531606800660,117,10.10.21.7
disparityBoltSub,349,25,1531606800534,1531606800608,74,10.10.21.6
disparityBoltSub,349,26,1531606800544,1531606800617,73,10.10.21.7
disparityBoltSub,349,27,1531606800536,1531606800611,75,10.10.21.6
disparityBoltSub,349,28,1531606800539,1531606800612,73,10.10.21.6
disparityBoltSub,349,29,1531606800538,1531606800613,75,10.10.21.6
disparityBoltSub,349,30,1531606800545,1531606800618,73,10.10.21.7
disparityBoltSub,349,31,1531606800537,1531606800593,56,10.10.21.6
disparityBolt,349,0,0,0,137,0
mergeBolt,349,0,1531606800662,1531606800678,16,10.10.21.6
reprojectionBolt,349,0,1531606800678,1531606800719,41,null
overall,349,0,1531606800442,1531606800719,277,0
videoSpout,350,0,1531606800947,1531606800951,4,10.10.21.7
rectificationBolt,350,0,1531606800973,1531606801003,30,10.10.21.6
partitionBolt,350,0,1531606801003,1531606801021,18,10.10.21.6
disparityBoltSub,350,0,1531606801023,1531606801068,45,10.10.21.6
disparityBoltSub,350,1,1531606801026,1531606801099,73,10.10.21.7
disparityBoltSub,350,2,1531606801028,1531606801098,70,10.10.21.7
disparityBoltSub,350,3,1531606801027,1531606801100,73,10.10.21.7
disparityBoltSub,350,4,1531606801030,1531606801099,69,10.10.21.7
disparityBoltSub,350,5,1531606801029,1531606801098,69,10.10.21.7
disparityBoltSub,350,6,1531606801025,1531606801100,75,10.10.21.6
disparityBoltSub,350,7,1531606801025,1531606801101,76,10.10.21.6
disparityBoltSub,350,8,1531606801031,1531606801099,68,10.10.21.7
disparityBoltSub,350,9,1531606801030,1531606801099,69,10.10.21.7
disparityBoltSub,350,10,1531606801032,1531606801107,75,10.10.21.7
disparityBoltSub,350,11,1531606801029,1531606801106,77,10.10.21.6
disparityBoltSub,350,12,1531606801030,1531606801100,70,10.10.21.6
disparityBoltSub,350,13,1531606801032,1531606801101,69,10.10.21.7
disparityBoltSub,350,14,1531606801034,1531606801107,73,10.10.21.7
disparityBoltSub,350,15,1531606801030,1531606801101,71,10.10.21.6
disparityBoltSub,350,16,1531606801031,1531606801108,77,10.10.21.6
disparityBoltSub,350,17,1531606801030,1531606801104,74,10.10.21.6
disparityBoltSub,350,18,1531606801030,1531606801105,75,10.10.21.6
disparityBoltSub,350,19,1531606801030,1531606801105,75,10.10.21.6
disparityBoltSub,350,20,1531606801031,1531606801109,78,10.10.21.6
disparityBoltSub,350,21,1531606801031,1531606801108,77,10.10.21.6
disparityBoltSub,350,22,1531606801042,1531606801116,74,10.10.21.7
disparityBoltSub,350,23,1531606801036,1531606801116,80,10.10.21.7
disparityBoltSub,350,24,1531606801035,1531606801101,66,10.10.21.7
disparityBoltSub,350,25,1531606801045,1531606801115,70,10.10.21.7
disparityBoltSub,350,26,1531606801044,1531606801123,79,10.10.21.7
disparityBoltSub,350,27,1531606801038,1531606801116,78,10.10.21.6
disparityBoltSub,350,28,1531606801038,1531606801110,72,10.10.21.6
disparityBoltSub,350,29,1531606801048,1531606801122,74,10.10.21.7
disparityBoltSub,350,30,1531606801047,1531606801125,78,10.10.21.7
disparityBoltSub,350,31,1531606801049,1531606801092,43,10.10.21.7
disparityBolt,350,0,0,0,102,0
mergeBolt,350,0,1531606801126,1531606801142,16,10.10.21.6
reprojectionBolt,350,0,1531606801142,1531606801183,41,null
overall,350,0,1531606800947,1531606801183,236,0
videoSpout,351,0,1531606801451,1531606801455,4,10.10.21.7
rectificationBolt,351,0,1531606801475,1531606801518,43,10.10.21.6
partitionBolt,351,0,1531606801518,1531606801539,21,10.10.21.6
disparityBoltSub,351,0,1531606801541,1531606801584,43,10.10.21.6
disparityBoltSub,351,1,1531606801544,1531606801617,73,10.10.21.7
disparityBoltSub,351,2,1531606801543,1531606801623,80,10.10.21.6
disparityBoltSub,351,3,1531606801545,1531606801619,74,10.10.21.6
disparityBoltSub,351,4,1531606801542,1531606801615,73,10.10.21.6
disparityBoltSub,351,5,1531606801544,1531606801621,77,10.10.21.6
disparityBoltSub,351,6,1531606801545,1531606801620,75,10.10.21.7
disparityBoltSub,351,7,1531606801546,1531606801664,118,10.10.21.6
disparityBoltSub,351,8,1531606801547,1531606801618,71,10.10.21.6
disparityBoltSub,351,9,1531606801547,1531606801615,68,10.10.21.7
disparityBoltSub,351,10,1531606801548,1531606801621,73,10.10.21.6
disparityBoltSub,351,11,1531606801548,1531606801618,70,10.10.21.7
disparityBoltSub,351,12,1531606801548,1531606801624,76,10.10.21.6
disparityBoltSub,351,13,1531606801546,1531606801666,120,10.10.21.6
disparityBoltSub,351,14,1531606801550,1531606801619,69,10.10.21.7
disparityBoltSub,351,15,1531606801551,1531606801622,71,10.10.21.7
disparityBoltSub,351,16,1531606801551,1531606801629,78,10.10.21.6
disparityBoltSub,351,17,1531606801550,1531606801632,82,10.10.21.6
disparityBoltSub,351,18,1531606801550,1531606801634,84,10.10.21.6
disparityBoltSub,351,19,1531606801552,1531606801635,83,10.10.21.6
disparityBoltSub,351,20,1531606801554,1531606801625,71,10.10.21.7
disparityBoltSub,351,21,1531606801553,1531606801626,73,10.10.21.7
disparityBoltSub,351,22,1531606801556,1531606801629,73,10.10.21.7
disparityBoltSub,351,23,1531606801552,1531606801627,75,10.10.21.6
disparityBoltSub,351,24,1531606801554,1531606801630,76,10.10.21.6
disparityBoltSub,351,25,1531606801555,1531606801631,76,10.10.21.6
disparityBoltSub,351,26,1531606801556,1531606801626,70,10.10.21.7
disparityBoltSub,351,27,1531606801556,1531606801629,73,10.10.21.6
disparityBoltSub,351,28,1531606801555,1531606801636,81,10.10.21.6
disparityBoltSub,351,29,1531606801557,1531606801631,74,10.10.21.6
disparityBoltSub,351,30,1531606801558,1531606801629,71,10.10.21.7
disparityBoltSub,351,31,1531606801556,1531606801610,54,10.10.21.6
disparityBolt,351,0,0,0,125,0
mergeBolt,351,0,1531606801666,1531606801681,15,10.10.21.6
reprojectionBolt,351,0,1531606801681,1531606801722,41,null
overall,351,0,1531606801451,1531606801722,271,0
videoSpout,352,0,1531606801955,1531606801960,5,10.10.21.7
rectificationBolt,352,0,1531606801980,1531606802011,31,10.10.21.6
partitionBolt,352,0,1531606802011,1531606802029,18,10.10.21.6
disparityBoltSub,352,0,1531606802033,1531606802074,41,10.10.21.7
disparityBoltSub,352,1,1531606802031,1531606802106,75,10.10.21.6
disparityBoltSub,352,2,1531606802035,1531606802107,72,10.10.21.7
disparityBoltSub,352,3,1531606802034,1531606802109,75,10.10.21.7
disparityBoltSub,352,4,1531606802035,1531606802110,75,10.10.21.6
disparityBoltSub,352,5,1531606802050,1531606802120,70,10.10.21.7
disparityBoltSub,352,6,1531606802053,1531606802125,72,10.10.21.7
disparityBoltSub,352,7,1531606802050,1531606802123,73,10.10.21.6
disparityBoltSub,352,8,1531606802051,1531606802127,76,10.10.21.7
disparityBoltSub,352,9,1531606802050,1531606802126,76,10.10.21.6
disparityBoltSub,352,10,1531606802055,1531606802125,70,10.10.21.7
disparityBoltSub,352,11,1531606802052,1531606802122,70,10.10.21.6
disparityBoltSub,352,12,1531606802053,1531606802129,76,10.10.21.7
disparityBoltSub,352,13,1531606802055,1531606802125,70,10.10.21.7
disparityBoltSub,352,14,1531606802053,1531606802123,70,10.10.21.6
disparityBoltSub,352,15,1531606802054,1531606802128,74,10.10.21.6
disparityBoltSub,352,16,1531606802052,1531606802171,119,10.10.21.6
disparityBoltSub,352,17,1531606802052,1531606802126,74,10.10.21.6
disparityBoltSub,352,18,1531606802053,1531606802127,74,10.10.21.6
disparityBoltSub,352,19,1531606802053,1531606802128,75,10.10.21.6
disparityBoltSub,352,20,1531606802055,1531606802175,120,10.10.21.6
disparityBoltSub,352,21,1531606802054,1531606802128,74,10.10.21.6
disparityBoltSub,352,22,1531606802059,1531606802137,78,10.10.21.7
disparityBoltSub,352,23,1531606802057,1531606802133,76,10.10.21.7
disparityBoltSub,352,24,1531606802055,1531606802128,73,10.10.21.6
disparityBoltSub,352,25,1531606802057,1531606802135,78,10.10.21.6
disparityBoltSub,352,26,1531606802061,1531606802155,94,10.10.21.7
disparityBoltSub,352,27,1531606802059,1531606802131,72,10.10.21.7
disparityBoltSub,352,28,1531606802063,1531606802154,91,10.10.21.7
disparityBoltSub,352,29,1531606802060,1531606802132,72,10.10.21.6
disparityBoltSub,352,30,1531606802065,1531606802139,74,10.10.21.7
disparityBoltSub,352,31,1531606802064,1531606802105,41,10.10.21.7
disparityBolt,352,0,0,0,144,0
mergeBolt,352,0,1531606802176,1531606802192,16,10.10.21.6
reprojectionBolt,352,0,1531606802192,1531606802232,40,null
overall,352,0,1531606801955,1531606802232,277,0
videoSpout,353,0,1531606802460,1531606802464,4,10.10.21.7
rectificationBolt,353,0,1531606802484,1531606802506,22,10.10.21.6
partitionBolt,353,0,1531606802506,1531606802523,17,10.10.21.6
disparityBoltSub,353,0,1531606802527,1531606802573,46,10.10.21.7
disparityBoltSub,353,1,1531606802525,1531606802621,96,10.10.21.6
disparityBoltSub,353,2,1531606802525,1531606802597,72,10.10.21.6
disparityBoltSub,353,3,1531606802528,1531606802597,69,10.10.21.7
disparityBoltSub,353,4,1531606802525,1531606802597,72,10.10.21.6
disparityBoltSub,353,5,1531606802527,1531606802604,77,10.10.21.6
disparityBoltSub,353,6,1531606802528,1531606802605,77,10.10.21.6
disparityBoltSub,353,7,1531606802530,1531606802606,76,10.10.21.7
disparityBoltSub,353,8,1531606802531,1531606802601,70,10.10.21.7
disparityBoltSub,353,9,1531606802529,1531606802600,71,10.10.21.6
disparityBoltSub,353,10,1531606802532,1531606802601,69,10.10.21.7
disparityBoltSub,353,11,1531606802531,1531606802604,73,10.10.21.6
disparityBoltSub,353,12,1531606802534,1531606802606,72,10.10.21.7
disparityBoltSub,353,13,1531606802531,1531606802602,71,10.10.21.6
disparityBoltSub,353,14,1531606802532,1531606802603,71,10.10.21.6
disparityBoltSub,353,15,1531606802533,1531606802606,73,10.10.21.6
disparityBoltSub,353,16,1531606802531,1531606802621,90,10.10.21.6
disparityBoltSub,353,17,1531606802535,1531606802613,78,10.10.21.6
disparityBoltSub,353,18,1531606802534,1531606802610,76,10.10.21.6
disparityBoltSub,353,19,1531606802536,1531606802642,106,10.10.21.6
disparityBoltSub,353,20,1531606802533,1531606802621,88,10.10.21.6
disparityBoltSub,353,21,1531606802537,1531606802611,74,10.10.21.7
disparityBoltSub,353,22,1531606802534,1531606802621,87,10.10.21.6
disparityBoltSub,353,23,1531606802537,1531606802616,79,10.10.21.6
disparityBoltSub,353,24,1531606802534,1531606802621,87,10.10.21.6
disparityBoltSub,353,25,1531606802538,1531606802608,70,10.10.21.7
disparityBoltSub,353,26,1531606802539,1531606802610,71,10.10.21.7
disparityBoltSub,353,27,1531606802540,1531606802613,73,10.10.21.7
disparityBoltSub,353,28,1531606802541,1531606802612,71,10.10.21.7
disparityBoltSub,353,29,1531606802540,1531606802621,81,10.10.21.6
disparityBoltSub,353,30,1531606802540,1531606802609,69,10.10.21.6
disparityBoltSub,353,31,1531606802538,1531606802621,83,10.10.21.6
disparityBolt,353,0,0,0,117,0
mergeBolt,353,0,1531606802644,1531606802659,15,10.10.21.6
reprojectionBolt,353,0,1531606802660,1531606802699,39,null
overall,353,0,1531606802460,1531606802699,239,0
videoSpout,354,0,1531606802964,1531606802968,4,10.10.21.7
rectificationBolt,354,0,1531606802986,1531606803016,30,10.10.21.6
partitionBolt,354,0,1531606803016,1531606803036,20,10.10.21.6
disparityBoltSub,354,0,1531606803038,1531606803082,44,10.10.21.7
disparityBoltSub,354,1,1531606803037,1531606803143,106,10.10.21.6
disparityBoltSub,354,2,1531606803042,1531606803113,71,10.10.21.7
disparityBoltSub,354,3,1531606803040,1531606803112,72,10.10.21.7
disparityBoltSub,354,4,1531606803041,1531606803112,71,10.10.21.7
disparityBoltSub,354,5,1531606803038,1531606803110,72,10.10.21.6
disparityBoltSub,354,6,1531606803042,1531606803112,70,10.10.21.7
disparityBoltSub,354,7,1531606803045,1531606803115,70,10.10.21.7
disparityBoltSub,354,8,1531606803044,1531606803142,98,10.10.21.7
disparityBoltSub,354,9,1531606803046,1531606803117,71,10.10.21.7
disparityBoltSub,354,10,1531606803045,1531606803116,71,10.10.21.6
disparityBoltSub,354,11,1531606803046,1531606803123,77,10.10.21.6
disparityBoltSub,354,12,1531606803044,1531606803117,73,10.10.21.6
disparityBoltSub,354,13,1531606803043,1531606803121,78,10.10.21.6
disparityBoltSub,354,14,1531606803046,1531606803117,71,10.10.21.6
disparityBoltSub,354,15,1531606803047,1531606803165,118,10.10.21.6
disparityBoltSub,354,16,1531606803046,1531606803115,69,10.10.21.7
disparityBoltSub,354,17,1531606803054,1531606803149,95,10.10.21.6
disparityBoltSub,354,18,1531606803045,1531606803121,76,10.10.21.6
disparityBoltSub,354,19,1531606803055,1531606803152,97,10.10.21.6
disparityBoltSub,354,20,1531606803046,1531606803124,78,10.10.21.6
disparityBoltSub,354,21,1531606803046,1531606803123,77,10.10.21.6
disparityBoltSub,354,22,1531606803056,1531606803135,79,10.10.21.6
disparityBoltSub,354,23,1531606803058,1531606803132,74,10.10.21.6
disparityBoltSub,354,24,1531606803057,1531606803130,73,10.10.21.6
disparityBoltSub,354,25,1531606803048,1531606803117,69,10.10.21.6
disparityBoltSub,354,26,1531606803048,1531606803123,75,10.10.21.6
disparityBoltSub,354,27,1531606803058,1531606803131,73,10.10.21.6
disparityBoltSub,354,28,1531606803052,1531606803121,69,10.10.21.7
disparityBoltSub,354,29,1531606803059,1531606803128,69,10.10.21.6
disparityBoltSub,354,30,1531606803051,1531606803122,71,10.10.21.6
disparityBoltSub,354,31,1531606803053,1531606803119,66,10.10.21.7
disparityBolt,354,0,0,0,128,0
mergeBolt,354,0,1531606803166,1531606803180,14,10.10.21.6
reprojectionBolt,354,0,1531606803180,1531606803219,39,null
overall,354,0,1531606802964,1531606803219,255,0
videoSpout,355,0,1531606803468,1531606803472,4,10.10.21.7
rectificationBolt,355,0,1531606803523,1531606803552,29,10.10.21.6
partitionBolt,355,0,1531606803552,1531606803570,18,10.10.21.6
disparityBoltSub,355,0,1531606803571,1531606803618,47,10.10.21.6
disparityBoltSub,355,1,1531606803575,1531606803646,71,10.10.21.7
disparityBoltSub,355,2,1531606803575,1531606803683,108,10.10.21.6
disparityBoltSub,355,3,1531606803575,1531606803646,71,10.10.21.7
disparityBoltSub,355,4,1531606803576,1531606803646,70,10.10.21.7
disparityBoltSub,355,5,1531606803575,1531606803652,77,10.10.21.6
disparityBoltSub,355,6,1531606803574,1531606803643,69,10.10.21.6
disparityBoltSub,355,7,1531606803576,1531606803699,123,10.10.21.6
disparityBoltSub,355,8,1531606803577,1531606803701,124,10.10.21.6
disparityBoltSub,355,9,1531606803578,1531606803644,66,10.10.21.7
disparityBoltSub,355,10,1531606803579,1531606803645,66,10.10.21.7
disparityBoltSub,355,11,1531606803578,1531606803650,72,10.10.21.6
disparityBoltSub,355,12,1531606803579,1531606803689,110,10.10.21.6
disparityBoltSub,355,13,1531606803579,1531606803650,71,10.10.21.6
disparityBoltSub,355,14,1531606803580,1531606803650,70,10.10.21.7
disparityBoltSub,355,15,1531606803580,1531606803651,71,10.10.21.6
disparityBoltSub,355,16,1531606803579,1531606803656,77,10.10.21.6
disparityBoltSub,355,17,1531606803579,1531606803653,74,10.10.21.6
disparityBoltSub,355,18,1531606803582,1531606803655,73,10.10.21.6
disparityBoltSub,355,19,1531606803579,1531606803652,73,10.10.21.6
disparityBoltSub,355,20,1531606803584,1531606803657,73,10.10.21.7
disparityBoltSub,355,21,1531606803580,1531606803659,79,10.10.21.6
disparityBoltSub,355,22,1531606803585,1531606803693,108,10.10.21.7
disparityBoltSub,355,23,1531606803589,1531606803657,68,10.10.21.7
disparityBoltSub,355,24,1531606803587,1531606803658,71,10.10.21.7
disparityBoltSub,355,25,1531606803590,1531606803662,72,10.10.21.7
disparityBoltSub,355,26,1531606803586,1531606803690,104,10.10.21.7
disparityBoltSub,355,27,1531606803587,1531606803658,71,10.10.21.7
disparityBoltSub,355,28,1531606803587,1531606803660,73,10.10.21.6
disparityBoltSub,355,29,1531606803593,1531606803703,110,10.10.21.7
disparityBoltSub,355,30,1531606803592,1531606803699,107,10.10.21.7
disparityBoltSub,355,31,1531606803594,1531606803637,43,10.10.21.7
disparityBolt,355,0,0,0,132,0
mergeBolt,355,0,1531606803705,1531606803720,15,10.10.21.6
reprojectionBolt,355,0,1531606803720,1531606803759,39,null
overall,355,0,1531606803468,1531606803759,291,0
videoSpout,356,0,1531606803972,1531606803976,4,10.10.21.7
rectificationBolt,356,0,1531606803994,1531606804025,31,10.10.21.6
partitionBolt,356,0,1531606804025,1531606804080,55,10.10.21.6
disparityBoltSub,356,0,1531606804083,1531606804125,42,10.10.21.6
disparityBoltSub,356,1,1531606804081,1531606804156,75,10.10.21.6
disparityBoltSub,356,2,1531606804081,1531606804163,82,10.10.21.6
disparityBoltSub,356,3,1531606804084,1531606804214,130,10.10.21.6
disparityBoltSub,356,4,1531606804085,1531606804158,73,10.10.21.7
disparityBoltSub,356,5,1531606804086,1531606804159,73,10.10.21.6
disparityBoltSub,356,6,1531606804087,1531606804158,71,10.10.21.7
disparityBoltSub,356,7,1531606804088,1531606804163,75,10.10.21.7
disparityBoltSub,356,8,1531606804088,1531606804159,71,10.10.21.6
disparityBoltSub,356,9,1531606804087,1531606804161,74,10.10.21.6
disparityBoltSub,356,10,1531606804091,1531606804169,78,10.10.21.7
disparityBoltSub,356,11,1531606804090,1531606804162,72,10.10.21.7
disparityBoltSub,356,12,1531606804088,1531606804220,132,10.10.21.6
disparityBoltSub,356,13,1531606804094,1531606804166,72,10.10.21.7
disparityBoltSub,356,14,1531606804092,1531606804171,79,10.10.21.7
disparityBoltSub,356,15,1531606804092,1531606804165,73,10.10.21.6
disparityBoltSub,356,16,1531606804091,1531606804166,75,10.10.21.6
disparityBoltSub,356,17,1531606804100,1531606804173,73,10.10.21.7
disparityBoltSub,356,18,1531606804099,1531606804172,73,10.10.21.7
disparityBoltSub,356,19,1531606804095,1531606804170,75,10.10.21.7
disparityBoltSub,356,20,1531606804093,1531606804221,128,10.10.21.6
disparityBoltSub,356,21,1531606804098,1531606804172,74,10.10.21.7
disparityBoltSub,356,22,1531606804097,1531606804193,96,10.10.21.7
disparityBoltSub,356,23,1531606804094,1531606804168,74,10.10.21.6
disparityBoltSub,356,24,1531606804095,1531606804168,73,10.10.21.6
disparityBoltSub,356,25,1531606804098,1531606804175,77,10.10.21.6
disparityBoltSub,356,26,1531606804097,1531606804168,71,10.10.21.6
disparityBoltSub,356,27,1531606804102,1531606804170,68,10.10.21.7
disparityBoltSub,356,28,1531606804096,1531606804218,122,10.10.21.6
disparityBoltSub,356,29,1531606804097,1531606804172,75,10.10.21.6
disparityBoltSub,356,30,1531606804103,1531606804173,70,10.10.21.7
disparityBoltSub,356,31,1531606804099,1531606804162,63,10.10.21.7
disparityBolt,356,0,0,0,140,0
mergeBolt,356,0,1531606804222,1531606804237,15,10.10.21.6
reprojectionBolt,356,0,1531606804237,1531606804277,40,null
overall,356,0,1531606803972,1531606804277,305,0
videoSpout,357,0,1531606804477,1531606804481,4,10.10.21.7
rectificationBolt,357,0,1531606804499,1531606804530,31,10.10.21.6
partitionBolt,357,0,1531606804530,1531606804550,20,10.10.21.6
disparityBoltSub,357,0,1531606804551,1531606804595,44,10.10.21.6
disparityBoltSub,357,1,1531606804554,1531606804629,75,10.10.21.7
disparityBoltSub,357,2,1531606804554,1531606804631,77,10.10.21.6
disparityBoltSub,357,3,1531606804556,1531606804629,73,10.10.21.7
disparityBoltSub,357,4,1531606804555,1531606804684,129,10.10.21.6
disparityBoltSub,357,5,1531606804560,1531606804630,70,10.10.21.6
disparityBoltSub,357,6,1531606804557,1531606804629,72,10.10.21.7
disparityBoltSub,357,7,1531606804558,1531606804628,70,10.10.21.7
disparityBoltSub,357,8,1531606804555,1531606804635,80,10.10.21.6
disparityBoltSub,357,9,1531606804561,1531606804635,74,10.10.21.6
disparityBoltSub,357,10,1531606804562,1531606804666,104,10.10.21.6
disparityBoltSub,357,11,1531606804559,1531606804675,116,10.10.21.7
disparityBoltSub,357,12,1531606804562,1531606804640,78,10.10.21.6
disparityBoltSub,357,13,1531606804558,1531606804630,72,10.10.21.6
disparityBoltSub,357,14,1531606804563,1531606804639,76,10.10.21.6
disparityBoltSub,357,15,1531606804564,1531606804677,113,10.10.21.6
disparityBoltSub,357,16,1531606804562,1531606804678,116,10.10.21.7
disparityBoltSub,357,17,1531606804564,1531606804642,78,10.10.21.7
disparityBoltSub,357,18,1531606804560,1531606804687,127,10.10.21.6
disparityBoltSub,357,19,1531606804565,1531606804698,133,10.10.21.6
disparityBoltSub,357,20,1531606804575,1531606804708,133,10.10.21.6
disparityBoltSub,357,21,1531606804562,1531606804646,84,10.10.21.6
disparityBoltSub,357,22,1531606804561,1531606804636,75,10.10.21.6
disparityBoltSub,357,23,1531606804576,1531606804651,75,10.10.21.7
disparityBoltSub,357,24,1531606804565,1531606804641,76,10.10.21.7
disparityBoltSub,357,25,1531606804576,1531606804713,137,10.10.21.6
disparityBoltSub,357,26,1531606804577,1531606804655,78,10.10.21.6
disparityBoltSub,357,27,1531606804578,1531606804689,111,10.10.21.7
disparityBoltSub,357,28,1531606804579,1531606804723,144,10.10.21.6
disparityBoltSub,357,29,1531606804587,1531606804688,101,10.10.21.7
disparityBoltSub,357,30,1531606804579,1531606804688,109,10.10.21.6
disparityBoltSub,357,31,1531606804589,1531606804670,81,10.10.21.6
disparityBolt,357,0,0,0,172,0
mergeBolt,357,0,1531606804724,1531606804739,15,10.10.21.6
reprojectionBolt,357,0,1531606804739,1531606804780,41,null
overall,357,0,1531606804477,1531606804780,303,0
videoSpout,358,0,1531606804981,1531606804986,5,10.10.21.7
rectificationBolt,358,0,1531606805004,1531606805033,29,10.10.21.6
partitionBolt,358,0,1531606805033,1531606805052,19,10.10.21.6
disparityBoltSub,358,0,1531606805056,1531606805101,45,10.10.21.7
disparityBoltSub,358,1,1531606805053,1531606805127,74,10.10.21.6
disparityBoltSub,358,2,1531606805056,1531606805127,71,10.10.21.7
disparityBoltSub,358,3,1531606805057,1531606805131,74,10.10.21.6
disparityBoltSub,358,4,1531606805059,1531606805128,69,10.10.21.7
disparityBoltSub,358,5,1531606805061,1531606805130,69,10.10.21.7
disparityBoltSub,358,6,1531606805055,1531606805129,74,10.10.21.6
disparityBoltSub,358,7,1531606805060,1531606805182,122,10.10.21.7
disparityBoltSub,358,8,1531606805059,1531606805131,72,10.10.21.6
disparityBoltSub,358,9,1531606805059,1531606805126,67,10.10.21.7
disparityBoltSub,358,10,1531606805062,1531606805134,72,10.10.21.6
disparityBoltSub,358,11,1531606805060,1531606805132,72,10.10.21.6
disparityBoltSub,358,12,1531606805058,1531606805128,70,10.10.21.6
disparityBoltSub,358,13,1531606805063,1531606805185,122,10.10.21.7
disparityBoltSub,358,14,1531606805065,1531606805153,88,10.10.21.7
disparityBoltSub,358,15,1531606805063,1531606805138,75,10.10.21.6
disparityBoltSub,358,16,1531606805066,1531606805138,72,10.10.21.7
disparityBoltSub,358,17,1531606805064,1531606805138,74,10.10.21.7
disparityBoltSub,358,18,1531606805068,1531606805142,74,10.10.21.7
disparityBoltSub,358,19,1531606805067,1531606805142,75,10.10.21.7
disparityBoltSub,358,20,1531606805065,1531606805140,75,10.10.21.6
disparityBoltSub,358,21,1531606805069,1531606805142,73,10.10.21.7
disparityBoltSub,358,22,1531606805070,1531606805145,75,10.10.21.7
disparityBoltSub,358,23,1531606805064,1531606805138,74,10.10.21.6
disparityBoltSub,358,24,1531606805072,1531606805163,91,10.10.21.7
disparityBoltSub,358,25,1531606805065,1531606805137,72,10.10.21.6
disparityBoltSub,358,26,1531606805073,1531606805147,74,10.10.21.7
disparityBoltSub,358,27,1531606805069,1531606805144,75,10.10.21.6
disparityBoltSub,358,28,1531606805074,1531606805146,72,10.10.21.7
disparityBoltSub,358,29,1531606805071,1531606805142,71,10.10.21.7
disparityBoltSub,358,30,1531606805067,1531606805141,74,10.10.21.6
disparityBoltSub,358,31,1531606805067,1531606805106,39,10.10.21.6
disparityBolt,358,0,0,0,132,0
mergeBolt,358,0,1531606805186,1531606805201,15,10.10.21.6
reprojectionBolt,358,0,1531606805201,1531606805246,45,null
overall,358,0,1531606804981,1531606805246,265,0
videoSpout,359,0,1531606805486,1531606805490,4,10.10.21.7
rectificationBolt,359,0,1531606805512,1531606805542,30,10.10.21.6
partitionBolt,359,0,1531606805542,1531606805561,19,10.10.21.6
disparityBoltSub,359,0,1531606805564,1531606805608,44,10.10.21.7
disparityBoltSub,359,1,1531606805564,1531606805639,75,10.10.21.6
disparityBoltSub,359,2,1531606805566,1531606805636,70,10.10.21.7
disparityBoltSub,359,3,1531606805563,1531606805638,75,10.10.21.6
disparityBoltSub,359,4,1531606805563,1531606805637,74,10.10.21.6
disparityBoltSub,359,5,1531606805566,1531606805641,75,10.10.21.7
disparityBoltSub,359,6,1531606805564,1531606805636,72,10.10.21.6
disparityBoltSub,359,7,1531606805563,1531606805636,73,10.10.21.6
disparityBoltSub,359,8,1531606805566,1531606805640,74,10.10.21.6
disparityBoltSub,359,9,1531606805568,1531606805649,81,10.10.21.6
disparityBoltSub,359,10,1531606805568,1531606805642,74,10.10.21.7
disparityBoltSub,359,11,1531606805570,1531606805640,70,10.10.21.7
disparityBoltSub,359,12,1531606805569,1531606805642,73,10.10.21.6
disparityBoltSub,359,13,1531606805570,1531606805642,72,10.10.21.7
disparityBoltSub,359,14,1531606805571,1531606805645,74,10.10.21.7
disparityBoltSub,359,15,1531606805572,1531606805684,112,10.10.21.7
disparityBoltSub,359,16,1531606805568,1531606805648,80,10.10.21.6
disparityBoltSub,359,17,1531606805574,1531606805645,71,10.10.21.7
disparityBoltSub,359,18,1531606805572,1531606805649,77,10.10.21.6
disparityBoltSub,359,19,1531606805576,1531606805651,75,10.10.21.6
disparityBoltSub,359,20,1531606805576,1531606805649,73,10.10.21.7
disparityBoltSub,359,21,1531606805576,1531606805650,74,10.10.21.7
disparityBoltSub,359,22,1531606805574,1531606805652,78,10.10.21.6
disparityBoltSub,359,23,1531606805574,1531606805646,72,10.10.21.6
disparityBoltSub,359,24,1531606805577,1531606805647,70,10.10.21.6
disparityBoltSub,359,25,1531606805576,1531606805647,71,10.10.21.6
disparityBoltSub,359,26,1531606805577,1531606805651,74,10.10.21.6
disparityBoltSub,359,27,1531606805578,1531606805655,77,10.10.21.6
disparityBoltSub,359,28,1531606805577,1531606805648,71,10.10.21.7
disparityBoltSub,359,29,1531606805575,1531606805647,72,10.10.21.6
disparityBoltSub,359,30,1531606805575,1531606805644,69,10.10.21.6
disparityBoltSub,359,31,1531606805579,1531606805657,78,10.10.21.7
disparityBolt,359,0,0,0,121,0
mergeBolt,359,0,1531606805685,1531606805700,15,10.10.21.6
reprojectionBolt,359,0,1531606805699,1531606805739,40,null
overall,359,0,1531606805486,1531606805739,253,0
videoSpout,360,0,1531606805990,1531606805994,4,10.10.21.7
rectificationBolt,360,0,1531606806014,1531606806035,21,10.10.21.6
partitionBolt,360,0,1531606806035,1531606806057,22,10.10.21.6
disparityBoltSub,360,0,1531606806061,1531606806103,42,10.10.21.7
disparityBoltSub,360,1,1531606806063,1531606806136,73,10.10.21.7
disparityBoltSub,360,2,1531606806062,1531606806138,76,10.10.21.7
disparityBoltSub,360,3,1531606806063,1531606806135,72,10.10.21.6
disparityBoltSub,360,4,1531606806063,1531606806133,70,10.10.21.6
disparityBoltSub,360,5,1531606806067,1531606806158,91,10.10.21.7
disparityBoltSub,360,6,1531606806065,1531606806138,73,10.10.21.7
disparityBoltSub,360,7,1531606806063,1531606806135,72,10.10.21.6
disparityBoltSub,360,8,1531606806063,1531606806169,106,10.10.21.6
disparityBoltSub,360,9,1531606806070,1531606806193,123,10.10.21.7
disparityBoltSub,360,10,1531606806068,1531606806140,72,10.10.21.7
disparityBoltSub,360,11,1531606806071,1531606806155,84,10.10.21.7
disparityBoltSub,360,12,1531606806064,1531606806171,107,10.10.21.6
disparityBoltSub,360,13,1531606806066,1531606806140,74,10.10.21.6
disparityBoltSub,360,14,1531606806068,1531606806147,79,10.10.21.6
disparityBoltSub,360,15,1531606806067,1531606806136,69,10.10.21.6
disparityBoltSub,360,16,1531606806066,1531606806137,71,10.10.21.6
disparityBoltSub,360,17,1531606806067,1531606806142,75,10.10.21.6
disparityBoltSub,360,18,1531606806066,1531606806139,73,10.10.21.6
disparityBoltSub,360,19,1531606806070,1531606806198,128,10.10.21.7
disparityBoltSub,360,20,1531606806074,1531606806199,125,10.10.21.7
disparityBoltSub,360,21,1531606806075,1531606806199,124,10.10.21.7
disparityBoltSub,360,22,1531606806069,1531606806145,76,10.10.21.6
disparityBoltSub,360,23,1531606806072,1531606806149,77,10.10.21.7
disparityBoltSub,360,24,1531606806074,1531606806144,70,10.10.21.7
disparityBoltSub,360,25,1531606806076,1531606806147,71,10.10.21.7
disparityBoltSub,360,26,1531606806078,1531606806151,73,10.10.21.7
disparityBoltSub,360,27,1531606806077,1531606806200,123,10.10.21.7
disparityBoltSub,360,28,1531606806080,1531606806204,124,10.10.21.7
disparityBoltSub,360,29,1531606806072,1531606806147,75,10.10.21.6
disparityBoltSub,360,30,1531606806086,1531606806197,111,10.10.21.7
disparityBoltSub,360,31,1531606806075,1531606806115,40,10.10.21.6
disparityBolt,360,0,0,0,143,0
mergeBolt,360,0,1531606806206,1531606806222,16,10.10.21.6
reprojectionBolt,360,0,1531606806222,1531606806262,40,null
overall,360,0,1531606805990,1531606806262,272,0
videoSpout,361,0,1531606806494,1531606806499,5,10.10.21.7
rectificationBolt,361,0,1531606806519,1531606806554,35,10.10.21.6
partitionBolt,361,0,1531606806554,1531606806574,20,10.10.21.6
disparityBoltSub,361,0,1531606806578,1531606806620,42,10.10.21.6
disparityBoltSub,361,1,1531606806578,1531606806650,72,10.10.21.7
disparityBoltSub,361,2,1531606806577,1531606806647,70,10.10.21.6
disparityBoltSub,361,3,1531606806578,1531606806648,70,10.10.21.6
disparityBoltSub,361,4,1531606806577,1531606806651,74,10.10.21.6
disparityBoltSub,361,5,1531606806581,1531606806661,80,10.10.21.7
disparityBoltSub,361,6,1531606806579,1531606806651,72,10.10.21.6
disparityBoltSub,361,7,1531606806589,1531606806661,72,10.10.21.7
disparityBoltSub,361,8,1531606806582,1531606806652,70,10.10.21.7
disparityBoltSub,361,9,1531606806594,1531606806719,125,10.10.21.7
disparityBoltSub,361,10,1531606806591,1531606806660,69,10.10.21.7
disparityBoltSub,361,11,1531606806580,1531606806650,70,10.10.21.6
disparityBoltSub,361,12,1531606806595,1531606806666,71,10.10.21.7
disparityBoltSub,361,13,1531606806589,1531606806659,70,10.10.21.7
disparityBoltSub,361,14,1531606806590,1531606806662,72,10.10.21.7
disparityBoltSub,361,15,1531606806590,1531606806665,75,10.10.21.6
disparityBoltSub,361,16,1531606806591,1531606806664,73,10.10.21.6
disparityBoltSub,361,17,1531606806597,1531606806728,131,10.10.21.7
disparityBoltSub,361,18,1531606806593,1531606806676,83,10.10.21.6
disparityBoltSub,361,19,1531606806593,1531606806667,74,10.10.21.7
disparityBoltSub,361,20,1531606806601,1531606806729,128,10.10.21.7
disparityBoltSub,361,21,1531606806599,1531606806729,130,10.10.21.7
disparityBoltSub,361,22,1531606806604,1531606806681,77,10.10.21.7
disparityBoltSub,361,23,1531606806593,1531606806664,71,10.10.21.6
disparityBoltSub,361,24,1531606806602,1531606806675,73,10.10.21.7
disparityBoltSub,361,25,1531606806596,1531606806667,71,10.10.21.7
disparityBoltSub,361,26,1531606806596,1531606806672,76,10.10.21.6
disparityBoltSub,361,27,1531606806597,1531606806668,71,10.10.21.6
disparityBoltSub,361,28,1531606806605,1531606806676,71,10.10.21.7
disparityBoltSub,361,29,1531606806598,1531606806674,76,10.10.21.6
disparityBoltSub,361,30,1531606806596,1531606806669,73,10.10.21.6
disparityBoltSub,361,31,1531606806598,1531606806638,40,10.10.21.7
disparityBolt,361,0,0,0,152,0
mergeBolt,361,0,1531606806731,1531606806746,15,10.10.21.6
reprojectionBolt,361,0,1531606806746,1531606806785,39,null
overall,361,0,1531606806494,1531606806785,291,0
videoSpout,362,0,1531606806999,1531606807007,8,10.10.21.7
rectificationBolt,362,0,1531606807025,1531606807054,29,10.10.21.6
partitionBolt,362,0,1531606807055,1531606807073,18,10.10.21.6
disparityBoltSub,362,0,1531606807076,1531606807119,43,10.10.21.7
disparityBoltSub,362,1,1531606807079,1531606807148,69,10.10.21.7
disparityBoltSub,362,2,1531606807079,1531606807173,94,10.10.21.6
disparityBoltSub,362,3,1531606807075,1531606807148,73,10.10.21.6
disparityBoltSub,362,4,1531606807080,1531606807144,64,10.10.21.7
disparityBoltSub,362,5,1531606807076,1531606807147,71,10.10.21.6
disparityBoltSub,362,6,1531606807080,1531606807150,70,10.10.21.7
disparityBoltSub,362,7,1531606807079,1531606807154,75,10.10.21.6
disparityBoltSub,362,8,1531606807083,1531606807209,126,10.10.21.7
disparityBoltSub,362,9,1531606807081,1531606807153,72,10.10.21.7
disparityBoltSub,362,10,1531606807085,1531606807185,100,10.10.21.7
disparityBoltSub,362,11,1531606807080,1531606807151,71,10.10.21.6
disparityBoltSub,362,12,1531606807082,1531606807154,72,10.10.21.6
disparityBoltSub,362,13,1531606807086,1531606807156,70,10.10.21.7
disparityBoltSub,362,14,1531606807081,1531606807211,130,10.10.21.6
disparityBoltSub,362,15,1531606807088,1531606807158,70,10.10.21.7
disparityBoltSub,362,16,1531606807083,1531606807164,81,10.10.21.6
disparityBoltSub,362,17,1531606807085,1531606807160,75,10.10.21.6
disparityBoltSub,362,18,1531606807084,1531606807158,74,10.10.21.6
disparityBoltSub,362,19,1531606807089,1531606807216,127,10.10.21.7
disparityBoltSub,362,20,1531606807086,1531606807159,73,10.10.21.6
disparityBoltSub,362,21,1531606807087,1531606807161,74,10.10.21.6
disparityBoltSub,362,22,1531606807085,1531606807161,76,10.10.21.6
disparityBoltSub,362,23,1531606807084,1531606807159,75,10.10.21.6
disparityBoltSub,362,24,1531606807085,1531606807157,72,10.10.21.6
disparityBoltSub,362,25,1531606807088,1531606807161,73,10.10.21.7
disparityBoltSub,362,26,1531606807091,1531606807190,99,10.10.21.7
disparityBoltSub,362,27,1531606807089,1531606807189,100,10.10.21.6
disparityBoltSub,362,28,1531606807087,1531606807158,71,10.10.21.6
disparityBoltSub,362,29,1531606807092,1531606807160,68,10.10.21.7
disparityBoltSub,362,30,1531606807090,1531606807220,130,10.10.21.6
disparityBoltSub,362,31,1531606807088,1531606807133,45,10.10.21.6
disparityBolt,362,0,0,0,145,0
mergeBolt,362,0,1531606807222,1531606807238,16,10.10.21.6
reprojectionBolt,362,0,1531606807238,1531606807277,39,null
overall,362,0,1531606806999,1531606807277,278,0
videoSpout,363,0,1531606807508,1531606807512,4,10.10.21.7
rectificationBolt,363,0,1531606807532,1531606807566,34,10.10.21.6
partitionBolt,363,0,1531606807566,1531606807585,19,10.10.21.6
disparityBoltSub,363,0,1531606807588,1531606807630,42,10.10.21.7
disparityBoltSub,363,1,1531606807588,1531606807668,80,10.10.21.6
disparityBoltSub,363,2,1531606807590,1531606807699,109,10.10.21.6
disparityBoltSub,363,3,1531606807589,1531606807659,70,10.10.21.6
disparityBoltSub,363,4,1531606807587,1531606807659,72,10.10.21.6
disparityBoltSub,363,5,1531606807588,1531606807659,71,10.10.21.6
disparityBoltSub,363,6,1531606807591,1531606807669,78,10.10.21.6
disparityBoltSub,363,7,1531606807588,1531606807695,107,10.10.21.6
disparityBoltSub,363,8,1531606807593,1531606807662,69,10.10.21.7
disparityBoltSub,363,9,1531606807595,1531606807669,74,10.10.21.7
disparityBoltSub,363,10,1531606807593,1531606807664,71,10.10.21.7
disparityBoltSub,363,11,1531606807596,1531606807667,71,10.10.21.7
disparityBoltSub,363,12,1531606807601,1531606807671,70,10.10.21.7
disparityBoltSub,363,13,1531606807591,1531606807664,73,10.10.21.6
disparityBoltSub,363,14,1531606807600,1531606807729,129,10.10.21.7
disparityBoltSub,363,15,1531606807594,1531606807669,75,10.10.21.6
disparityBoltSub,363,16,1531606807599,1531606807730,131,10.10.21.7
disparityBoltSub,363,17,1531606807593,1531606807668,75,10.10.21.6
disparityBoltSub,363,18,1531606807603,1531606807678,75,10.10.21.7
disparityBoltSub,363,19,1531606807610,1531606807686,76,10.10.21.7
disparityBoltSub,363,20,1531606807594,1531606807672,78,10.10.21.6
disparityBoltSub,363,21,1531606807609,1531606807683,74,10.10.21.7
disparityBoltSub,363,22,1531606807595,1531606807670,75,10.10.21.6
disparityBoltSub,363,23,1531606807596,1531606807668,72,10.10.21.6
disparityBoltSub,363,24,1531606807611,1531606807682,71,10.10.21.7
disparityBoltSub,363,25,1531606807599,1531606807670,71,10.10.21.6
disparityBoltSub,363,26,1531606807613,1531606807685,72,10.10.21.7
disparityBoltSub,363,27,1531606807600,1531606807670,70,10.10.21.6
disparityBoltSub,363,28,1531606807599,1531606807673,74,10.10.21.6
disparityBoltSub,363,29,1531606807601,1531606807715,114,10.10.21.6
disparityBoltSub,363,30,1531606807614,1531606807683,69,10.10.21.7
disparityBoltSub,363,31,1531606807600,1531606807678,78,10.10.21.6
disparityBolt,363,0,0,0,143,0
mergeBolt,363,0,1531606807731,1531606807748,17,10.10.21.6
reprojectionBolt,363,0,1531606807749,1531606807788,39,null
overall,363,0,1531606807508,1531606807788,280,0
videoSpout,364,0,1531606808012,1531606808016,4,10.10.21.7
rectificationBolt,364,0,1531606808035,1531606808075,40,10.10.21.6
partitionBolt,364,0,1531606808075,1531606808095,20,10.10.21.6
disparityBoltSub,364,0,1531606808097,1531606808138,41,10.10.21.6
disparityBoltSub,364,1,1531606808099,1531606808217,118,10.10.21.7
disparityBoltSub,364,2,1531606808101,1531606808223,122,10.10.21.7
disparityBoltSub,364,3,1531606808101,1531606808190,89,10.10.21.7
disparityBoltSub,364,4,1531606808101,1531606808170,69,10.10.21.7
disparityBoltSub,364,5,1531606808103,1531606808173,70,10.10.21.7
disparityBoltSub,364,6,1531606808099,1531606808175,76,10.10.21.6
disparityBoltSub,364,7,1531606808099,1531606808173,74,10.10.21.6
disparityBoltSub,364,8,1531606808104,1531606808174,70,10.10.21.7
disparityBoltSub,364,9,1531606808103,1531606808172,69,10.10.21.7
disparityBoltSub,364,10,1531606808105,1531606808229,124,10.10.21.7
disparityBoltSub,364,11,1531606808103,1531606808177,74,10.10.21.6
disparityBoltSub,364,12,1531606808103,1531606808176,73,10.10.21.6
disparityBoltSub,364,13,1531606808106,1531606808177,71,10.10.21.7
disparityBoltSub,364,14,1531606808107,1531606808233,126,10.10.21.7
disparityBoltSub,364,15,1531606808103,1531606808226,123,10.10.21.6
disparityBoltSub,364,16,1531606808105,1531606808181,76,10.10.21.6
disparityBoltSub,364,17,1531606808103,1531606808181,78,10.10.21.6
disparityBoltSub,364,18,1531606808104,1531606808188,84,10.10.21.6
disparityBoltSub,364,19,1531606808104,1531606808231,127,10.10.21.6
disparityBoltSub,364,20,1531606808104,1531606808184,80,10.10.21.6
disparityBoltSub,364,21,1531606808104,1531606808181,77,10.10.21.6
disparityBoltSub,364,22,1531606808109,1531606808184,75,10.10.21.7
disparityBoltSub,364,23,1531606808108,1531606808229,121,10.10.21.7
disparityBoltSub,364,24,1531606808111,1531606808198,87,10.10.21.7
disparityBoltSub,364,25,1531606808110,1531606808182,72,10.10.21.7
disparityBoltSub,364,26,1531606808112,1531606808182,70,10.10.21.7
disparityBoltSub,364,27,1531606808110,1531606808199,89,10.10.21.6
disparityBoltSub,364,28,1531606808110,1531606808179,69,10.10.21.6
disparityBoltSub,364,29,1531606808114,1531606808185,71,10.10.21.7
disparityBoltSub,364,30,1531606808116,1531606808238,122,10.10.21.7
disparityBoltSub,364,31,1531606808116,1531606808162,46,10.10.21.7
disparityBolt,364,0,0,0,141,0
mergeBolt,364,0,1531606808239,1531606808256,17,10.10.21.6
reprojectionBolt,364,0,1531606808256,1531606808295,39,null
overall,364,0,1531606808012,1531606808295,283,0
videoSpout,365,0,1531606808517,1531606808521,4,10.10.21.7
rectificationBolt,365,0,1531606808542,1531606808572,30,10.10.21.6
partitionBolt,365,0,1531606808572,1531606808591,19,10.10.21.6
disparityBoltSub,365,0,1531606808592,1531606808637,45,10.10.21.6
disparityBoltSub,365,1,1531606808596,1531606808667,71,10.10.21.7
disparityBoltSub,365,2,1531606808595,1531606808670,75,10.10.21.6
disparityBoltSub,365,3,1531606808604,1531606808676,72,10.10.21.6
disparityBoltSub,365,4,1531606808594,1531606808667,73,10.10.21.6
disparityBoltSub,365,5,1531606808596,1531606808668,72,10.10.21.6
disparityBoltSub,365,6,1531606808604,1531606808719,115,10.10.21.7
disparityBoltSub,365,7,1531606808605,1531606808674,69,10.10.21.6
disparityBoltSub,365,8,1531606808606,1531606808677,71,10.10.21.6
disparityBoltSub,365,9,1531606808606,1531606808676,70,10.10.21.7
disparityBoltSub,365,10,1531606808607,1531606808715,108,10.10.21.6
disparityBoltSub,365,11,1531606808607,1531606808678,71,10.10.21.7
disparityBoltSub,365,12,1531606808607,1531606808735,128,10.10.21.6
disparityBoltSub,365,13,1531606808605,1531606808678,73,10.10.21.6
disparityBoltSub,365,14,1531606808608,1531606808677,69,10.10.21.7
disparityBoltSub,365,15,1531606808609,1531606808678,69,10.10.21.7
disparityBoltSub,365,16,1531606808609,1531606808681,72,10.10.21.6
disparityBoltSub,365,17,1531606808609,1531606808684,75,10.10.21.6
disparityBoltSub,365,18,1531606808608,1531606808688,80,10.10.21.6
disparityBoltSub,365,19,1531606808610,1531606808684,74,10.10.21.6
disparityBoltSub,365,20,1531606808611,1531606808685,74,10.10.21.7
disparityBoltSub,365,21,1531606808611,1531606808681,70,10.10.21.7
disparityBoltSub,365,22,1531606808614,1531606808729,115,10.10.21.7
disparityBoltSub,365,23,1531606808610,1531606808738,128,10.10.21.6
disparityBoltSub,365,24,1531606808612,1531606808685,73,10.10.21.6
disparityBoltSub,365,25,1531606808613,1531606808737,124,10.10.21.6
disparityBoltSub,365,26,1531606808614,1531606808685,71,10.10.21.7
disparityBoltSub,365,27,1531606808614,1531606808738,124,10.10.21.6
disparityBoltSub,365,28,1531606808612,1531606808684,72,10.10.21.6
disparityBoltSub,365,29,1531606808614,1531606808690,76,10.10.21.6
disparityBoltSub,365,30,1531606808615,1531606808686,71,10.10.21.7
disparityBoltSub,365,31,1531606808613,1531606808690,77,10.10.21.6
disparityBolt,365,0,0,0,146,0
mergeBolt,365,0,1531606808739,1531606808754,15,10.10.21.6
reprojectionBolt,365,0,1531606808754,1531606808793,39,null
overall,365,0,1531606808517,1531606808793,276,0
videoSpout,366,0,1531606809021,1531606809025,4,10.10.21.7
rectificationBolt,366,0,1531606809044,1531606809084,40,10.10.21.6
partitionBolt,366,0,1531606809084,1531606809103,19,10.10.21.6
disparityBoltSub,366,0,1531606809106,1531606809153,47,10.10.21.7
disparityBoltSub,366,1,1531606809104,1531606809183,79,10.10.21.6
disparityBoltSub,366,2,1531606809107,1531606809182,75,10.10.21.7
disparityBoltSub,366,3,1531606809108,1531606809186,78,10.10.21.7
disparityBoltSub,366,4,1531606809108,1531606809188,80,10.10.21.6
disparityBoltSub,366,5,1531606809109,1531606809241,132,10.10.21.7
disparityBoltSub,366,6,1531606809109,1531606809180,71,10.10.21.7
disparityBoltSub,366,7,1531606809109,1531606809188,79,10.10.21.6
disparityBoltSub,366,8,1531606809111,1531606809184,73,10.10.21.7
disparityBoltSub,366,9,1531606809111,1531606809189,78,10.10.21.6
disparityBoltSub,366,10,1531606809112,1531606809185,73,10.10.21.7
disparityBoltSub,366,11,1531606809111,1531606809188,77,10.10.21.6
disparityBoltSub,366,12,1531606809113,1531606809184,71,10.10.21.7
disparityBoltSub,366,13,1531606809113,1531606809184,71,10.10.21.7
disparityBoltSub,366,14,1531606809114,1531606809190,76,10.10.21.6
disparityBoltSub,366,15,1531606809112,1531606809188,76,10.10.21.6
disparityBoltSub,366,16,1531606809112,1531606809194,82,10.10.21.6
disparityBoltSub,366,17,1531606809112,1531606809186,74,10.10.21.6
disparityBoltSub,366,18,1531606809112,1531606809199,87,10.10.21.6
disparityBoltSub,366,19,1531606809113,1531606809194,81,10.10.21.6
disparityBoltSub,366,20,1531606809115,1531606809229,114,10.10.21.6
disparityBoltSub,366,21,1531606809114,1531606809238,124,10.10.21.6
disparityBoltSub,366,22,1531606809118,1531606809194,76,10.10.21.7
disparityBoltSub,366,23,1531606809117,1531606809252,135,10.10.21.7
disparityBoltSub,366,24,1531606809114,1531606809186,72,10.10.21.6
disparityBoltSub,366,25,1531606809117,1531606809194,77,10.10.21.6
disparityBoltSub,366,26,1531606809118,1531606809190,72,10.10.21.7
disparityBoltSub,366,27,1531606809122,1531606809200,78,10.10.21.7
disparityBoltSub,366,28,1531606809120,1531606809191,71,10.10.21.7
disparityBoltSub,366,29,1531606809119,1531606809194,75,10.10.21.6
disparityBoltSub,366,30,1531606809123,1531606809202,79,10.10.21.7
disparityBoltSub,366,31,1531606809133,1531606809174,41,10.10.21.7
disparityBolt,366,0,0,0,148,0
mergeBolt,366,0,1531606809254,1531606809270,16,10.10.21.6
reprojectionBolt,366,0,1531606809270,1531606809311,41,null
overall,366,0,1531606809021,1531606809311,290,0
videoSpout,367,0,1531606809526,1531606809530,4,10.10.21.7
rectificationBolt,367,0,1531606809551,1531606809576,25,10.10.21.6
partitionBolt,367,0,1531606809576,1531606809594,18,10.10.21.6
disparityBoltSub,367,0,1531606809597,1531606809640,43,10.10.21.7
disparityBoltSub,367,1,1531606809595,1531606809674,79,10.10.21.6
disparityBoltSub,367,2,1531606809595,1531606809719,124,10.10.21.6
disparityBoltSub,367,3,1531606809598,1531606809665,67,10.10.21.7
disparityBoltSub,367,4,1531606809596,1531606809726,130,10.10.21.6
disparityBoltSub,367,5,1531606809600,1531606809674,74,10.10.21.6
disparityBoltSub,367,6,1531606809598,1531606809677,79,10.10.21.6
disparityBoltSub,367,7,1531606809601,1531606809676,75,10.10.21.7
disparityBoltSub,367,8,1531606809602,1531606809677,75,10.10.21.7
disparityBoltSub,367,9,1531606809602,1531606809672,70,10.10.21.6
disparityBoltSub,367,10,1531606809604,1531606809679,75,10.10.21.7
disparityBoltSub,367,11,1531606809600,1531606809672,72,10.10.21.6
disparityBoltSub,367,12,1531606809605,1531606809672,67,10.10.21.7
disparityBoltSub,367,13,1531606809603,1531606809674,71,10.10.21.6
disparityBoltSub,367,14,1531606809602,1531606809675,73,10.10.21.6
disparityBoltSub,367,15,1531606809605,1531606809676,71,10.10.21.6
disparityBoltSub,367,16,1531606809601,1531606809673,72,10.10.21.6
disparityBoltSub,367,17,1531606809604,1531606809677,73,10.10.21.6
disparityBoltSub,367,18,1531606809606,1531606809677,71,10.10.21.6
disparityBoltSub,367,19,1531606809607,1531606809682,75,10.10.21.6
disparityBoltSub,367,20,1531606809604,1531606809736,132,10.10.21.6
disparityBoltSub,367,21,1531606809606,1531606809681,75,10.10.21.7
disparityBoltSub,367,22,1531606809605,1531606809717,112,10.10.21.6
disparityBoltSub,367,23,1531606809608,1531606809679,71,10.10.21.6
disparityBoltSub,367,24,1531606809605,1531606809674,69,10.10.21.6
disparityBoltSub,367,25,1531606809608,1531606809676,68,10.10.21.7
disparityBoltSub,367,26,1531606809610,1531606809682,72,10.10.21.7
disparityBoltSub,367,27,1531606809609,1531606809675,66,10.10.21.7
disparityBoltSub,367,28,1531606809611,1531606809683,72,10.10.21.7
disparityBoltSub,367,29,1531606809610,1531606809685,75,10.10.21.6
disparityBoltSub,367,30,1531606809611,1531606809736,125,10.10.21.6
disparityBoltSub,367,31,1531606809608,1531606809687,79,10.10.21.6
disparityBolt,367,0,0,0,141,0
mergeBolt,367,0,1531606809737,1531606809752,15,10.10.21.6
reprojectionBolt,367,0,1531606809752,1531606809792,40,null
overall,367,0,1531606809526,1531606809792,266,0
videoSpout,368,0,1531606810030,1531606810035,5,10.10.21.7
rectificationBolt,368,0,1531606810060,1531606810089,29,10.10.21.6
partitionBolt,368,0,1531606810089,1531606810108,19,10.10.21.6
disparityBoltSub,368,0,1531606810111,1531606810154,43,10.10.21.7
disparityBoltSub,368,1,1531606810109,1531606810183,74,10.10.21.6
disparityBoltSub,368,2,1531606810113,1531606810185,72,10.10.21.7
disparityBoltSub,368,3,1531606810115,1531606810186,71,10.10.21.7
disparityBoltSub,368,4,1531606810114,1531606810188,74,10.10.21.7
disparityBoltSub,368,5,1531606810111,1531606810185,74,10.10.21.6
disparityBoltSub,368,6,1531606810125,1531606810194,69,10.10.21.7
disparityBoltSub,368,7,1531606810124,1531606810193,69,10.10.21.7
disparityBoltSub,368,8,1531606810117,1531606810190,73,10.10.21.7
disparityBoltSub,368,9,1531606810118,1531606810190,72,10.10.21.7
disparityBoltSub,368,10,1531606810116,1531606810194,78,10.10.21.6
disparityBoltSub,368,11,1531606810117,1531606810191,74,10.10.21.6
disparityBoltSub,368,12,1531606810118,1531606810189,71,10.10.21.6
disparityBoltSub,368,13,1531606810115,1531606810191,76,10.10.21.6
disparityBoltSub,368,14,1531606810119,1531606810193,74,10.10.21.6
disparityBoltSub,368,15,1531606810120,1531606810195,75,10.10.21.6
disparityBoltSub,368,16,1531606810120,1531606810191,71,10.10.21.7
disparityBoltSub,368,17,1531606810120,1531606810195,75,10.10.21.6
disparityBoltSub,368,18,1531606810117,1531606810240,123,10.10.21.6
disparityBoltSub,368,19,1531606810121,1531606810195,74,10.10.21.6
disparityBoltSub,368,20,1531606810119,1531606810194,75,10.10.21.6
disparityBoltSub,368,21,1531606810118,1531606810249,131,10.10.21.6
disparityBoltSub,368,22,1531606810121,1531606810199,78,10.10.21.6
disparityBoltSub,368,23,1531606810123,1531606810195,72,10.10.21.6
disparityBoltSub,368,24,1531606810123,1531606810194,71,10.10.21.6
disparityBoltSub,368,25,1531606810121,1531606810194,73,10.10.21.6
disparityBoltSub,368,26,1531606810121,1531606810250,129,10.10.21.6
disparityBoltSub,368,27,1531606810124,1531606810196,72,10.10.21.6
disparityBoltSub,368,28,1531606810124,1531606810194,70,10.10.21.7
disparityBoltSub,368,29,1531606810125,1531606810243,118,10.10.21.6
disparityBoltSub,368,30,1531606810123,1531606810195,72,10.10.21.6
disparityBoltSub,368,31,1531606810126,1531606810166,40,10.10.21.7
disparityBolt,368,0,0,0,141,0
mergeBolt,368,0,1531606810250,1531606810264,14,10.10.21.6
reprojectionBolt,368,0,1531606810264,1531606810304,40,null
overall,368,0,1531606810030,1531606810304,274,0
videoSpout,369,0,1531606810535,1531606810540,5,10.10.21.7
rectificationBolt,369,0,1531606810558,1531606810585,27,10.10.21.6
partitionBolt,369,0,1531606810585,1531606810610,25,10.10.21.6
disparityBoltSub,369,0,1531606810610,1531606810652,42,10.10.21.6
disparityBoltSub,369,1,1531606810614,1531606810688,74,10.10.21.7
disparityBoltSub,369,2,1531606810614,1531606810710,96,10.10.21.6
disparityBoltSub,369,3,1531606810616,1531606810688,72,10.10.21.7
disparityBoltSub,369,4,1531606810615,1531606810690,75,10.10.21.7
disparityBoltSub,369,5,1531606810615,1531606810746,131,10.10.21.6
disparityBoltSub,369,6,1531606810613,1531606810683,70,10.10.21.6
disparityBoltSub,369,7,1531606810617,1531606810687,70,10.10.21.6
disparityBoltSub,369,8,1531606810616,1531606810689,73,10.10.21.6
disparityBoltSub,369,9,1531606810617,1531606810692,75,10.10.21.7
disparityBoltSub,369,10,1531606810618,1531606810688,70,10.10.21.7
disparityBoltSub,369,11,1531606810618,1531606810690,72,10.10.21.6
disparityBoltSub,369,12,1531606810619,1531606810696,77,10.10.21.6
disparityBoltSub,369,13,1531606810625,1531606810694,69,10.10.21.6
disparityBoltSub,369,14,1531606810619,1531606810692,73,10.10.21.7
disparityBoltSub,369,15,1531606810626,1531606810720,94,10.10.21.6
disparityBoltSub,369,16,1531606810618,1531606810696,78,10.10.21.6
disparityBoltSub,369,17,1531606810618,1531606810694,76,10.10.21.6
disparityBoltSub,369,18,1531606810627,1531606810704,77,10.10.21.6
disparityBoltSub,369,19,1531606810619,1531606810695,76,10.10.21.6
disparityBoltSub,369,20,1531606810622,1531606810697,75,10.10.21.7
disparityBoltSub,369,21,1531606810620,1531606810695,75,10.10.21.6
disparityBoltSub,369,22,1531606810625,1531606810700,75,10.10.21.7
disparityBoltSub,369,23,1531606810624,1531606810697,73,10.10.21.7
disparityBoltSub,369,24,1531606810628,1531606810700,72,10.10.21.7
disparityBoltSub,369,25,1531606810627,1531606810702,75,10.10.21.7
disparityBoltSub,369,26,1531606810627,1531606810732,105,10.10.21.7
disparityBoltSub,369,27,1531606810625,1531606810695,70,10.10.21.7
disparityBoltSub,369,28,1531606810627,1531606810755,128,10.10.21.6
disparityBoltSub,369,29,1531606810629,1531606810733,104,10.10.21.7
disparityBoltSub,369,30,1531606810631,1531606810702,71,10.10.21.7
disparityBoltSub,369,31,1531606810632,1531606810675,43,10.10.21.7
disparityBolt,369,0,0,0,145,0
mergeBolt,369,0,1531606810756,1531606810772,16,10.10.21.6
reprojectionBolt,369,0,1531606810772,1531606810811,39,null
overall,369,0,1531606810535,1531606810811,276,0
videoSpout,370,0,1531606811040,1531606811044,4,10.10.21.7
rectificationBolt,370,0,1531606811065,1531606811094,29,10.10.21.6
partitionBolt,370,0,1531606811094,1531606811112,18,10.10.21.6
disparityBoltSub,370,0,1531606811114,1531606811192,78,10.10.21.6
disparityBoltSub,370,1,1531606811113,1531606811185,72,10.10.21.6
disparityBoltSub,370,2,1531606811114,1531606811183,69,10.10.21.6
disparityBoltSub,370,3,1531606811116,1531606811188,72,10.10.21.6
disparityBoltSub,370,4,1531606811117,1531606811228,111,10.10.21.7
disparityBoltSub,370,5,1531606811117,1531606811190,73,10.10.21.6
disparityBoltSub,370,6,1531606811119,1531606811191,72,10.10.21.7
disparityBoltSub,370,7,1531606811118,1531606811227,109,10.10.21.7
disparityBoltSub,370,8,1531606811119,1531606811191,72,10.10.21.6
disparityBoltSub,370,9,1531606811117,1531606811192,75,10.10.21.6
disparityBoltSub,370,10,1531606811123,1531606811193,70,10.10.21.7
disparityBoltSub,370,11,1531606811120,1531606811191,71,10.10.21.7
disparityBoltSub,370,12,1531606811118,1531606811224,106,10.10.21.6
disparityBoltSub,370,13,1531606811124,1531606811194,70,10.10.21.7
disparityBoltSub,370,14,1531606811122,1531606811194,72,10.10.21.7
disparityBoltSub,370,15,1531606811124,1531606811199,75,10.10.21.6
disparityBoltSub,370,16,1531606811122,1531606811223,101,10.10.21.6
disparityBoltSub,370,17,1531606811131,1531606811204,73,10.10.21.7
disparityBoltSub,370,18,1531606811123,1531606811198,75,10.10.21.7
disparityBoltSub,370,19,1531606811129,1531606811204,75,10.10.21.7
disparityBoltSub,370,20,1531606811124,1531606811200,76,10.10.21.6
disparityBoltSub,370,21,1531606811139,1531606811211,72,10.10.21.7
disparityBoltSub,370,22,1531606811131,1531606811230,99,10.10.21.7
disparityBoltSub,370,23,1531606811124,1531606811203,79,10.10.21.6
disparityBoltSub,370,24,1531606811131,1531606811208,77,10.10.21.6
disparityBoltSub,370,25,1531606811132,1531606811216,84,10.10.21.6
disparityBoltSub,370,26,1531606811132,1531606811206,74,10.10.21.6
disparityBoltSub,370,27,1531606811133,1531606811205,72,10.10.21.7
disparityBoltSub,370,28,1531606811131,1531606811209,78,10.10.21.6
disparityBoltSub,370,29,1531606811133,1531606811241,108,10.10.21.6
disparityBoltSub,370,30,1531606811135,1531606811223,88,10.10.21.7
disparityBoltSub,370,31,1531606811139,1531606811181,42,10.10.21.7
disparityBolt,370,0,0,0,128,0
mergeBolt,370,0,1531606811242,1531606811257,15,10.10.21.6
reprojectionBolt,370,0,1531606811257,1531606811297,40,null
overall,370,0,1531606811040,1531606811297,257,0
videoSpout,371,0,1531606811544,1531606811548,4,10.10.21.7
rectificationBolt,371,0,1531606811565,1531606811593,28,10.10.21.6
partitionBolt,371,0,1531606811593,1531606811611,18,10.10.21.6
disparityBoltSub,371,0,1531606811612,1531606811667,55,10.10.21.6
disparityBoltSub,371,1,1531606811616,1531606811688,72,10.10.21.7
disparityBoltSub,371,2,1531606811616,1531606811692,76,10.10.21.6
disparityBoltSub,371,3,1531606811618,1531606811688,70,10.10.21.7
disparityBoltSub,371,4,1531606811619,1531606811692,73,10.10.21.6
disparityBoltSub,371,5,1531606811619,1531606811692,73,10.10.21.6
disparityBoltSub,371,6,1531606811618,1531606811690,72,10.10.21.7
disparityBoltSub,371,7,1531606811619,1531606811687,68,10.10.21.7
disparityBoltSub,371,8,1531606811617,1531606811689,72,10.10.21.6
disparityBoltSub,371,9,1531606811620,1531606811735,115,10.10.21.6
disparityBoltSub,371,10,1531606811620,1531606811739,119,10.10.21.6
disparityBoltSub,371,11,1531606811620,1531606811692,72,10.10.21.7
disparityBoltSub,371,12,1531606811622,1531606811695,73,10.10.21.6
disparityBoltSub,371,13,1531606811619,1531606811690,71,10.10.21.6
disparityBoltSub,371,14,1531606811623,1531606811697,74,10.10.21.6
disparityBoltSub,371,15,1531606811625,1531606811700,75,10.10.21.6
disparityBoltSub,371,16,1531606811624,1531606811696,72,10.10.21.7
disparityBoltSub,371,17,1531606811626,1531606811696,70,10.10.21.7
disparityBoltSub,371,18,1531606811622,1531606811697,75,10.10.21.6
disparityBoltSub,371,19,1531606811628,1531606811706,78,10.10.21.6
disparityBoltSub,371,20,1531606811627,1531606811709,82,10.10.21.6
disparityBoltSub,371,21,1531606811624,1531606811698,74,10.10.21.6
disparityBoltSub,371,22,1531606811623,1531606811696,73,10.10.21.6
disparityBoltSub,371,23,1531606811627,1531606811701,74,10.10.21.7
disparityBoltSub,371,24,1531606811628,1531606811701,73,10.10.21.7
disparityBoltSub,371,25,1531606811629,1531606811701,72,10.10.21.6
disparityBoltSub,371,26,1531606811630,1531606811704,74,10.10.21.6
disparityBoltSub,371,27,1531606811629,1531606811699,70,10.10.21.7
disparityBoltSub,371,28,1531606811631,1531606811704,73,10.10.21.6
disparityBoltSub,371,29,1531606811631,1531606811698,67,10.10.21.7
disparityBoltSub,371,30,1531606811632,1531606811704,72,10.10.21.6
disparityBoltSub,371,31,1531606811631,1531606811670,39,10.10.21.6
disparityBolt,371,0,0,0,127,0
mergeBolt,371,0,1531606811740,1531606811755,15,10.10.21.6
reprojectionBolt,371,0,1531606811755,1531606811800,45,null
overall,371,0,1531606811544,1531606811800,256,0
videoSpout,372,0,1531606812048,1531606812052,4,10.10.21.7
rectificationBolt,372,0,1531606812073,1531606812103,30,10.10.21.6
partitionBolt,372,0,1531606812103,1531606812123,20,10.10.21.6
disparityBoltSub,372,0,1531606812126,1531606812179,53,10.10.21.7
disparityBoltSub,372,1,1531606812124,1531606812233,109,10.10.21.6
disparityBoltSub,372,2,1531606812129,1531606812204,75,10.10.21.7
disparityBoltSub,372,3,1531606812127,1531606812202,75,10.10.21.6
disparityBoltSub,372,4,1531606812130,1531606812202,72,10.10.21.7
disparityBoltSub,372,5,1531606812131,1531606812200,69,10.10.21.7
disparityBoltSub,372,6,1531606812127,1531606812199,72,10.10.21.6
disparityBoltSub,372,7,1531606812134,1531606812207,73,10.10.21.7
disparityBoltSub,372,8,1531606812129,1531606812202,73,10.10.21.6
disparityBoltSub,372,9,1531606812131,1531606812218,87,10.10.21.7
disparityBoltSub,372,10,1531606812130,1531606812251,121,10.10.21.6
disparityBoltSub,372,11,1531606812131,1531606812205,74,10.10.21.6
disparityBoltSub,372,12,1531606812130,1531606812204,74,10.10.21.6
disparityBoltSub,372,13,1531606812138,1531606812209,71,10.10.21.7
disparityBoltSub,372,14,1531606812136,1531606812206,70,10.10.21.7
disparityBoltSub,372,15,1531606812134,1531606812241,107,10.10.21.6
disparityBoltSub,372,16,1531606812134,1531606812207,73,10.10.21.7
disparityBoltSub,372,17,1531606812136,1531606812210,74,10.10.21.7
disparityBoltSub,372,18,1531606812139,1531606812213,74,10.10.21.7
disparityBoltSub,372,19,1531606812141,1531606812215,74,10.10.21.7
disparityBoltSub,372,20,1531606812135,1531606812210,75,10.10.21.6
disparityBoltSub,372,21,1531606812145,1531606812220,75,10.10.21.7
disparityBoltSub,372,22,1531606812143,1531606812271,128,10.10.21.7
disparityBoltSub,372,23,1531606812135,1531606812212,77,10.10.21.6
disparityBoltSub,372,24,1531606812147,1531606812219,72,10.10.21.7
disparityBoltSub,372,25,1531606812136,1531606812211,75,10.10.21.6
disparityBoltSub,372,26,1531606812148,1531606812219,71,10.10.21.7
disparityBoltSub,372,27,1531606812138,1531606812221,83,10.10.21.6
disparityBoltSub,372,28,1531606812150,1531606812221,71,10.10.21.7
disparityBoltSub,372,29,1531606812140,1531606812249,109,10.10.21.7
disparityBoltSub,372,30,1531606812138,1531606812260,122,10.10.21.6
disparityBoltSub,372,31,1531606812138,1531606812186,48,10.10.21.6
disparityBolt,372,0,0,0,147,0
mergeBolt,372,0,1531606812272,1531606812287,15,10.10.21.6
reprojectionBolt,372,0,1531606812287,1531606812327,40,null
overall,372,0,1531606812048,1531606812327,279,0
videoSpout,373,0,1531606812552,1531606812557,5,10.10.21.7
rectificationBolt,373,0,1531606812574,1531606812604,30,10.10.21.6
partitionBolt,373,0,1531606812604,1531606812628,24,10.10.21.6
disparityBoltSub,373,0,1531606812631,1531606812671,40,10.10.21.7
disparityBoltSub,373,1,1531606812630,1531606812711,81,10.10.21.6
disparityBoltSub,373,2,1531606812632,1531606812701,69,10.10.21.7
disparityBoltSub,373,3,1531606812630,1531606812709,79,10.10.21.6
disparityBoltSub,373,4,1531606812630,1531606812699,69,10.10.21.6
disparityBoltSub,373,5,1531606812634,1531606812714,80,10.10.21.7
disparityBoltSub,373,6,1531606812631,1531606812704,73,10.10.21.6
disparityBoltSub,373,7,1531606812632,1531606812704,72,10.10.21.6
disparityBoltSub,373,8,1531606812632,1531606812708,76,10.10.21.6
disparityBoltSub,373,9,1531606812634,1531606812718,84,10.10.21.6
disparityBoltSub,373,10,1531606812636,1531606812708,72,10.10.21.7
disparityBoltSub,373,11,1531606812637,1531606812704,67,10.10.21.7
disparityBoltSub,373,12,1531606812635,1531606812708,73,10.10.21.6
disparityBoltSub,373,13,1531606812639,1531606812744,105,10.10.21.7
disparityBoltSub,373,14,1531606812637,1531606812714,77,10.10.21.7
disparityBoltSub,373,15,1531606812639,1531606812714,75,10.10.21.7
disparityBoltSub,373,16,1531606812636,1531606812710,74,10.10.21.6
disparityBoltSub,373,17,1531606812640,1531606812714,74,10.10.21.7
disparityBoltSub,373,18,1531606812639,1531606812762,123,10.10.21.6
disparityBoltSub,373,19,1531606812639,1531606812715,76,10.10.21.6
disparityBoltSub,373,20,1531606812643,1531606812717,74,10.10.21.7
disparityBoltSub,373,21,1531606812641,1531606812714,73,10.10.21.7
disparityBoltSub,373,22,1531606812640,1531606812717,77,10.10.21.6
disparityBoltSub,373,23,1531606812641,1531606812719,78,10.10.21.6
disparityBoltSub,373,24,1531606812643,1531606812718,75,10.10.21.6
disparityBoltSub,373,25,1531606812642,1531606812714,72,10.10.21.6
disparityBoltSub,373,26,1531606812644,1531606812714,70,10.10.21.6
disparityBoltSub,373,27,1531606812645,1531606812719,74,10.10.21.6
disparityBoltSub,373,28,1531606812644,1531606812713,69,10.10.21.7
disparityBoltSub,373,29,1531606812642,1531606812714,72,10.10.21.6
disparityBoltSub,373,30,1531606812642,1531606812763,121,10.10.21.6
disparityBoltSub,373,31,1531606812644,1531606812718,74,10.10.21.7
disparityBolt,373,0,0,0,133,0
mergeBolt,373,0,1531606812763,1531606812778,15,10.10.21.6
reprojectionBolt,373,0,1531606812778,1531606812817,39,null
overall,373,0,1531606812552,1531606812817,265,0
videoSpout,374,0,1531606813057,1531606813068,11,10.10.21.7
rectificationBolt,374,0,1531606813086,1531606813108,22,10.10.21.6
partitionBolt,374,0,1531606813108,1531606813126,18,10.10.21.6
disparityBoltSub,374,0,1531606813129,1531606813173,44,10.10.21.7
disparityBoltSub,374,1,1531606813130,1531606813200,70,10.10.21.7
disparityBoltSub,374,2,1531606813131,1531606813201,70,10.10.21.7
disparityBoltSub,374,3,1531606813129,1531606813204,75,10.10.21.6
disparityBoltSub,374,4,1531606813130,1531606813201,71,10.10.21.6
disparityBoltSub,374,5,1531606813134,1531606813208,74,10.10.21.7
disparityBoltSub,374,6,1531606813134,1531606813205,71,10.10.21.7
disparityBoltSub,374,7,1531606813132,1531606813206,74,10.10.21.6
disparityBoltSub,374,8,1531606813131,1531606813202,71,10.10.21.6
disparityBoltSub,374,9,1531606813145,1531606813213,68,10.10.21.7
disparityBoltSub,374,10,1531606813143,1531606813214,71,10.10.21.7
disparityBoltSub,374,11,1531606813146,1531606813276,130,10.10.21.7
disparityBoltSub,374,12,1531606813132,1531606813206,74,10.10.21.6
disparityBoltSub,374,13,1531606813135,1531606813205,70,10.10.21.6
disparityBoltSub,374,14,1531606813143,1531606813227,84,10.10.21.6
disparityBoltSub,374,15,1531606813135,1531606813253,118,10.10.21.6
disparityBoltSub,374,16,1531606813141,1531606813259,118,10.10.21.6
disparityBoltSub,374,17,1531606813144,1531606813219,75,10.10.21.6
disparityBoltSub,374,18,1531606813142,1531606813219,77,10.10.21.6
disparityBoltSub,374,19,1531606813145,1531606813222,77,10.10.21.7
disparityBoltSub,374,20,1531606813148,1531606813279,131,10.10.21.7
disparityBoltSub,374,21,1531606813150,1531606813213,63,10.10.21.7
disparityBoltSub,374,22,1531606813143,1531606813219,76,10.10.21.6
disparityBoltSub,374,23,1531606813147,1531606813218,71,10.10.21.7
disparityBoltSub,374,24,1531606813149,1531606813223,74,10.10.21.7
disparityBoltSub,374,25,1531606813150,1531606813219,69,10.10.21.7
disparityBoltSub,374,26,1531606813153,1531606813226,73,10.10.21.7
disparityBoltSub,374,27,1531606813152,1531606813292,140,10.10.21.7
disparityBoltSub,374,28,1531606813155,1531606813292,137,10.10.21.7
disparityBoltSub,374,29,1531606813148,1531606813220,72,10.10.21.6
disparityBoltSub,374,30,1531606813156,1531606813227,71,10.10.21.7
disparityBoltSub,374,31,1531606813150,1531606813199,49,10.10.21.6
disparityBolt,374,0,0,0,163,0
mergeBolt,374,0,1531606813294,1531606813309,15,10.10.21.6
reprojectionBolt,374,0,1531606813309,1531606813348,39,null
overall,374,0,1531606813057,1531606813348,291,0
videoSpout,375,0,1531606813568,1531606813572,4,10.10.21.7
rectificationBolt,375,0,1531606813589,1531606813619,30,10.10.21.6
partitionBolt,375,0,1531606813619,1531606813638,19,10.10.21.6
disparityBoltSub,375,0,1531606813641,1531606813685,44,10.10.21.6
disparityBoltSub,375,1,1531606813642,1531606813742,100,10.10.21.7
disparityBoltSub,375,2,1531606813640,1531606813713,73,10.10.21.6
disparityBoltSub,375,3,1531606813642,1531606813715,73,10.10.21.6
disparityBoltSub,375,4,1531606813640,1531606813713,73,10.10.21.6
disparityBoltSub,375,5,1531606813645,1531606813736,91,10.10.21.7
disparityBoltSub,375,6,1531606813644,1531606813717,73,10.10.21.6
disparityBoltSub,375,7,1531606813646,1531606813730,84,10.10.21.7
disparityBoltSub,375,8,1531606813648,1531606813719,71,10.10.21.7
disparityBoltSub,375,9,1531606813649,1531606813731,82,10.10.21.7
disparityBoltSub,375,10,1531606813652,1531606813736,84,10.10.21.7
disparityBoltSub,375,11,1531606813644,1531606813715,71,10.10.21.6
disparityBoltSub,375,12,1531606813653,1531606813725,72,10.10.21.7
disparityBoltSub,375,13,1531606813649,1531606813726,77,10.10.21.7
disparityBoltSub,375,14,1531606813648,1531606813720,72,10.10.21.7
disparityBoltSub,375,15,1531606813648,1531606813727,79,10.10.21.6
disparityBoltSub,375,16,1531606813648,1531606813727,79,10.10.21.6
disparityBoltSub,375,17,1531606813656,1531606813729,73,10.10.21.7
disparityBoltSub,375,18,1531606813649,1531606813733,84,10.10.21.6
disparityBoltSub,375,19,1531606813650,1531606813724,74,10.10.21.7
disparityBoltSub,375,20,1531606813657,1531606813733,76,10.10.21.7
disparityBoltSub,375,21,1531606813661,1531606813775,114,10.10.21.7
disparityBoltSub,375,22,1531606813659,1531606813748,89,10.10.21.7
disparityBoltSub,375,23,1531606813650,1531606813724,74,10.10.21.6
disparityBoltSub,375,24,1531606813665,1531606813737,72,10.10.21.7
disparityBoltSub,375,25,1531606813654,1531606813725,71,10.10.21.7
disparityBoltSub,375,26,1531606813653,1531606813731,78,10.10.21.6
disparityBoltSub,375,27,1531606813654,1531606813733,79,10.10.21.6
disparityBoltSub,375,28,1531606813664,1531606813727,63,10.10.21.7
disparityBoltSub,375,29,1531606813656,1531606813731,75,10.10.21.6
disparityBoltSub,375,30,1531606813654,1531606813724,70,10.10.21.6
disparityBoltSub,375,31,1531606813655,1531606813735,80,10.10.21.7
disparityBolt,375,0,0,0,135,0
mergeBolt,375,0,1531606813776,1531606813791,15,10.10.21.6
reprojectionBolt,375,0,1531606813792,1531606813838,46,null
overall,375,0,1531606813568,1531606813838,270,0
videoSpout,376,0,1531606814072,1531606814077,5,10.10.21.7
rectificationBolt,376,0,1531606814096,1531606814126,30,10.10.21.6
partitionBolt,376,0,1531606814126,1531606814145,19,10.10.21.6
disparityBoltSub,376,0,1531606814148,1531606814193,45,10.10.21.7
disparityBoltSub,376,1,1531606814149,1531606814234,85,10.10.21.7
disparityBoltSub,376,2,1531606814149,1531606814224,75,10.10.21.6
disparityBoltSub,376,3,1531606814148,1531606814222,74,10.10.21.6
disparityBoltSub,376,4,1531606814151,1531606814220,69,10.10.21.7
disparityBoltSub,376,5,1531606814148,1531606814221,73,10.10.21.6
disparityBoltSub,376,6,1531606814151,1531606814280,129,10.10.21.7
disparityBoltSub,376,7,1531606814151,1531606814225,74,10.10.21.6
disparityBoltSub,376,8,1531606814152,1531606814230,78,10.10.21.7
disparityBoltSub,376,9,1531606814154,1531606814231,77,10.10.21.7
disparityBoltSub,376,10,1531606814156,1531606814284,128,10.10.21.7
disparityBoltSub,376,11,1531606814153,1531606814225,72,10.10.21.6
disparityBoltSub,376,12,1531606814154,1531606814270,116,10.10.21.6
disparityBoltSub,376,13,1531606814159,1531606814232,73,10.10.21.7
disparityBoltSub,376,14,1531606814152,1531606814224,72,10.10.21.6
disparityBoltSub,376,15,1531606814158,1531606814234,76,10.10.21.7
disparityBoltSub,376,16,1531606814155,1531606814231,76,10.10.21.6
disparityBoltSub,376,17,1531606814157,1531606814236,79,10.10.21.6
disparityBoltSub,376,18,1531606814157,1531606814232,75,10.10.21.6
disparityBoltSub,376,19,1531606814160,1531606814235,75,10.10.21.7
disparityBoltSub,376,20,1531606814160,1531606814239,79,10.10.21.6
disparityBoltSub,376,21,1531606814158,1531606814233,75,10.10.21.6
disparityBoltSub,376,22,1531606814156,1531606814231,75,10.10.21.6
disparityBoltSub,376,23,1531606814157,1531606814228,71,10.10.21.6
disparityBoltSub,376,24,1531606814157,1531606814273,116,10.10.21.6
disparityBoltSub,376,25,1531606814160,1531606814237,77,10.10.21.7
disparityBoltSub,376,26,1531606814162,1531606814235,73,10.10.21.7
disparityBoltSub,376,27,1531606814161,1531606814239,78,10.10.21.6
disparityBoltSub,376,28,1531606814159,1531606814230,71,10.10.21.6
disparityBoltSub,376,29,1531606814164,1531606814250,86,10.10.21.7
disparityBoltSub,376,30,1531606814162,1531606814236,74,10.10.21.6
disparityBoltSub,376,31,1531606814160,1531606814208,48,10.10.21.6
disparityBolt,376,0,0,0,136,0
mergeBolt,376,0,1531606814285,1531606814300,15,10.10.21.6
reprojectionBolt,376,0,1531606814300,1531606814339,39,null
overall,376,0,1531606814072,1531606814339,267,0
videoSpout,377,0,1531606814577,1531606814582,5,10.10.21.7
rectificationBolt,377,0,1531606814599,1531606814629,30,10.10.21.6
partitionBolt,377,0,1531606814629,1531606814658,29,10.10.21.6
disparityBoltSub,377,0,1531606814661,1531606814708,47,10.10.21.7
disparityBoltSub,377,1,1531606814661,1531606814773,112,10.10.21.6
disparityBoltSub,377,2,1531606814664,1531606814749,85,10.10.21.6
disparityBoltSub,377,3,1531606814662,1531606814760,98,10.10.21.6
disparityBoltSub,377,4,1531606814661,1531606814771,110,10.10.21.6
disparityBoltSub,377,5,1531606814661,1531606814731,70,10.10.21.6
disparityBoltSub,377,6,1531606814664,1531606814770,106,10.10.21.6
disparityBoltSub,377,7,1531606814662,1531606814731,69,10.10.21.6
disparityBoltSub,377,8,1531606814665,1531606814733,68,10.10.21.7
disparityBoltSub,377,9,1531606814666,1531606814742,76,10.10.21.7
disparityBoltSub,377,10,1531606814667,1531606814734,67,10.10.21.7
disparityBoltSub,377,11,1531606814669,1531606814741,72,10.10.21.7
disparityBoltSub,377,12,1531606814671,1531606814742,71,10.10.21.7
disparityBoltSub,377,13,1531606814665,1531606814779,114,10.10.21.6
disparityBoltSub,377,14,1531606814671,1531606814742,71,10.10.21.7
disparityBoltSub,377,15,1531606814667,1531606814735,68,10.10.21.6
disparityBoltSub,377,16,1531606814673,1531606814746,73,10.10.21.7
disparityBoltSub,377,17,1531606814666,1531606814741,75,10.10.21.6
disparityBoltSub,377,18,1531606814674,1531606814744,70,10.10.21.7
disparityBoltSub,377,19,1531606814677,1531606814754,77,10.10.21.7
disparityBoltSub,377,20,1531606814668,1531606814744,76,10.10.21.6
disparityBoltSub,377,21,1531606814676,1531606814751,75,10.10.21.7
disparityBoltSub,377,22,1531606814669,1531606814743,74,10.10.21.6
disparityBoltSub,377,23,1531606814671,1531606814743,72,10.10.21.6
disparityBoltSub,377,24,1531606814679,1531606814749,70,10.10.21.7
disparityBoltSub,377,25,1531606814671,1531606814793,122,10.10.21.6
disparityBoltSub,377,26,1531606814681,1531606814751,70,10.10.21.7
disparityBoltSub,377,27,1531606814673,1531606814744,71,10.10.21.6
disparityBoltSub,377,28,1531606814674,1531606814745,71,10.10.21.6
disparityBoltSub,377,29,1531606814673,1531606814743,70,10.10.21.6
disparityBoltSub,377,30,1531606814682,1531606814753,71,10.10.21.7
disparityBoltSub,377,31,1531606814673,1531606814726,53,10.10.21.6
disparityBolt,377,0,0,0,132,0
mergeBolt,377,0,1531606814794,1531606814809,15,10.10.21.6
reprojectionBolt,377,0,1531606814809,1531606814848,39,null
overall,377,0,1531606814577,1531606814848,271,0
videoSpout,378,0,1531606815082,1531606815086,4,10.10.21.7
rectificationBolt,378,0,1531606815107,1531606815134,27,10.10.21.6
partitionBolt,378,0,1531606815134,1531606815153,19,10.10.21.6
disparityBoltSub,378,0,1531606815155,1531606815232,77,10.10.21.6
disparityBoltSub,378,1,1531606815156,1531606815232,76,10.10.21.7
disparityBoltSub,378,2,1531606815158,1531606815228,70,10.10.21.7
disparityBoltSub,378,3,1531606815157,1531606815230,73,10.10.21.7
disparityBoltSub,378,4,1531606815165,1531606815276,111,10.10.21.7
disparityBoltSub,378,5,1531606815159,1531606815259,100,10.10.21.7
disparityBoltSub,378,6,1531606815157,1531606815243,86,10.10.21.6
disparityBoltSub,378,7,1531606815156,1531606815241,85,10.10.21.6
disparityBoltSub,378,8,1531606815162,1531606815231,69,10.10.21.7
disparityBoltSub,378,9,1531606815162,1531606815235,73,10.10.21.7
disparityBoltSub,378,10,1531606815189,1531606815260,71,10.10.21.7
disparityBoltSub,378,11,1531606815160,1531606815229,69,10.10.21.6
disparityBoltSub,378,12,1531606815161,1531606815233,72,10.10.21.6
disparityBoltSub,378,13,1531606815163,1531606815231,68,10.10.21.7
disparityBoltSub,378,14,1531606815189,1531606815260,71,10.10.21.7
disparityBoltSub,378,15,1531606815161,1531606815300,139,10.10.21.6
disparityBoltSub,378,16,1531606815162,1531606815264,102,10.10.21.6
disparityBoltSub,378,17,1531606815161,1531606815271,110,10.10.21.6
disparityBoltSub,378,18,1531606815187,1531606815259,72,10.10.21.6
disparityBoltSub,378,19,1531606815161,1531606815259,98,10.10.21.6
disparityBoltSub,378,20,1531606815187,1531606815266,79,10.10.21.6
disparityBoltSub,378,21,1531606815187,1531606815303,116,10.10.21.6
disparityBoltSub,378,22,1531606815190,1531606815267,77,10.10.21.7
disparityBoltSub,378,23,1531606815191,1531606815319,128,10.10.21.7
disparityBoltSub,378,24,1531606815193,1531606815263,70,10.10.21.7
disparityBoltSub,378,25,1531606815193,1531606815305,112,10.10.21.7
disparityBoltSub,378,26,1531606815194,1531606815267,73,10.10.21.7
disparityBoltSub,378,27,1531606815192,1531606815272,80,10.10.21.6
disparityBoltSub,378,28,1531606815193,1531606815268,75,10.10.21.6
disparityBoltSub,378,29,1531606815197,1531606815322,125,10.10.21.7
disparityBoltSub,378,30,1531606815198,1531606815300,102,10.10.21.7
disparityBoltSub,378,31,1531606815199,1531606815238,39,10.10.21.7
disparityBolt,378,0,0,0,167,0
mergeBolt,378,0,1531606815322,1531606815337,15,10.10.21.6
reprojectionBolt,378,0,1531606815337,1531606815377,40,null
overall,378,0,1531606815082,1531606815377,295,0
videoSpout,379,0,1531606815586,1531606815590,4,10.10.21.7
rectificationBolt,379,0,1531606815608,1531606815639,31,10.10.21.6
partitionBolt,379,0,1531606815639,1531606815661,22,10.10.21.6
disparityBoltSub,379,0,1531606815661,1531606815711,50,10.10.21.6
disparityBoltSub,379,1,1531606815665,1531606815740,75,10.10.21.7
disparityBoltSub,379,2,1531606815665,1531606815741,76,10.10.21.6
disparityBoltSub,379,3,1531606815665,1531606815740,75,10.10.21.6
disparityBoltSub,379,4,1531606815664,1531606815734,70,10.10.21.6
disparityBoltSub,379,5,1531606815667,1531606815735,68,10.10.21.6
disparityBoltSub,379,6,1531606815668,1531606815741,73,10.10.21.7
disparityBoltSub,379,7,1531606815668,1531606815740,72,10.10.21.6
disparityBoltSub,379,8,1531606815668,1531606815737,69,10.10.21.6
disparityBoltSub,379,9,1531606815669,1531606815772,103,10.10.21.7
disparityBoltSub,379,10,1531606815670,1531606815745,75,10.10.21.6
disparityBoltSub,379,11,1531606815670,1531606815745,75,10.10.21.7
disparityBoltSub,379,12,1531606815670,1531606815744,74,10.10.21.6
disparityBoltSub,379,13,1531606815669,1531606815740,71,10.10.21.6
disparityBoltSub,379,14,1531606815671,1531606815749,78,10.10.21.7
disparityBoltSub,379,15,1531606815673,1531606815775,102,10.10.21.7
disparityBoltSub,379,16,1531606815673,1531606815745,72,10.10.21.6
disparityBoltSub,379,17,1531606815674,1531606815749,75,10.10.21.6
disparityBoltSub,379,18,1531606815672,1531606815810,138,10.10.21.6
disparityBoltSub,379,19,1531606815675,1531606815759,84,10.10.21.6
disparityBoltSub,379,20,1531606815676,1531606815750,74,10.10.21.7
disparityBoltSub,379,21,1531606815675,1531606815749,74,10.10.21.7
disparityBoltSub,379,22,1531606815677,1531606815753,76,10.10.21.7
disparityBoltSub,379,23,1531606815675,1531606815750,75,10.10.21.6
disparityBoltSub,379,24,1531606815684,1531606815754,70,10.10.21.6
disparityBoltSub,379,25,1531606815684,1531606815755,71,10.10.21.6
disparityBoltSub,379,26,1531606815679,1531606815751,72,10.10.21.7
disparityBoltSub,379,27,1531606815685,1531606815766,81,10.10.21.6
disparityBoltSub,379,28,1531606815678,1531606815812,134,10.10.21.6
disparityBoltSub,379,29,1531606815686,1531606815764,78,10.10.21.6
disparityBoltSub,379,30,1531606815682,1531606815756,74,10.10.21.7
disparityBoltSub,379,31,1531606815681,1531606815725,44,10.10.21.6
disparityBolt,379,0,0,0,151,0
mergeBolt,379,0,1531606815812,1531606815829,17,10.10.21.6
reprojectionBolt,379,0,1531606815829,1531606815887,58,null
overall,379,0,1531606815586,1531606815887,301,0
videoSpout,380,0,1531606816090,1531606816104,14,10.10.21.7
rectificationBolt,380,0,1531606816121,1531606816153,32,10.10.21.6
partitionBolt,380,0,1531606816153,1531606816174,21,10.10.21.6
disparityBoltSub,380,0,1531606816177,1531606816219,42,10.10.21.7
disparityBoltSub,380,1,1531606816175,1531606816250,75,10.10.21.6
disparityBoltSub,380,2,1531606816179,1531606816250,71,10.10.21.7
disparityBoltSub,380,3,1531606816179,1531606816250,71,10.10.21.7
disparityBoltSub,380,4,1531606816179,1531606816252,73,10.10.21.6
disparityBoltSub,380,5,1531606816180,1531606816252,72,10.10.21.7
disparityBoltSub,380,6,1531606816181,1531606816286,105,10.10.21.7
disparityBoltSub,380,7,1531606816182,1531606816253,71,10.10.21.6
disparityBoltSub,380,8,1531606816182,1531606816255,73,10.10.21.7
disparityBoltSub,380,9,1531606816183,1531606816256,73,10.10.21.6
disparityBoltSub,380,10,1531606816185,1531606816255,70,10.10.21.7
disparityBoltSub,380,11,1531606816184,1531606816316,132,10.10.21.6
disparityBoltSub,380,12,1531606816184,1531606816254,70,10.10.21.7
disparityBoltSub,380,13,1531606816186,1531606816257,71,10.10.21.7
disparityBoltSub,380,14,1531606816184,1531606816258,74,10.10.21.6
disparityBoltSub,380,15,1531606816185,1531606816317,132,10.10.21.6
disparityBoltSub,380,16,1531606816184,1531606816261,77,10.10.21.6
disparityBoltSub,380,17,1531606816184,1531606816260,76,10.10.21.6
disparityBoltSub,380,18,1531606816184,1531606816257,73,10.10.21.6
disparityBoltSub,380,19,1531606816185,1531606816259,74,10.10.21.6
disparityBoltSub,380,20,1531606816186,1531606816261,75,10.10.21.6
disparityBoltSub,380,21,1531606816185,1531606816260,75,10.10.21.6
disparityBoltSub,380,22,1531606816189,1531606816262,73,10.10.21.7
disparityBoltSub,380,23,1531606816188,1531606816259,71,10.10.21.7
disparityBoltSub,380,24,1531606816186,1531606816260,74,10.10.21.6
disparityBoltSub,380,25,1531606816188,1531606816260,72,10.10.21.6
disparityBoltSub,380,26,1531606816191,1531606816301,110,10.10.21.7
disparityBoltSub,380,27,1531606816191,1531606816295,104,10.10.21.7
disparityBoltSub,380,28,1531606816194,1531606816265,71,10.10.21.7
disparityBoltSub,380,29,1531606816191,1531606816262,71,10.10.21.6
disparityBoltSub,380,30,1531606816196,1531606816307,111,10.10.21.7
disparityBoltSub,380,31,1531606816195,1531606816234,39,10.10.21.7
disparityBolt,380,0,0,0,142,0
mergeBolt,380,0,1531606816318,1531606816334,16,10.10.21.6
reprojectionBolt,380,0,1531606816334,1531606816373,39,null
overall,380,0,1531606816090,1531606816373,283,0
videoSpout,381,0,1531606816604,1531606816610,6,10.10.21.7
rectificationBolt,381,0,1531606816628,1531606816650,22,10.10.21.6
partitionBolt,381,0,1531606816650,1531606816681,31,10.10.21.6
disparityBoltSub,381,0,1531606816683,1531606816732,49,10.10.21.7
disparityBoltSub,381,1,1531606816682,1531606816760,78,10.10.21.6
disparityBoltSub,381,2,1531606816683,1531606816809,126,10.10.21.6
disparityBoltSub,381,3,1531606816685,1531606816756,71,10.10.21.7
disparityBoltSub,381,4,1531606816683,1531606816755,72,10.10.21.6
disparityBoltSub,381,5,1531606816685,1531606816761,76,10.10.21.6
disparityBoltSub,381,6,1531606816687,1531606816762,75,10.10.21.6
disparityBoltSub,381,7,1531606816687,1531606816762,75,10.10.21.7
disparityBoltSub,381,8,1531606816688,1531606816772,84,10.10.21.7
disparityBoltSub,381,9,1531606816687,1531606816758,71,10.10.21.6
disparityBoltSub,381,10,1531606816689,1531606816760,71,10.10.21.7
disparityBoltSub,381,11,1531606816689,1531606816761,72,10.10.21.6
disparityBoltSub,381,12,1531606816691,1531606816764,73,10.10.21.7
disparityBoltSub,381,13,1531606816689,1531606816761,72,10.10.21.6
disparityBoltSub,381,14,1531606816691,1531606816765,74,10.10.21.6
disparityBoltSub,381,15,1531606816692,1531606816768,76,10.10.21.6
disparityBoltSub,381,16,1531606816690,1531606816758,68,10.10.21.6
disparityBoltSub,381,17,1531606816693,1531606816771,78,10.10.21.6
disparityBoltSub,381,18,1531606816693,1531606816766,73,10.10.21.6
disparityBoltSub,381,19,1531606816694,1531606816773,79,10.10.21.6
disparityBoltSub,381,20,1531606816691,1531606816767,76,10.10.21.6
disparityBoltSub,381,21,1531606816693,1531606816783,90,10.10.21.7
disparityBoltSub,381,22,1531606816692,1531606816766,74,10.10.21.6
disparityBoltSub,381,23,1531606816695,1531606816823,128,10.10.21.6
disparityBoltSub,381,24,1531606816693,1531606816762,69,10.10.21.6
disparityBoltSub,381,25,1531606816696,1531606816770,74,10.10.21.7
disparityBoltSub,381,26,1531606816696,1531606816765,69,10.10.21.7
disparityBoltSub,381,27,1531606816697,1531606816766,69,10.10.21.7
disparityBoltSub,381,28,1531606816699,1531606816769,70,10.10.21.7
disparityBoltSub,381,29,1531606816697,1531606816771,74,10.10.21.6
disparityBoltSub,381,30,1531606816699,1531606816769,70,10.10.21.6
disparityBoltSub,381,31,1531606816696,1531606816736,40,10.10.21.6
disparityBolt,381,0,0,0,141,0
mergeBolt,381,0,1531606816824,1531606816840,16,10.10.21.6
reprojectionBolt,381,0,1531606816840,1531606816879,39,null
overall,381,0,1531606816604,1531606816879,275,0
videoSpout,382,0,1531606817110,1531606817114,4,10.10.21.7
rectificationBolt,382,0,1531606817132,1531606817163,31,10.10.21.6
partitionBolt,382,0,1531606817163,1531606817183,20,10.10.21.6
disparityBoltSub,382,0,1531606817186,1531606817231,45,10.10.21.7
disparityBoltSub,382,1,1531606817184,1531606817311,127,10.10.21.6
disparityBoltSub,382,2,1531606817189,1531606817266,77,10.10.21.7
disparityBoltSub,382,3,1531606817187,1531606817276,89,10.10.21.7
disparityBoltSub,382,4,1531606817188,1531606817263,75,10.10.21.7
disparityBoltSub,382,5,1531606817186,1531606817260,74,10.10.21.6
disparityBoltSub,382,6,1531606817190,1531606817260,70,10.10.21.7
disparityBoltSub,382,7,1531606817192,1531606817268,76,10.10.21.7
disparityBoltSub,382,8,1531606817191,1531606817268,77,10.10.21.7
disparityBoltSub,382,9,1531606817192,1531606817281,89,10.10.21.7
disparityBoltSub,382,10,1531606817189,1531606817317,128,10.10.21.6
disparityBoltSub,382,11,1531606817198,1531606817272,74,10.10.21.6
disparityBoltSub,382,12,1531606817191,1531606817270,79,10.10.21.6
disparityBoltSub,382,13,1531606817189,1531606817263,74,10.10.21.6
disparityBoltSub,382,14,1531606817199,1531606817274,75,10.10.21.6
disparityBoltSub,382,15,1531606817208,1531606817285,77,10.10.21.6
disparityBoltSub,382,16,1531606817193,1531606817266,73,10.10.21.7
disparityBoltSub,382,17,1531606817209,1531606817283,74,10.10.21.6
disparityBoltSub,382,18,1531606817192,1531606817269,77,10.10.21.6
disparityBoltSub,382,19,1531606817209,1531606817282,73,10.10.21.6
disparityBoltSub,382,20,1531606817193,1531606817279,86,10.10.21.6
disparityBoltSub,382,21,1531606817206,1531606817281,75,10.10.21.6
disparityBoltSub,382,22,1531606817210,1531606817285,75,10.10.21.6
disparityBoltSub,382,23,1531606817210,1531606817281,71,10.10.21.6
disparityBoltSub,382,24,1531606817212,1531606817281,69,10.10.21.6
disparityBoltSub,382,25,1531606817209,1531606817279,70,10.10.21.6
disparityBoltSub,382,26,1531606817209,1531606817279,70,10.10.21.6
disparityBoltSub,382,27,1531606817212,1531606817282,70,10.10.21.6
disparityBoltSub,382,28,1531606817213,1531606817285,72,10.10.21.7
disparityBoltSub,382,29,1531606817213,1531606817283,70,10.10.21.6
disparityBoltSub,382,30,1531606817211,1531606817279,68,10.10.21.6
disparityBoltSub,382,31,1531606817214,1531606817254,40,10.10.21.7
disparityBolt,382,0,0,0,133,0
mergeBolt,382,0,1531606817318,1531606817333,15,10.10.21.6
reprojectionBolt,382,0,1531606817333,1531606817372,39,null
overall,382,0,1531606817110,1531606817372,262,0
videoSpout,383,0,1531606817614,1531606817620,6,10.10.21.7
rectificationBolt,383,0,1531606817641,1531606817668,27,10.10.21.6
partitionBolt,383,0,1531606817668,1531606817687,19,10.10.21.6
disparityBoltSub,383,0,1531606817687,1531606817726,39,10.10.21.6
disparityBoltSub,383,1,1531606817692,1531606817769,77,10.10.21.7
disparityBoltSub,383,2,1531606817691,1531606817764,73,10.10.21.6
disparityBoltSub,383,3,1531606817692,1531606817773,81,10.10.21.7
disparityBoltSub,383,4,1531606817693,1531606817820,127,10.10.21.7
disparityBoltSub,383,5,1531606817692,1531606817763,71,10.10.21.6
disparityBoltSub,383,6,1531606817691,1531606817771,80,10.10.21.6
disparityBoltSub,383,7,1531606817693,1531606817764,71,10.10.21.6
disparityBoltSub,383,8,1531606817694,1531606817815,121,10.10.21.6
disparityBoltSub,383,9,1531606817695,1531606817771,76,10.10.21.7
disparityBoltSub,383,10,1531606817695,1531606817772,77,10.10.21.7
disparityBoltSub,383,11,1531606817696,1531606817765,69,10.10.21.6
disparityBoltSub,383,12,1531606817696,1531606817816,120,10.10.21.6
disparityBoltSub,383,13,1531606817697,1531606817766,69,10.10.21.6
disparityBoltSub,383,14,1531606817697,1531606817772,75,10.10.21.7
disparityBoltSub,383,15,1531606817698,1531606817769,71,10.10.21.6
disparityBoltSub,383,16,1531606817696,1531606817770,74,10.10.21.6
disparityBoltSub,383,17,1531606817696,1531606817773,77,10.10.21.6
disparityBoltSub,383,18,1531606817698,1531606817770,72,10.10.21.6
disparityBoltSub,383,19,1531606817697,1531606817771,74,10.10.21.6
disparityBoltSub,383,20,1531606817701,1531606817776,75,10.10.21.7
disparityBoltSub,383,21,1531606817698,1531606817774,76,10.10.21.6
disparityBoltSub,383,22,1531606817702,1531606817833,131,10.10.21.7
disparityBoltSub,383,23,1531606817703,1531606817829,126,10.10.21.7
disparityBoltSub,383,24,1531606817706,1531606817834,128,10.10.21.7
disparityBoltSub,383,25,1531606817705,1531606817780,75,10.10.21.7
disparityBoltSub,383,26,1531606817706,1531606817815,109,10.10.21.7
disparityBoltSub,383,27,1531606817704,1531606817783,79,10.10.21.7
disparityBoltSub,383,28,1531606817705,1531606817774,69,10.10.21.6
disparityBoltSub,383,29,1531606817708,1531606817819,111,10.10.21.7
disparityBoltSub,383,30,1531606817709,1531606817782,73,10.10.21.7
disparityBoltSub,383,31,1531606817710,1531606817759,49,10.10.21.7
disparityBolt,383,0,0,0,147,0
mergeBolt,383,0,1531606817835,1531606817850,15,10.10.21.6
reprojectionBolt,383,0,1531606817850,1531606817893,43,null
overall,383,0,1531606817614,1531606817893,279,0
videoSpout,384,0,1531606818120,1531606818126,6,10.10.21.7
rectificationBolt,384,0,1531606818147,1531606818182,35,10.10.21.6
partitionBolt,384,0,1531606818182,1531606818201,19,10.10.21.6
disparityBoltSub,384,0,1531606818204,1531606818249,45,10.10.21.6
disparityBoltSub,384,1,1531606818202,1531606818273,71,10.10.21.6
disparityBoltSub,384,2,1531606818202,1531606818279,77,10.10.21.6
disparityBoltSub,384,3,1531606818205,1531606818324,119,10.10.21.6
disparityBoltSub,384,4,1531606818206,1531606818307,101,10.10.21.7
disparityBoltSub,384,5,1531606818207,1531606818278,71,10.10.21.6
disparityBoltSub,384,6,1531606818209,1531606818334,125,10.10.21.7
disparityBoltSub,384,7,1531606818208,1531606818282,74,10.10.21.7
disparityBoltSub,384,8,1531606818208,1531606818279,71,10.10.21.6
disparityBoltSub,384,9,1531606818207,1531606818282,75,10.10.21.6
disparityBoltSub,384,10,1531606818211,1531606818317,106,10.10.21.7
disparityBoltSub,384,11,1531606818210,1531606818343,133,10.10.21.7
disparityBoltSub,384,12,1531606818208,1531606818279,71,10.10.21.6
disparityBoltSub,384,13,1531606818214,1531606818294,80,10.10.21.7
disparityBoltSub,384,14,1531606818212,1531606818285,73,10.10.21.7
disparityBoltSub,384,15,1531606818212,1531606818286,74,10.10.21.6
disparityBoltSub,384,16,1531606818212,1531606818290,78,10.10.21.6
disparityBoltSub,384,17,1531606818214,1531606818351,137,10.10.21.7
disparityBoltSub,384,18,1531606818213,1531606818289,76,10.10.21.7
disparityBoltSub,384,19,1531606818215,1531606818293,78,10.10.21.7
disparityBoltSub,384,20,1531606818214,1531606818290,76,10.10.21.6
disparityBoltSub,384,21,1531606818217,1531606818288,71,10.10.21.7
disparityBoltSub,384,22,1531606818218,1531606818347,129,10.10.21.7
disparityBoltSub,384,23,1531606818213,1531606818287,74,10.10.21.6
disparityBoltSub,384,24,1531606818216,1531606818293,77,10.10.21.6
disparityBoltSub,384,25,1531606818217,1531606818298,81,10.10.21.6
disparityBoltSub,384,26,1531606818217,1531606818290,73,10.10.21.6
disparityBoltSub,384,27,1531606818218,1531606818292,74,10.10.21.7
disparityBoltSub,384,28,1531606818215,1531606818335,120,10.10.21.6
disparityBoltSub,384,29,1531606818217,1531606818293,76,10.10.21.6
disparityBoltSub,384,30,1531606818219,1531606818294,75,10.10.21.7
disparityBoltSub,384,31,1531606818219,1531606818260,41,10.10.21.7
disparityBolt,384,0,0,0,149,0
mergeBolt,384,0,1531606818352,1531606818367,15,10.10.21.6
reprojectionBolt,384,0,1531606818367,1531606818407,40,null
overall,384,0,1531606818120,1531606818407,287,0
videoSpout,385,0,1531606818626,1531606818630,4,10.10.21.7
rectificationBolt,385,0,1531606818650,1531606818680,30,10.10.21.6
partitionBolt,385,0,1531606818680,1531606818704,24,10.10.21.6
disparityBoltSub,385,0,1531606818704,1531606818751,47,10.10.21.6
disparityBoltSub,385,1,1531606818707,1531606818782,75,10.10.21.7
disparityBoltSub,385,2,1531606818707,1531606818825,118,10.10.21.6
disparityBoltSub,385,3,1531606818709,1531606818830,121,10.10.21.7
disparityBoltSub,385,4,1531606818715,1531606818786,71,10.10.21.6
disparityBoltSub,385,5,1531606818716,1531606818789,73,10.10.21.6
disparityBoltSub,385,6,1531606818711,1531606818784,73,10.10.21.7
disparityBoltSub,385,7,1531606818711,1531606818788,77,10.10.21.7
disparityBoltSub,385,8,1531606818708,1531606818779,71,10.10.21.6
disparityBoltSub,385,9,1531606818717,1531606818788,71,10.10.21.6
disparityBoltSub,385,10,1531606818717,1531606818793,76,10.10.21.6
disparityBoltSub,385,11,1531606818712,1531606818833,121,10.10.21.7
disparityBoltSub,385,12,1531606818720,1531606818795,75,10.10.21.6
disparityBoltSub,385,13,1531606818711,1531606818783,72,10.10.21.6
disparityBoltSub,385,14,1531606818722,1531606818794,72,10.10.21.6
disparityBoltSub,385,15,1531606818720,1531606818791,71,10.10.21.6
disparityBoltSub,385,16,1531606818715,1531606818788,73,10.10.21.7
disparityBoltSub,385,17,1531606818716,1531606818789,73,10.10.21.7
disparityBoltSub,385,18,1531606818713,1531606818789,76,10.10.21.6
disparityBoltSub,385,19,1531606818723,1531606818799,76,10.10.21.6
disparityBoltSub,385,20,1531606818723,1531606818798,75,10.10.21.6
disparityBoltSub,385,21,1531606818715,1531606818838,123,10.10.21.6
disparityBoltSub,385,22,1531606818715,1531606818789,74,10.10.21.6
disparityBoltSub,385,23,1531606818718,1531606818789,71,10.10.21.7
disparityBoltSub,385,24,1531606818719,1531606818792,73,10.10.21.7
disparityBoltSub,385,25,1531606818724,1531606818793,69,10.10.21.6
disparityBoltSub,385,26,1531606818725,1531606818797,72,10.10.21.6
disparityBoltSub,385,27,1531606818721,1531606818803,82,10.10.21.7
disparityBoltSub,385,28,1531606818726,1531606818798,72,10.10.21.6
disparityBoltSub,385,29,1531606818723,1531606818803,80,10.10.21.7
disparityBoltSub,385,30,1531606818727,1531606818798,71,10.10.21.6
disparityBoltSub,385,31,1531606818726,1531606818767,41,10.10.21.6
disparityBolt,385,0,0,0,134,0
mergeBolt,385,0,1531606818838,1531606818853,15,10.10.21.6
reprojectionBolt,385,0,1531606818853,1531606818893,40,null
overall,385,0,1531606818626,1531606818893,267,0
videoSpout,386,0,1531606819130,1531606819134,4,10.10.21.7
rectificationBolt,386,0,1531606819153,1531606819184,31,10.10.21.6
partitionBolt,386,0,1531606819184,1531606819204,20,10.10.21.6
disparityBoltSub,386,0,1531606819207,1531606819253,46,10.10.21.7
disparityBoltSub,386,1,1531606819205,1531606819281,76,10.10.21.6
disparityBoltSub,386,2,1531606819209,1531606819287,78,10.10.21.7
disparityBoltSub,386,3,1531606819208,1531606819283,75,10.10.21.6
disparityBoltSub,386,4,1531606819209,1531606819281,72,10.10.21.7
disparityBoltSub,386,5,1531606819211,1531606819282,71,10.10.21.7
disparityBoltSub,386,6,1531606819208,1531606819279,71,10.10.21.6
disparityBoltSub,386,7,1531606819213,1531606819289,76,10.10.21.7
disparityBoltSub,386,8,1531606819209,1531606819278,69,10.10.21.6
disparityBoltSub,386,9,1531606819212,1531606819284,72,10.10.21.7
disparityBoltSub,386,10,1531606819211,1531606819282,71,10.10.21.6
disparityBoltSub,386,11,1531606819212,1531606819280,68,10.10.21.6
disparityBoltSub,386,12,1531606819210,1531606819280,70,10.10.21.6
disparityBoltSub,386,13,1531606819215,1531606819285,70,10.10.21.7
disparityBoltSub,386,14,1531606819217,1531606819290,73,10.10.21.7
disparityBoltSub,386,15,1531606819213,1531606819286,73,10.10.21.6
disparityBoltSub,386,16,1531606819217,1531606819291,74,10.10.21.7
disparityBoltSub,386,17,1531606819215,1531606819291,76,10.10.21.7
disparityBoltSub,386,18,1531606819228,1531606819304,76,10.10.21.7
disparityBoltSub,386,19,1531606819219,1531606819294,75,10.10.21.7
disparityBoltSub,386,20,1531606819216,1531606819300,84,10.10.21.6
disparityBoltSub,386,21,1531606819230,1531606819325,95,10.10.21.7
disparityBoltSub,386,22,1531606819233,1531606819310,77,10.10.21.7
disparityBoltSub,386,23,1531606819215,1531606819300,85,10.10.21.6
disparityBoltSub,386,24,1531606819234,1531606819321,87,10.10.21.7
disparityBoltSub,386,25,1531606819216,1531606819289,73,10.10.21.6
disparityBoltSub,386,26,1531606819235,1531606819307,72,10.10.21.7
disparityBoltSub,386,27,1531606819228,1531606819309,81,10.10.21.6
disparityBoltSub,386,28,1531606819236,1531606819351,115,10.10.21.7
disparityBoltSub,386,29,1531606819230,1531606819306,76,10.10.21.7
disparityBoltSub,386,30,1531606819228,1531606819298,70,10.10.21.6
disparityBoltSub,386,31,1531606819228,1531606819271,43,10.10.21.6
disparityBolt,386,0,0,0,146,0
mergeBolt,386,0,1531606819353,1531606819368,15,10.10.21.6
reprojectionBolt,386,0,1531606819368,1531606819408,40,null
overall,386,0,1531606819130,1531606819408,278,0
videoSpout,387,0,1531606819635,1531606819640,5,10.10.21.7
rectificationBolt,387,0,1531606819660,1531606819691,31,10.10.21.6
partitionBolt,387,0,1531606819691,1531606819711,20,10.10.21.6
disparityBoltSub,387,0,1531606819715,1531606819758,43,10.10.21.7
disparityBoltSub,387,1,1531606819714,1531606819785,71,10.10.21.6
disparityBoltSub,387,2,1531606819716,1531606819788,72,10.10.21.7
disparityBoltSub,387,3,1531606819714,1531606819838,124,10.10.21.6
disparityBoltSub,387,4,1531606819714,1531606819787,73,10.10.21.6
disparityBoltSub,387,5,1531606819724,1531606819797,73,10.10.21.7
disparityBoltSub,387,6,1531606819714,1531606819790,76,10.10.21.6
disparityBoltSub,387,7,1531606819714,1531606819783,69,10.10.21.6
disparityBoltSub,387,8,1531606819717,1531606819789,72,10.10.21.6
disparityBoltSub,387,9,1531606819718,1531606819798,80,10.10.21.6
disparityBoltSub,387,10,1531606819718,1531606819793,75,10.10.21.7
disparityBoltSub,387,11,1531606819721,1531606819791,70,10.10.21.7
disparityBoltSub,387,12,1531606819718,1531606819797,79,10.10.21.6
disparityBoltSub,387,13,1531606819721,1531606819789,68,10.10.21.7
disparityBoltSub,387,14,1531606819726,1531606819801,75,10.10.21.7
disparityBoltSub,387,15,1531606819728,1531606819864,136,10.10.21.7
disparityBoltSub,387,16,1531606819719,1531606819794,75,10.10.21.6
disparityBoltSub,387,17,1531606819729,1531606819803,74,10.10.21.7
disparityBoltSub,387,18,1531606819722,1531606819795,73,10.10.21.6
disparityBoltSub,387,19,1531606819723,1531606819796,73,10.10.21.6
disparityBoltSub,387,20,1531606819731,1531606819868,137,10.10.21.7
disparityBoltSub,387,21,1531606819732,1531606819805,73,10.10.21.7
disparityBoltSub,387,22,1531606819724,1531606819806,82,10.10.21.6
disparityBoltSub,387,23,1531606819727,1531606819802,75,10.10.21.6
disparityBoltSub,387,24,1531606819725,1531606819848,123,10.10.21.6
disparityBoltSub,387,25,1531606819729,1531606819862,133,10.10.21.6
disparityBoltSub,387,26,1531606819728,1531606819863,135,10.10.21.6
disparityBoltSub,387,27,1531606819729,1531606819799,70,10.10.21.6
disparityBoltSub,387,28,1531606819728,1531606819800,72,10.10.21.7
disparityBoltSub,387,29,1531606819726,1531606819795,69,10.10.21.6
disparityBoltSub,387,30,1531606819726,1531606819799,73,10.10.21.6
disparityBoltSub,387,31,1531606819733,1531606819776,43,10.10.21.7
disparityBolt,387,0,0,0,154,0
mergeBolt,387,0,1531606819870,1531606819885,15,10.10.21.6
reprojectionBolt,387,0,1531606819885,1531606819924,39,null
overall,387,0,1531606819635,1531606819924,289,0
videoSpout,388,0,1531606820140,1531606820144,4,10.10.21.7
rectificationBolt,388,0,1531606820170,1531606820194,24,10.10.21.6
partitionBolt,388,0,1531606820194,1531606820211,17,10.10.21.6
disparityBoltSub,388,0,1531606820214,1531606820258,44,10.10.21.7
disparityBoltSub,388,1,1531606820215,1531606820285,70,10.10.21.7
disparityBoltSub,388,2,1531606820216,1531606820326,110,10.10.21.7
disparityBoltSub,388,3,1531606820215,1531606820296,81,10.10.21.6
disparityBoltSub,388,4,1531606820224,1531606820296,72,10.10.21.6
disparityBoltSub,388,5,1531606820218,1531606820287,69,10.10.21.7
disparityBoltSub,388,6,1531606820220,1531606820291,71,10.10.21.7
disparityBoltSub,388,7,1531606820224,1531606820297,73,10.10.21.6
disparityBoltSub,388,8,1531606820216,1531606820291,75,10.10.21.6
disparityBoltSub,388,9,1531606820223,1531606820353,130,10.10.21.7
disparityBoltSub,388,10,1531606820221,1531606820293,72,10.10.21.7
disparityBoltSub,388,11,1531606820225,1531606820292,67,10.10.21.7
disparityBoltSub,388,12,1531606820217,1531606820291,74,10.10.21.6
disparityBoltSub,388,13,1531606820226,1531606820296,70,10.10.21.6
disparityBoltSub,388,14,1531606820221,1531606820298,77,10.10.21.6
disparityBoltSub,388,15,1531606820225,1531606820298,73,10.10.21.6
disparityBoltSub,388,16,1531606820219,1531606820294,75,10.10.21.6
disparityBoltSub,388,17,1531606820226,1531606820305,79,10.10.21.6
disparityBoltSub,388,18,1531606820220,1531606820298,78,10.10.21.6
disparityBoltSub,388,19,1531606820223,1531606820296,73,10.10.21.7
disparityBoltSub,388,20,1531606820227,1531606820299,72,10.10.21.7
disparityBoltSub,388,21,1531606820228,1531606820355,127,10.10.21.7
disparityBoltSub,388,22,1531606820222,1531606820301,79,10.10.21.6
disparityBoltSub,388,23,1531606820226,1531606820357,131,10.10.21.7
disparityBoltSub,388,24,1531606820227,1531606820352,125,10.10.21.7
disparityBoltSub,388,25,1531606820229,1531606820292,63,10.10.21.7
disparityBoltSub,388,26,1531606820231,1531606820301,70,10.10.21.7
disparityBoltSub,388,27,1531606820230,1531606820296,66,10.10.21.7
disparityBoltSub,388,28,1531606820233,1531606820346,113,10.10.21.7
disparityBoltSub,388,29,1531606820225,1531606820294,69,10.10.21.6
disparityBoltSub,388,30,1531606820232,1531606820303,71,10.10.21.7
disparityBoltSub,388,31,1531606820228,1531606820269,41,10.10.21.6
disparityBolt,388,0,0,0,143,0
mergeBolt,388,0,1531606820358,1531606820373,15,10.10.21.6
reprojectionBolt,388,0,1531606820373,1531606820412,39,null
overall,388,0,1531606820140,1531606820412,272,0
videoSpout,389,0,1531606820644,1531606820648,4,10.10.21.7
rectificationBolt,389,0,1531606820669,1531606820702,33,10.10.21.6
partitionBolt,389,0,1531606820702,1531606820722,20,10.10.21.6
disparityBoltSub,389,0,1531606820725,1531606820796,71,10.10.21.6
disparityBoltSub,389,1,1531606820725,1531606820795,70,10.10.21.7
disparityBoltSub,389,2,1531606820723,1531606820793,70,10.10.21.6
disparityBoltSub,389,3,1531606820726,1531606820797,71,10.10.21.6
disparityBoltSub,389,4,1531606820725,1531606820838,113,10.10.21.6
disparityBoltSub,389,5,1531606820729,1531606820799,70,10.10.21.7
disparityBoltSub,389,6,1531606820726,1531606820801,75,10.10.21.6
disparityBoltSub,389,7,1531606820737,1531606820809,72,10.10.21.7
disparityBoltSub,389,8,1531606820735,1531606820805,70,10.10.21.7
disparityBoltSub,389,9,1531606820740,1531606820862,122,10.10.21.7
disparityBoltSub,389,10,1531606820738,1531606820806,68,10.10.21.7
disparityBoltSub,389,11,1531606820733,1531606820803,70,10.10.21.6
disparityBoltSub,389,12,1531606820742,1531606820814,72,10.10.21.7
disparityBoltSub,389,13,1531606820736,1531606820807,71,10.10.21.7
disparityBoltSub,389,14,1531606820738,1531606820808,70,10.10.21.7
disparityBoltSub,389,15,1531606820737,1531606820813,76,10.10.21.6
disparityBoltSub,389,16,1531606820738,1531606820840,102,10.10.21.6
disparityBoltSub,389,17,1531606820743,1531606820818,75,10.10.21.7
disparityBoltSub,389,18,1531606820740,1531606820856,116,10.10.21.6
disparityBoltSub,389,19,1531606820739,1531606820814,75,10.10.21.7
disparityBoltSub,389,20,1531606820747,1531606820883,136,10.10.21.7
disparityBoltSub,389,21,1531606820745,1531606820820,75,10.10.21.7
disparityBoltSub,389,22,1531606820750,1531606820880,130,10.10.21.7
disparityBoltSub,389,23,1531606820739,1531606820816,77,10.10.21.6
disparityBoltSub,389,24,1531606820748,1531606820820,72,10.10.21.7
disparityBoltSub,389,25,1531606820743,1531606820817,74,10.10.21.7
disparityBoltSub,389,26,1531606820743,1531606820854,111,10.10.21.6
disparityBoltSub,389,27,1531606820743,1531606820850,107,10.10.21.6
disparityBoltSub,389,28,1531606820751,1531606820875,124,10.10.21.7
disparityBoltSub,389,29,1531606820744,1531606820814,70,10.10.21.6
disparityBoltSub,389,30,1531606820744,1531606820814,70,10.10.21.6
disparityBoltSub,389,31,1531606820745,1531606820785,40,10.10.21.7
disparityBolt,389,0,0,0,160,0
mergeBolt,389,0,1531606820885,1531606820902,17,10.10.21.6
reprojectionBolt,389,0,1531606820902,1531606820941,39,null
overall,389,0,1531606820644,1531606820941,297,0
videoSpout,390,0,1531606821149,1531606821152,3,10.10.21.7
rectificationBolt,390,0,1531606821173,1531606821205,32,10.10.21.6
partitionBolt,390,0,1531606821205,1531606821226,21,10.10.21.6
disparityBoltSub,390,0,1531606821230,1531606821272,42,10.10.21.7
disparityBoltSub,390,1,1531606821232,1531606821338,106,10.10.21.7
disparityBoltSub,390,2,1531606821232,1531606821316,84,10.10.21.6
disparityBoltSub,390,3,1531606821229,1531606821304,75,10.10.21.6
disparityBoltSub,390,4,1531606821232,1531606821305,73,10.10.21.7
disparityBoltSub,390,5,1531606821230,1531606821304,74,10.10.21.6
disparityBoltSub,390,6,1531606821233,1531606821308,75,10.10.21.7
disparityBoltSub,390,7,1531606821233,1531606821308,75,10.10.21.6
disparityBoltSub,390,8,1531606821242,1531606821314,72,10.10.21.7
disparityBoltSub,390,9,1531606821240,1531606821313,73,10.10.21.7
disparityBoltSub,390,10,1531606821243,1531606821348,105,10.10.21.7
disparityBoltSub,390,11,1531606821235,1531606821307,72,10.10.21.6
disparityBoltSub,390,12,1531606821236,1531606821307,71,10.10.21.6
disparityBoltSub,390,13,1531606821244,1531606821316,72,10.10.21.7
disparityBoltSub,390,14,1531606821235,1531606821310,75,10.10.21.6
disparityBoltSub,390,15,1531606821246,1531606821317,71,10.10.21.7
disparityBoltSub,390,16,1531606821238,1531606821316,78,10.10.21.6
disparityBoltSub,390,17,1531606821240,1531606821327,87,10.10.21.6
disparityBoltSub,390,18,1531606821241,1531606821356,115,10.10.21.6
disparityBoltSub,390,19,1531606821248,1531606821321,73,10.10.21.7
disparityBoltSub,390,20,1531606821241,1531606821322,81,10.10.21.6
disparityBoltSub,390,21,1531606821242,1531606821319,77,10.10.21.6
disparityBoltSub,390,22,1531606821239,1531606821314,75,10.10.21.6
disparityBoltSub,390,23,1531606821239,1531606821352,113,10.10.21.6
disparityBoltSub,390,24,1531606821239,1531606821310,71,10.10.21.6
disparityBoltSub,390,25,1531606821243,1531606821310,67,10.10.21.7
disparityBoltSub,390,26,1531606821249,1531606821316,67,10.10.21.7
disparityBoltSub,390,27,1531606821244,1531606821320,76,10.10.21.6
disparityBoltSub,390,28,1531606821241,1531606821315,74,10.10.21.6
disparityBoltSub,390,29,1531606821251,1531606821320,69,10.10.21.7
disparityBoltSub,390,30,1531606821244,1531606821323,79,10.10.21.6
disparityBoltSub,390,31,1531606821242,1531606821288,46,10.10.21.6
disparityBolt,390,0,0,0,127,0
mergeBolt,390,0,1531606821357,1531606821372,15,10.10.21.6
reprojectionBolt,390,0,1531606821372,1531606821422,50,null
overall,390,0,1531606821149,1531606821422,273,0
videoSpout,391,0,1531606821653,1531606821657,4,10.10.21.7
rectificationBolt,391,0,1531606821677,1531606821707,30,10.10.21.6
partitionBolt,391,0,1531606821707,1531606821727,20,10.10.21.6
disparityBoltSub,391,0,1531606821730,1531606821776,46,10.10.21.7
disparityBoltSub,391,1,1531606821732,1531606821804,72,10.10.21.6
disparityBoltSub,391,2,1531606821733,1531606821804,71,10.10.21.6
disparityBoltSub,391,3,1531606821734,1531606821805,71,10.10.21.6
disparityBoltSub,391,4,1531606821731,1531606821799,68,10.10.21.6
disparityBoltSub,391,5,1531606821730,1531606821845,115,10.10.21.6
disparityBoltSub,391,6,1531606821734,1531606821810,76,10.10.21.6
disparityBoltSub,391,7,1531606821731,1531606821848,117,10.10.21.6
disparityBoltSub,391,8,1531606821733,1531606821845,112,10.10.21.7
disparityBoltSub,391,9,1531606821735,1531606821811,76,10.10.21.7
disparityBoltSub,391,10,1531606821735,1531606821806,71,10.10.21.7
disparityBoltSub,391,11,1531606821738,1531606821805,67,10.10.21.7
disparityBoltSub,391,12,1531606821739,1531606821813,74,10.10.21.7
disparityBoltSub,391,13,1531606821734,1531606821802,68,10.10.21.6
disparityBoltSub,391,14,1531606821741,1531606821817,76,10.10.21.7
disparityBoltSub,391,15,1531606821737,1531606821810,73,10.10.21.6
disparityBoltSub,391,16,1531606821743,1531606821816,73,10.10.21.7
disparityBoltSub,391,17,1531606821736,1531606821848,112,10.10.21.6
disparityBoltSub,391,18,1531606821745,1531606821820,75,10.10.21.7
disparityBoltSub,391,19,1531606821744,1531606821860,116,10.10.21.7
disparityBoltSub,391,20,1531606821737,1531606821809,72,10.10.21.6
disparityBoltSub,391,21,1531606821746,1531606821822,76,10.10.21.7
disparityBoltSub,391,22,1531606821738,1531606821811,73,10.10.21.6
disparityBoltSub,391,23,1531606821741,1531606821814,73,10.10.21.6
disparityBoltSub,391,24,1531606821748,1531606821822,74,10.10.21.7
disparityBoltSub,391,25,1531606821742,1531606821813,71,10.10.21.6
disparityBoltSub,391,26,1531606821749,1531606821825,76,10.10.21.7
disparityBoltSub,391,27,1531606821744,1531606821817,73,10.10.21.6
disparityBoltSub,391,28,1531606821743,1531606821824,81,10.10.21.6
disparityBoltSub,391,29,1531606821744,1531606821814,70,10.10.21.6
disparityBoltSub,391,30,1531606821751,1531606821820,69,10.10.21.7
disparityBoltSub,391,31,1531606821742,1531606821821,79,10.10.21.6
disparityBolt,391,0,0,0,130,0
mergeBolt,391,0,1531606821861,1531606821876,15,10.10.21.6
reprojectionBolt,391,0,1531606821876,1531606821917,41,null
overall,391,0,1531606821653,1531606821917,264,0
videoSpout,392,0,1531606822157,1531606822161,4,10.10.21.7
rectificationBolt,392,0,1531606822181,1531606822213,32,10.10.21.6
partitionBolt,392,0,1531606822213,1531606822251,38,10.10.21.6
disparityBoltSub,392,0,1531606822253,1531606822302,49,10.10.21.6
disparityBoltSub,392,1,1531606822255,1531606822329,74,10.10.21.7
disparityBoltSub,392,2,1531606822263,1531606822334,71,10.10.21.7
disparityBoltSub,392,3,1531606822256,1531606822407,151,10.10.21.7
disparityBoltSub,392,4,1531606822270,1531606822343,73,10.10.21.7
disparityBoltSub,392,5,1531606822259,1531606822329,70,10.10.21.7
disparityBoltSub,392,6,1531606822255,1531606822329,74,10.10.21.6
disparityBoltSub,392,7,1531606822255,1531606822332,77,10.10.21.6
disparityBoltSub,392,8,1531606822261,1531606822331,70,10.10.21.7
disparityBoltSub,392,9,1531606822273,1531606822339,66,10.10.21.7
disparityBoltSub,392,10,1531606822271,1531606822338,67,10.10.21.7
disparityBoltSub,392,11,1531606822258,1531606822328,70,10.10.21.6
disparityBoltSub,392,12,1531606822260,1531606822335,75,10.10.21.6
disparityBoltSub,392,13,1531606822262,1531606822333,71,10.10.21.7
disparityBoltSub,392,14,1531606822263,1531606822335,72,10.10.21.7
disparityBoltSub,392,15,1531606822259,1531606822331,72,10.10.21.6
disparityBoltSub,392,16,1531606822261,1531606822333,72,10.10.21.6
disparityBoltSub,392,17,1531606822259,1531606822334,75,10.10.21.6
disparityBoltSub,392,18,1531606822259,1531606822337,78,10.10.21.6
disparityBoltSub,392,19,1531606822260,1531606822334,74,10.10.21.6
disparityBoltSub,392,20,1531606822260,1531606822337,77,10.10.21.6
disparityBoltSub,392,21,1531606822260,1531606822334,74,10.10.21.6
disparityBoltSub,392,22,1531606822264,1531606822407,143,10.10.21.7
disparityBoltSub,392,23,1531606822274,1531606822348,74,10.10.21.7
disparityBoltSub,392,24,1531606822275,1531606822412,137,10.10.21.7
disparityBoltSub,392,25,1531606822266,1531606822404,138,10.10.21.7
disparityBoltSub,392,26,1531606822267,1531606822378,111,10.10.21.7
disparityBoltSub,392,27,1531606822266,1531606822344,78,10.10.21.6
disparityBoltSub,392,28,1531606822267,1531606822341,74,10.10.21.6
disparityBoltSub,392,29,1531606822268,1531606822406,138,10.10.21.7
disparityBoltSub,392,30,1531606822270,1531606822406,136,10.10.21.7
disparityBoltSub,392,31,1531606822271,1531606822352,81,10.10.21.7
disparityBolt,392,0,0,0,159,0
mergeBolt,392,0,1531606822414,1531606822428,14,10.10.21.6
reprojectionBolt,392,0,1531606822428,1531606822468,40,null
overall,392,0,1531606822157,1531606822468,311,0
videoSpout,393,0,1531606822661,1531606822665,4,10.10.21.7
rectificationBolt,393,0,1531606822685,1531606822716,31,10.10.21.6
partitionBolt,393,0,1531606822716,1531606822735,19,10.10.21.6
disparityBoltSub,393,0,1531606822736,1531606822821,85,10.10.21.6
disparityBoltSub,393,1,1531606822742,1531606822813,71,10.10.21.7
disparityBoltSub,393,2,1531606822739,1531606822820,81,10.10.21.6
disparityBoltSub,393,3,1531606822740,1531606822818,78,10.10.21.6
disparityBoltSub,393,4,1531606822738,1531606822832,94,10.10.21.6
disparityBoltSub,393,5,1531606822740,1531606822820,80,10.10.21.6
disparityBoltSub,393,6,1531606822744,1531606822849,105,10.10.21.7
disparityBoltSub,393,7,1531606822741,1531606822811,70,10.10.21.6
disparityBoltSub,393,8,1531606822742,1531606822812,70,10.10.21.6
disparityBoltSub,393,9,1531606822745,1531606822815,70,10.10.21.7
disparityBoltSub,393,10,1531606822744,1531606822814,70,10.10.21.6
disparityBoltSub,393,11,1531606822744,1531606822814,70,10.10.21.7
disparityBoltSub,393,12,1531606822745,1531606822829,84,10.10.21.6
disparityBoltSub,393,13,1531606822743,1531606822831,88,10.10.21.6
disparityBoltSub,393,14,1531606822747,1531606822815,68,10.10.21.7
disparityBoltSub,393,15,1531606822748,1531606822820,72,10.10.21.7
disparityBoltSub,393,16,1531606822746,1531606822881,135,10.10.21.6
disparityBoltSub,393,17,1531606822747,1531606822830,83,10.10.21.6
disparityBoltSub,393,18,1531606822745,1531606822835,90,10.10.21.6
disparityBoltSub,393,19,1531606822748,1531606822831,83,10.10.21.6
disparityBoltSub,393,20,1531606822749,1531606822822,73,10.10.21.7
disparityBoltSub,393,21,1531606822751,1531606822827,76,10.10.21.7
disparityBoltSub,393,22,1531606822749,1531606822819,70,10.10.21.7
disparityBoltSub,393,23,1531606822747,1531606822833,86,10.10.21.6
disparityBoltSub,393,24,1531606822750,1531606822851,101,10.10.21.6
disparityBoltSub,393,25,1531606822750,1531606822885,135,10.10.21.6
disparityBoltSub,393,26,1531606822781,1531606822852,71,10.10.21.7
disparityBoltSub,393,27,1531606822780,1531606822852,72,10.10.21.6
disparityBoltSub,393,28,1531606822750,1531606822853,103,10.10.21.6
disparityBoltSub,393,29,1531606822780,1531606822855,75,10.10.21.6
disparityBoltSub,393,30,1531606822781,1531606822887,106,10.10.21.7
disparityBoltSub,393,31,1531606822780,1531606822825,45,10.10.21.6
disparityBolt,393,0,0,0,151,0
mergeBolt,393,0,1531606822888,1531606822905,17,10.10.21.6
reprojectionBolt,393,0,1531606822905,1531606822945,40,null
overall,393,0,1531606822661,1531606822945,284,0
videoSpout,394,0,1531606823165,1531606823169,4,10.10.21.7
rectificationBolt,394,0,1531606823190,1531606823219,29,10.10.21.6
partitionBolt,394,0,1531606823219,1531606823239,20,10.10.21.6
disparityBoltSub,394,0,1531606823241,1531606823285,44,10.10.21.7
disparityBoltSub,394,1,1531606823240,1531606823315,75,10.10.21.6
disparityBoltSub,394,2,1531606823244,1531606823328,84,10.10.21.7
disparityBoltSub,394,3,1531606823243,1531606823317,74,10.10.21.7
disparityBoltSub,394,4,1531606823244,1531606823315,71,10.10.21.6
disparityBoltSub,394,5,1531606823246,1531606823315,69,10.10.21.7
disparityBoltSub,394,6,1531606823246,1531606823362,116,10.10.21.7
disparityBoltSub,394,7,1531606823244,1531606823317,73,10.10.21.6
disparityBoltSub,394,8,1531606823247,1531606823320,73,10.10.21.7
disparityBoltSub,394,9,1531606823245,1531606823319,74,10.10.21.6
disparityBoltSub,394,10,1531606823249,1531606823319,70,10.10.21.7
disparityBoltSub,394,11,1531606823247,1531606823315,68,10.10.21.6
disparityBoltSub,394,12,1531606823249,1531606823322,73,10.10.21.7
disparityBoltSub,394,13,1531606823251,1531606823336,85,10.10.21.7
disparityBoltSub,394,14,1531606823249,1531606823325,76,10.10.21.6
disparityBoltSub,394,15,1531606823248,1531606823317,69,10.10.21.6
disparityBoltSub,394,16,1531606823247,1531606823323,76,10.10.21.6
disparityBoltSub,394,17,1531606823248,1531606823328,80,10.10.21.6
disparityBoltSub,394,18,1531606823248,1531606823323,75,10.10.21.6
disparityBoltSub,394,19,1531606823248,1531606823323,75,10.10.21.6
disparityBoltSub,394,20,1531606823250,1531606823376,126,10.10.21.6
disparityBoltSub,394,21,1531606823249,1531606823378,129,10.10.21.6
disparityBoltSub,394,22,1531606823254,1531606823395,141,10.10.21.7
disparityBoltSub,394,23,1531606823253,1531606823326,73,10.10.21.7
disparityBoltSub,394,24,1531606823250,1531606823323,73,10.10.21.6
disparityBoltSub,394,25,1531606823253,1531606823328,75,10.10.21.6
disparityBoltSub,394,26,1531606823254,1531606823394,140,10.10.21.7
disparityBoltSub,394,27,1531606823257,1531606823377,120,10.10.21.7
disparityBoltSub,394,28,1531606823256,1531606823329,73,10.10.21.7
disparityBoltSub,394,29,1531606823255,1531606823330,75,10.10.21.6
disparityBoltSub,394,30,1531606823259,1531606823369,110,10.10.21.7
disparityBoltSub,394,31,1531606823261,1531606823338,77,10.10.21.7
disparityBolt,394,0,0,0,155,0
mergeBolt,394,0,1531606823397,1531606823413,16,10.10.21.6
reprojectionBolt,394,0,1531606823413,1531606823453,40,null
overall,394,0,1531606823165,1531606823453,288,0
videoSpout,395,0,1531606823669,1531606823673,4,10.10.21.7
rectificationBolt,395,0,1531606823731,1531606823753,22,10.10.21.6
partitionBolt,395,0,1531606823753,1531606823771,18,10.10.21.6
disparityBoltSub,395,0,1531606823775,1531606823814,39,10.10.21.7
disparityBoltSub,395,1,1531606823773,1531606823850,77,10.10.21.6
disparityBoltSub,395,2,1531606823772,1531606823901,129,10.10.21.6
disparityBoltSub,395,3,1531606823776,1531606823850,74,10.10.21.7
disparityBoltSub,395,4,1531606823773,1531606823844,71,10.10.21.6
disparityBoltSub,395,5,1531606823776,1531606823856,80,10.10.21.6
disparityBoltSub,395,6,1531606823776,1531606823903,127,10.10.21.6
disparityBoltSub,395,7,1531606823777,1531606823865,88,10.10.21.7
disparityBoltSub,395,8,1531606823778,1531606823849,71,10.10.21.7
disparityBoltSub,395,9,1531606823777,1531606823847,70,10.10.21.6
disparityBoltSub,395,10,1531606823780,1531606823850,70,10.10.21.7
disparityBoltSub,395,11,1531606823778,1531606823857,79,10.10.21.6
disparityBoltSub,395,12,1531606823782,1531606823852,70,10.10.21.7
disparityBoltSub,395,13,1531606823788,1531606823861,73,10.10.21.6
disparityBoltSub,395,14,1531606823789,1531606823864,75,10.10.21.6
disparityBoltSub,395,15,1531606823790,1531606823866,76,10.10.21.6
disparityBoltSub,395,16,1531606823780,1531606823850,70,10.10.21.6
disparityBoltSub,395,17,1531606823791,1531606823863,72,10.10.21.6
disparityBoltSub,395,18,1531606823792,1531606823868,76,10.10.21.6
disparityBoltSub,395,19,1531606823793,1531606823870,77,10.10.21.6
disparityBoltSub,395,20,1531606823782,1531606823887,105,10.10.21.6
disparityBoltSub,395,21,1531606823784,1531606823877,93,10.10.21.7
disparityBoltSub,395,22,1531606823782,1531606823860,78,10.10.21.6
disparityBoltSub,395,23,1531606823794,1531606823865,71,10.10.21.6
disparityBoltSub,395,24,1531606823782,1531606823854,72,10.10.21.6
disparityBoltSub,395,25,1531606823786,1531606823856,70,10.10.21.7
disparityBoltSub,395,26,1531606823789,1531606823859,70,10.10.21.7
disparityBoltSub,395,27,1531606823787,1531606823858,71,10.10.21.7
disparityBoltSub,395,28,1531606823789,1531606823859,70,10.10.21.7
disparityBoltSub,395,29,1531606823794,1531606823867,73,10.10.21.6
disparityBoltSub,395,30,1531606823795,1531606823897,102,10.10.21.6
disparityBoltSub,395,31,1531606823786,1531606823827,41,10.10.21.6
disparityBolt,395,0,0,0,131,0
mergeBolt,395,0,1531606823904,1531606823919,15,10.10.21.6
reprojectionBolt,395,0,1531606823919,1531606823958,39,null
overall,395,0,1531606823669,1531606823958,289,0
videoSpout,396,0,1531606824173,1531606824178,5,10.10.21.7
rectificationBolt,396,0,1531606824196,1531606824228,32,10.10.21.6
partitionBolt,396,0,1531606824228,1531606824248,20,10.10.21.6
disparityBoltSub,396,0,1531606824250,1531606824293,43,10.10.21.7
disparityBoltSub,396,1,1531606824249,1531606824322,73,10.10.21.6
disparityBoltSub,396,2,1531606824252,1531606824324,72,10.10.21.7
disparityBoltSub,396,3,1531606824253,1531606824328,75,10.10.21.7
disparityBoltSub,396,4,1531606824253,1531606824325,72,10.10.21.7
disparityBoltSub,396,5,1531606824251,1531606824322,71,10.10.21.6
disparityBoltSub,396,6,1531606824271,1531606824340,69,10.10.21.7
disparityBoltSub,396,7,1531606824255,1531606824324,69,10.10.21.7
disparityBoltSub,396,8,1531606824269,1531606824343,74,10.10.21.7
disparityBoltSub,396,9,1531606824270,1531606824341,71,10.10.21.7
disparityBoltSub,396,10,1531606824270,1531606824347,77,10.10.21.6
disparityBoltSub,396,11,1531606824271,1531606824345,74,10.10.21.6
disparityBoltSub,396,12,1531606824272,1531606824380,108,10.10.21.6
disparityBoltSub,396,13,1531606824269,1531606824347,78,10.10.21.6
disparityBoltSub,396,14,1531606824274,1531606824347,73,10.10.21.6
disparityBoltSub,396,15,1531606824273,1531606824345,72,10.10.21.6
disparityBoltSub,396,16,1531606824273,1531606824343,70,10.10.21.7
disparityBoltSub,396,17,1531606824274,1531606824354,80,10.10.21.6
disparityBoltSub,396,18,1531606824272,1531606824383,111,10.10.21.6
disparityBoltSub,396,19,1531606824275,1531606824350,75,10.10.21.6
disparityBoltSub,396,20,1531606824272,1531606824346,74,10.10.21.6
disparityBoltSub,396,21,1531606824272,1531606824348,76,10.10.21.6
disparityBoltSub,396,22,1531606824276,1531606824352,76,10.10.21.6
disparityBoltSub,396,23,1531606824278,1531606824352,74,10.10.21.6
disparityBoltSub,396,24,1531606824276,1531606824349,73,10.10.21.6
disparityBoltSub,396,25,1531606824274,1531606824344,70,10.10.21.6
disparityBoltSub,396,26,1531606824274,1531606824346,72,10.10.21.6
disparityBoltSub,396,27,1531606824278,1531606824348,70,10.10.21.6
disparityBoltSub,396,28,1531606824279,1531606824349,70,10.10.21.7
disparityBoltSub,396,29,1531606824279,1531606824351,72,10.10.21.6
disparityBoltSub,396,30,1531606824277,1531606824349,72,10.10.21.6
disparityBoltSub,396,31,1531606824279,1531606824319,40,10.10.21.7
disparityBolt,396,0,0,0,134,0
mergeBolt,396,0,1531606824383,1531606824398,15,10.10.21.6
reprojectionBolt,396,0,1531606824398,1531606824439,41,null
overall,396,0,1531606824173,1531606824439,266,0
videoSpout,397,0,1531606824678,1531606824682,4,10.10.21.7
rectificationBolt,397,0,1531606824699,1531606824729,30,10.10.21.6
partitionBolt,397,0,1531606824729,1531606824748,19,10.10.21.6
disparityBoltSub,397,0,1531606824749,1531606824788,39,10.10.21.6
disparityBoltSub,397,1,1531606824753,1531606824828,75,10.10.21.7
disparityBoltSub,397,2,1531606824752,1531606824822,70,10.10.21.6
disparityBoltSub,397,3,1531606824754,1531606824826,72,10.10.21.7
disparityBoltSub,397,4,1531606824755,1531606824822,67,10.10.21.7
disparityBoltSub,397,5,1531606824752,1531606824823,71,10.10.21.6
disparityBoltSub,397,6,1531606824752,1531606824880,128,10.10.21.6
disparityBoltSub,397,7,1531606824754,1531606824823,69,10.10.21.6
disparityBoltSub,397,8,1531606824755,1531606824825,70,10.10.21.6
disparityBoltSub,397,9,1531606824756,1531606824834,78,10.10.21.7
disparityBoltSub,397,10,1531606824766,1531606824836,70,10.10.21.7
disparityBoltSub,397,11,1531606824755,1531606824825,70,10.10.21.6
disparityBoltSub,397,12,1531606824758,1531606824828,70,10.10.21.6
disparityBoltSub,397,13,1531606824757,1531606824890,133,10.10.21.6
disparityBoltSub,397,14,1531606824758,1531606824870,112,10.10.21.7
disparityBoltSub,397,15,1531606824760,1531606824828,68,10.10.21.6
disparityBoltSub,397,16,1531606824757,1531606824831,74,10.10.21.6
disparityBoltSub,397,17,1531606824757,1531606824833,76,10.10.21.6
disparityBoltSub,397,18,1531606824759,1531606824836,77,10.10.21.6
disparityBoltSub,397,19,1531606824758,1531606824833,75,10.10.21.6
disparityBoltSub,397,20,1531606824767,1531606824842,75,10.10.21.7
disparityBoltSub,397,21,1531606824759,1531606824832,73,10.10.21.6
disparityBoltSub,397,22,1531606824768,1531606824846,78,10.10.21.7
disparityBoltSub,397,23,1531606824771,1531606824844,73,10.10.21.7
disparityBoltSub,397,24,1531606824769,1531606824840,71,10.10.21.7
disparityBoltSub,397,25,1531606824771,1531606824845,74,10.10.21.7
disparityBoltSub,397,26,1531606824764,1531606824833,69,10.10.21.7
disparityBoltSub,397,27,1531606824764,1531606824833,69,10.10.21.7
disparityBoltSub,397,28,1531606824763,1531606824833,70,10.10.21.6
disparityBoltSub,397,29,1531606824774,1531606824844,70,10.10.21.7
disparityBoltSub,397,30,1531606824772,1531606824884,112,10.10.21.7
disparityBoltSub,397,31,1531606824775,1531606824817,42,10.10.21.7
disparityBolt,397,0,0,0,141,0
mergeBolt,397,0,1531606824891,1531606824907,16,10.10.21.6
reprojectionBolt,397,0,1531606824907,1531606824956,49,null
overall,397,0,1531606824678,1531606824956,278,0
videoSpout,398,0,1531606825182,1531606825194,12,10.10.21.7
rectificationBolt,398,0,1531606825216,1531606825245,29,10.10.21.6
partitionBolt,398,0,1531606825245,1531606825265,20,10.10.21.6
disparityBoltSub,398,0,1531606825268,1531606825310,42,10.10.21.6
disparityBoltSub,398,1,1531606825266,1531606825339,73,10.10.21.6
disparityBoltSub,398,2,1531606825266,1531606825339,73,10.10.21.6
disparityBoltSub,398,3,1531606825269,1531606825337,68,10.10.21.6
disparityBoltSub,398,4,1531606825270,1531606825340,70,10.10.21.7
disparityBoltSub,398,5,1531606825270,1531606825340,70,10.10.21.6
disparityBoltSub,398,6,1531606825271,1531606825362,91,10.10.21.7
disparityBoltSub,398,7,1531606825273,1531606825380,107,10.10.21.7
disparityBoltSub,398,8,1531606825270,1531606825340,70,10.10.21.6
disparityBoltSub,398,9,1531606825269,1531606825343,74,10.10.21.6
disparityBoltSub,398,10,1531606825273,1531606825346,73,10.10.21.7
disparityBoltSub,398,11,1531606825273,1531606825347,74,10.10.21.7
disparityBoltSub,398,12,1531606825270,1531606825339,69,10.10.21.6
disparityBoltSub,398,13,1531606825277,1531606825381,104,10.10.21.7
disparityBoltSub,398,14,1531606825276,1531606825353,77,10.10.21.7
disparityBoltSub,398,15,1531606825275,1531606825348,73,10.10.21.6
disparityBoltSub,398,16,1531606825274,1531606825346,72,10.10.21.6
disparityBoltSub,398,17,1531606825278,1531606825358,80,10.10.21.7
disparityBoltSub,398,18,1531606825276,1531606825351,75,10.10.21.7
disparityBoltSub,398,19,1531606825279,1531606825354,75,10.10.21.7
disparityBoltSub,398,20,1531606825275,1531606825350,75,10.10.21.6
disparityBoltSub,398,21,1531606825281,1531606825377,96,10.10.21.7
disparityBoltSub,398,22,1531606825280,1531606825354,74,10.10.21.7
disparityBoltSub,398,23,1531606825277,1531606825349,72,10.10.21.6
disparityBoltSub,398,24,1531606825278,1531606825356,78,10.10.21.6
disparityBoltSub,398,25,1531606825280,1531606825362,82,10.10.21.6
disparityBoltSub,398,26,1531606825279,1531606825352,73,10.10.21.6
disparityBoltSub,398,27,1531606825282,1531606825352,70,10.10.21.7
disparityBoltSub,398,28,1531606825279,1531606825349,70,10.10.21.6
disparityBoltSub,398,29,1531606825281,1531606825357,76,10.10.21.6
disparityBoltSub,398,30,1531606825283,1531606825356,73,10.10.21.7
disparityBoltSub,398,31,1531606825283,1531606825324,41,10.10.21.7
disparityBolt,398,0,0,0,115,0
mergeBolt,398,0,1531606825382,1531606825397,15,10.10.21.6
reprojectionBolt,398,0,1531606825397,1531606825438,41,null
overall,398,0,1531606825182,1531606825438,256,0
videoSpout,399,0,1531606825694,1531606825698,4,10.10.21.7
rectificationBolt,399,0,1531606825719,1531606825749,30,10.10.21.6
partitionBolt,399,0,1531606825749,1531606825805,56,10.10.21.6
disparityBoltSub,399,0,1531606825806,1531606825859,53,10.10.21.6
disparityBoltSub,399,1,1531606825808,1531606825883,75,10.10.21.7
disparityBoltSub,399,2,1531606825809,1531606825879,70,10.10.21.6
disparityBoltSub,399,3,1531606825810,1531606825891,81,10.10.21.7
disparityBoltSub,399,4,1531606825809,1531606825879,70,10.10.21.6
disparityBoltSub,399,5,1531606825812,1531606825884,72,10.10.21.6
disparityBoltSub,399,6,1531606825812,1531606825884,72,10.10.21.7
disparityBoltSub,399,7,1531606825812,1531606825910,98,10.10.21.7
disparityBoltSub,399,8,1531606825810,1531606825882,72,10.10.21.6
disparityBoltSub,399,9,1531606825812,1531606825883,71,10.10.21.6
disparityBoltSub,399,10,1531606825813,1531606825886,73,10.10.21.6
disparityBoltSub,399,11,1531606825813,1531606825884,71,10.10.21.7
disparityBoltSub,399,12,1531606825815,1531606825886,71,10.10.21.6
disparityBoltSub,399,13,1531606825812,1531606825883,71,10.10.21.6
disparityBoltSub,399,14,1531606825814,1531606825885,71,10.10.21.6
disparityBoltSub,399,15,1531606825815,1531606825887,72,10.10.21.6
disparityBoltSub,399,16,1531606825816,1531606825893,77,10.10.21.7
disparityBoltSub,399,17,1531606825817,1531606825898,81,10.10.21.7
disparityBoltSub,399,18,1531606825814,1531606825886,72,10.10.21.6
disparityBoltSub,399,19,1531606825817,1531606825895,78,10.10.21.6
disparityBoltSub,399,20,1531606825817,1531606825944,127,10.10.21.6
disparityBoltSub,399,21,1531606825815,1531606825892,77,10.10.21.6
disparityBoltSub,399,22,1531606825816,1531606825890,74,10.10.21.6
disparityBoltSub,399,23,1531606825819,1531606825888,69,10.10.21.7
disparityBoltSub,399,24,1531606825820,1531606825893,73,10.10.21.7
disparityBoltSub,399,25,1531606825819,1531606825889,70,10.10.21.6
disparityBoltSub,399,26,1531606825820,1531606825945,125,10.10.21.6
disparityBoltSub,399,27,1531606825822,1531606825915,93,10.10.21.7
disparityBoltSub,399,28,1531606825821,1531606825891,70,10.10.21.6
disparityBoltSub,399,29,1531606825823,1531606825895,72,10.10.21.7
disparityBoltSub,399,30,1531606825823,1531606825897,74,10.10.21.6
disparityBoltSub,399,31,1531606825822,1531606825864,42,10.10.21.6
disparityBolt,399,0,0,0,139,0
mergeBolt,399,0,1531606825946,1531606825962,16,10.10.21.6
reprojectionBolt,399,0,1531606825962,1531606826001,39,null
overall,399,0,1531606825694,1531606826001,307,0
videoSpout,400,0,1531606826198,1531606826203,5,10.10.21.7
rectificationBolt,400,0,1531606826226,1531606826258,32,10.10.21.6
partitionBolt,400,0,1531606826258,1531606826278,20,10.10.21.6
disparityBoltSub,400,0,1531606826280,1531606826322,42,10.10.21.7
disparityBoltSub,400,1,1531606826279,1531606826353,74,10.10.21.6
disparityBoltSub,400,2,1531606826282,1531606826360,78,10.10.21.7
disparityBoltSub,400,3,1531606826282,1531606826356,74,10.10.21.6
disparityBoltSub,400,4,1531606826285,1531606826359,74,10.10.21.7
disparityBoltSub,400,5,1531606826286,1531606826411,125,10.10.21.7
disparityBoltSub,400,6,1531606826282,1531606826354,72,10.10.21.6
disparityBoltSub,400,7,1531606826287,1531606826414,127,10.10.21.7
disparityBoltSub,400,8,1531606826285,1531606826356,71,10.10.21.6
disparityBoltSub,400,9,1531606826285,1531606826411,126,10.10.21.7
disparityBoltSub,400,10,1531606826286,1531606826359,73,10.10.21.6
disparityBoltSub,400,11,1531606826286,1531606826358,72,10.10.21.6
disparityBoltSub,400,12,1531606826284,1531606826364,80,10.10.21.6
disparityBoltSub,400,13,1531606826289,1531606826359,70,10.10.21.7
disparityBoltSub,400,14,1531606826291,1531606826362,71,10.10.21.7
disparityBoltSub,400,15,1531606826287,1531606826359,72,10.10.21.6
disparityBoltSub,400,16,1531606826292,1531606826422,130,10.10.21.7
disparityBoltSub,400,17,1531606826289,1531606826419,130,10.10.21.7
disparityBoltSub,400,18,1531606826295,1531606826368,73,10.10.21.7
disparityBoltSub,400,19,1531606826293,1531606826367,74,10.10.21.7
disparityBoltSub,400,20,1531606826291,1531606826370,79,10.10.21.6
disparityBoltSub,400,21,1531606826298,1531606826429,131,10.10.21.7
disparityBoltSub,400,22,1531606826296,1531606826372,76,10.10.21.7
disparityBoltSub,400,23,1531606826291,1531606826368,77,10.10.21.6
disparityBoltSub,400,24,1531606826299,1531606826426,127,10.10.21.7
disparityBoltSub,400,25,1531606826291,1531606826365,74,10.10.21.6
disparityBoltSub,400,26,1531606826300,1531606826434,134,10.10.21.7
disparityBoltSub,400,27,1531606826295,1531606826374,79,10.10.21.6
disparityBoltSub,400,28,1531606826308,1531606826379,71,10.10.21.7
disparityBoltSub,400,29,1531606826296,1531606826367,71,10.10.21.7
disparityBoltSub,400,30,1531606826294,1531606826367,73,10.10.21.6
disparityBoltSub,400,31,1531606826294,1531606826335,41,10.10.21.6
disparityBolt,400,0,0,0,155,0
mergeBolt,400,0,1531606826435,1531606826451,16,10.10.21.6
reprojectionBolt,400,0,1531606826451,1531606826491,40,null
overall,400,0,1531606826198,1531606826491,293,0
videoSpout,401,0,1531606826703,1531606826707,4,10.10.21.7
rectificationBolt,401,0,1531606826726,1531606826757,31,10.10.21.6
partitionBolt,401,0,1531606826757,1531606826775,18,10.10.21.6
disparityBoltSub,401,0,1531606826779,1531606826818,39,10.10.21.7
disparityBoltSub,401,1,1531606826779,1531606826858,79,10.10.21.6
disparityBoltSub,401,2,1531606826781,1531606826851,70,10.10.21.7
disparityBoltSub,401,3,1531606826778,1531606826851,73,10.10.21.6
disparityBoltSub,401,4,1531606826777,1531606826854,77,10.10.21.6
disparityBoltSub,401,5,1531606826782,1531606826850,68,10.10.21.7
disparityBoltSub,401,6,1531606826779,1531606826857,78,10.10.21.6
disparityBoltSub,401,7,1531606826779,1531606826851,72,10.10.21.6
disparityBoltSub,401,8,1531606826782,1531606826859,77,10.10.21.6
disparityBoltSub,401,9,1531606826782,1531606826863,81,10.10.21.6
disparityBoltSub,401,10,1531606826783,1531606826856,73,10.10.21.7
disparityBoltSub,401,11,1531606826785,1531606826855,70,10.10.21.7
disparityBoltSub,401,12,1531606826783,1531606826859,76,10.10.21.6
disparityBoltSub,401,13,1531606826787,1531606826856,69,10.10.21.7
disparityBoltSub,401,14,1531606826786,1531606826855,69,10.10.21.7
disparityBoltSub,401,15,1531606826788,1531606826856,68,10.10.21.7
disparityBoltSub,401,16,1531606826784,1531606826854,70,10.10.21.6
disparityBoltSub,401,17,1531606826789,1531606826863,74,10.10.21.7
disparityBoltSub,401,18,1531606826790,1531606826878,88,10.10.21.6
disparityBoltSub,401,19,1531606826791,1531606826867,76,10.10.21.6
disparityBoltSub,401,20,1531606826790,1531606826862,72,10.10.21.7
disparityBoltSub,401,21,1531606826792,1531606826864,72,10.10.21.7
disparityBoltSub,401,22,1531606826792,1531606826873,81,10.10.21.6
disparityBoltSub,401,23,1531606826792,1531606826901,109,10.10.21.6
disparityBoltSub,401,24,1531606826795,1531606826869,74,10.10.21.6
disparityBoltSub,401,25,1531606826794,1531606826867,73,10.10.21.6
disparityBoltSub,401,26,1531606826796,1531606826867,71,10.10.21.6
disparityBoltSub,401,27,1531606826796,1531606826868,72,10.10.21.6
disparityBoltSub,401,28,1531606826793,1531606826861,68,10.10.21.7
disparityBoltSub,401,29,1531606826790,1531606826904,114,10.10.21.6
disparityBoltSub,401,30,1531606826790,1531606826863,73,10.10.21.6
disparityBoltSub,401,31,1531606826793,1531606826834,41,10.10.21.7
disparityBolt,401,0,0,0,127,0
mergeBolt,401,0,1531606826904,1531606826919,15,10.10.21.6
reprojectionBolt,401,0,1531606826919,1531606826960,41,null
overall,401,0,1531606826703,1531606826960,257,0
videoSpout,402,0,1531606827207,1531606827211,4,10.10.21.7
rectificationBolt,402,0,1531606827233,1531606827273,40,10.10.21.6
partitionBolt,402,0,1531606827273,1531606827292,19,10.10.21.6
disparityBoltSub,402,0,1531606827295,1531606827337,42,10.10.21.7
disparityBoltSub,402,1,1531606827296,1531606827367,71,10.10.21.7
disparityBoltSub,402,2,1531606827298,1531606827367,69,10.10.21.7
disparityBoltSub,402,3,1531606827296,1531606827367,71,10.10.21.6
disparityBoltSub,402,4,1531606827296,1531606827369,73,10.10.21.6
disparityBoltSub,402,5,1531606827300,1531606827371,71,10.10.21.7
disparityBoltSub,402,6,1531606827302,1531606827370,68,10.10.21.7
disparityBoltSub,402,7,1531606827298,1531606827369,71,10.10.21.6
disparityBoltSub,402,8,1531606827297,1531606827373,76,10.10.21.6
disparityBoltSub,402,9,1531606827304,1531606827411,107,10.10.21.7
disparityBoltSub,402,10,1531606827303,1531606827395,92,10.10.21.7
disparityBoltSub,402,11,1531606827307,1531606827374,67,10.10.21.7
disparityBoltSub,402,12,1531606827298,1531606827422,124,10.10.21.6
disparityBoltSub,402,13,1531606827300,1531606827423,123,10.10.21.6
disparityBoltSub,402,14,1531606827302,1531606827380,78,10.10.21.6
disparityBoltSub,402,15,1531606827302,1531606827375,73,10.10.21.6
disparityBoltSub,402,16,1531606827300,1531606827372,72,10.10.21.6
disparityBoltSub,402,17,1531606827303,1531606827378,75,10.10.21.6
disparityBoltSub,402,18,1531606827301,1531606827379,78,10.10.21.6
disparityBoltSub,402,19,1531606827304,1531606827377,73,10.10.21.7
disparityBoltSub,402,20,1531606827308,1531606827381,73,10.10.21.7
disparityBoltSub,402,21,1531606827310,1531606827386,76,10.10.21.7
disparityBoltSub,402,22,1531606827303,1531606827379,76,10.10.21.6
disparityBoltSub,402,23,1531606827306,1531606827400,94,10.10.21.7
disparityBoltSub,402,24,1531606827308,1531606827381,73,10.10.21.7
disparityBoltSub,402,25,1531606827309,1531606827375,66,10.10.21.7
disparityBoltSub,402,26,1531606827313,1531606827386,73,10.10.21.7
disparityBoltSub,402,27,1531606827311,1531606827381,70,10.10.21.7
disparityBoltSub,402,28,1531606827316,1531606827386,70,10.10.21.7
disparityBoltSub,402,29,1531606827306,1531606827378,72,10.10.21.6
disparityBoltSub,402,30,1531606827314,1531606827423,109,10.10.21.7
disparityBoltSub,402,31,1531606827309,1531606827349,40,10.10.21.6
disparityBolt,402,0,0,0,128,0
mergeBolt,402,0,1531606827425,1531606827440,15,10.10.21.6
reprojectionBolt,402,0,1531606827440,1531606827479,39,null
overall,402,0,1531606827207,1531606827479,272,0
videoSpout,403,0,1531606827711,1531606827715,4,10.10.21.7
rectificationBolt,403,0,1531606827737,1531606827770,33,10.10.21.6
partitionBolt,403,0,1531606827770,1531606827790,20,10.10.21.6
disparityBoltSub,403,0,1531606827793,1531606827840,47,10.10.21.6
disparityBoltSub,403,1,1531606827794,1531606827868,74,10.10.21.7
disparityBoltSub,403,2,1531606827792,1531606827869,77,10.10.21.6
disparityBoltSub,403,3,1531606827794,1531606827868,74,10.10.21.6
disparityBoltSub,403,4,1531606827792,1531606827872,80,10.10.21.6
disparityBoltSub,403,5,1531606827797,1531606827868,71,10.10.21.7
disparityBoltSub,403,6,1531606827796,1531606827907,111,10.10.21.6
disparityBoltSub,403,7,1531606827799,1531606827871,72,10.10.21.7
disparityBoltSub,403,8,1531606827801,1531606827874,73,10.10.21.7
disparityBoltSub,403,9,1531606827815,1531606827885,70,10.10.21.7
disparityBoltSub,403,10,1531606827817,1531606827888,71,10.10.21.7
disparityBoltSub,403,11,1531606827797,1531606827872,75,10.10.21.6
disparityBoltSub,403,12,1531606827818,1531606827889,71,10.10.21.7
disparityBoltSub,403,13,1531606827800,1531606827907,107,10.10.21.7
disparityBoltSub,403,14,1531606827817,1531606827890,73,10.10.21.7
disparityBoltSub,403,15,1531606827801,1531606827882,81,10.10.21.6
disparityBoltSub,403,16,1531606827817,1531606827889,72,10.10.21.6
disparityBoltSub,403,17,1531606827821,1531606827941,120,10.10.21.7
disparityBoltSub,403,18,1531606827818,1531606827902,84,10.10.21.6
disparityBoltSub,403,19,1531606827818,1531606827927,109,10.10.21.7
disparityBoltSub,403,20,1531606827832,1531606827904,72,10.10.21.7
disparityBoltSub,403,21,1531606827831,1531606827906,75,10.10.21.7
disparityBoltSub,403,22,1531606827833,1531606827908,75,10.10.21.7
disparityBoltSub,403,23,1531606827817,1531606827930,113,10.10.21.6
disparityBoltSub,403,24,1531606827835,1531606827939,104,10.10.21.7
disparityBoltSub,403,25,1531606827820,1531606827890,70,10.10.21.7
disparityBoltSub,403,26,1531606827821,1531606827894,73,10.10.21.6
disparityBoltSub,403,27,1531606827821,1531606827895,74,10.10.21.6
disparityBoltSub,403,28,1531606827836,1531606827906,70,10.10.21.7
disparityBoltSub,403,29,1531606827823,1531606827894,71,10.10.21.6
disparityBoltSub,403,30,1531606827821,1531606827895,74,10.10.21.6
disparityBoltSub,403,31,1531606827823,1531606827868,45,10.10.21.7
disparityBolt,403,0,0,0,149,0
mergeBolt,403,0,1531606827943,1531606827958,15,10.10.21.6
reprojectionBolt,403,0,1531606827958,1531606827998,40,null
overall,403,0,1531606827711,1531606827998,287,0
videoSpout,404,0,1531606828215,1531606828220,5,10.10.21.7
rectificationBolt,404,0,1531606828241,1531606828270,29,10.10.21.6
partitionBolt,404,0,1531606828270,1531606828289,19,10.10.21.6
disparityBoltSub,404,0,1531606828292,1531606828351,59,10.10.21.7
disparityBoltSub,404,1,1531606828294,1531606828380,86,10.10.21.7
disparityBoltSub,404,2,1531606828293,1531606828374,81,10.10.21.6
disparityBoltSub,404,3,1531606828292,1531606828364,72,10.10.21.6
disparityBoltSub,404,4,1531606828294,1531606828367,73,10.10.21.7
disparityBoltSub,404,5,1531606828292,1531606828363,71,10.10.21.6
disparityBoltSub,404,6,1531606828295,1531606828412,117,10.10.21.7
disparityBoltSub,404,7,1531606828295,1531606828367,72,10.10.21.6
disparityBoltSub,404,8,1531606828298,1531606828370,72,10.10.21.7
disparityBoltSub,404,9,1531606828295,1531606828414,119,10.10.21.7
disparityBoltSub,404,10,1531606828299,1531606828372,73,10.10.21.7
disparityBoltSub,404,11,1531606828296,1531606828418,122,10.10.21.6
disparityBoltSub,404,12,1531606828297,1531606828419,122,10.10.21.6
disparityBoltSub,404,13,1531606828300,1531606828373,73,10.10.21.7
disparityBoltSub,404,14,1531606828296,1531606828426,130,10.10.21.6
disparityBoltSub,404,15,1531606828302,1531606828372,70,10.10.21.7
disparityBoltSub,404,16,1531606828300,1531606828377,77,10.10.21.6
disparityBoltSub,404,17,1531606828300,1531606828377,77,10.10.21.6
disparityBoltSub,404,18,1531606828301,1531606828375,74,10.10.21.6
disparityBoltSub,404,19,1531606828303,1531606828377,74,10.10.21.7
disparityBoltSub,404,20,1531606828303,1531606828381,78,10.10.21.6
disparityBoltSub,404,21,1531606828303,1531606828377,74,10.10.21.6
disparityBoltSub,404,22,1531606828300,1531606828430,130,10.10.21.6
disparityBoltSub,404,23,1531606828301,1531606828374,73,10.10.21.6
disparityBoltSub,404,24,1531606828301,1531606828374,73,10.10.21.6
disparityBoltSub,404,25,1531606828305,1531606828377,72,10.10.21.7
disparityBoltSub,404,26,1531606828305,1531606828376,71,10.10.21.7
disparityBoltSub,404,27,1531606828305,1531606828386,81,10.10.21.6
disparityBoltSub,404,28,1531606828303,1531606828373,70,10.10.21.6
disparityBoltSub,404,29,1531606828306,1531606828375,69,10.10.21.7
disparityBoltSub,404,30,1531606828305,1531606828379,74,10.10.21.6
disparityBoltSub,404,31,1531606828304,1531606828345,41,10.10.21.6
disparityBolt,404,0,0,0,138,0
mergeBolt,404,0,1531606828430,1531606828445,15,10.10.21.6
reprojectionBolt,404,0,1531606828445,1531606828498,53,null
overall,404,0,1531606828215,1531606828498,283,0
videoSpout,405,0,1531606828720,1531606828725,5,10.10.21.7
rectificationBolt,405,0,1531606828745,1531606828776,31,10.10.21.6
partitionBolt,405,0,1531606828776,1531606828795,19,10.10.21.6
disparityBoltSub,405,0,1531606828798,1531606828841,43,10.10.21.7
disparityBoltSub,405,1,1531606828798,1531606828874,76,10.10.21.6
disparityBoltSub,405,2,1531606828800,1531606828874,74,10.10.21.6
disparityBoltSub,405,3,1531606828799,1531606828869,70,10.10.21.6
disparityBoltSub,405,4,1531606828798,1531606828878,80,10.10.21.6
disparityBoltSub,405,5,1531606828797,1531606828876,79,10.10.21.6
disparityBoltSub,405,6,1531606828801,1531606828930,129,10.10.21.6
disparityBoltSub,405,7,1531606828799,1531606828919,120,10.10.21.6
disparityBoltSub,405,8,1531606828802,1531606828872,70,10.10.21.7
disparityBoltSub,405,9,1531606828803,1531606828875,72,10.10.21.7
disparityBoltSub,405,10,1531606828805,1531606828925,120,10.10.21.7
disparityBoltSub,405,11,1531606828806,1531606828874,68,10.10.21.7
disparityBoltSub,405,12,1531606828808,1531606828879,71,10.10.21.7
disparityBoltSub,405,13,1531606828801,1531606828871,70,10.10.21.6
disparityBoltSub,405,14,1531606828810,1531606828930,120,10.10.21.7
disparityBoltSub,405,15,1531606828804,1531606828875,71,10.10.21.6
disparityBoltSub,405,16,1531606828811,1531606828932,121,10.10.21.7
disparityBoltSub,405,17,1531606828803,1531606828879,76,10.10.21.6
disparityBoltSub,405,18,1531606828813,1531606828937,124,10.10.21.7
disparityBoltSub,405,19,1531606828815,1531606828938,123,10.10.21.7
disparityBoltSub,405,20,1531606828804,1531606828880,76,10.10.21.6
disparityBoltSub,405,21,1531606828814,1531606828938,124,10.10.21.7
disparityBoltSub,405,22,1531606828806,1531606828939,133,10.10.21.6
disparityBoltSub,405,23,1531606828807,1531606828938,131,10.10.21.6
disparityBoltSub,405,24,1531606828817,1531606828887,70,10.10.21.7
disparityBoltSub,405,25,1531606828808,1531606828881,73,10.10.21.6
disparityBoltSub,405,26,1531606828818,1531606828893,75,10.10.21.7
disparityBoltSub,405,27,1531606828810,1531606828887,77,10.10.21.6
disparityBoltSub,405,28,1531606828811,1531606828885,74,10.10.21.6
disparityBoltSub,405,29,1531606828811,1531606828884,73,10.10.21.6
disparityBoltSub,405,30,1531606828820,1531606828891,71,10.10.21.7
disparityBoltSub,405,31,1531606828810,1531606828853,43,10.10.21.6
disparityBolt,405,0,0,0,142,0
mergeBolt,405,0,1531606828941,1531606828956,15,10.10.21.6
reprojectionBolt,405,0,1531606828956,1531606828996,40,null
overall,405,0,1531606828720,1531606828996,276,0
videoSpout,406,0,1531606829225,1531606829229,4,10.10.21.7
rectificationBolt,406,0,1531606829250,1531606829280,30,10.10.21.6
partitionBolt,406,0,1531606829280,1531606829317,37,10.10.21.6
disparityBoltSub,406,0,1531606829320,1531606829364,44,10.10.21.6
disparityBoltSub,406,1,1531606829321,1531606829397,76,10.10.21.7
disparityBoltSub,406,2,1531606829323,1531606829397,74,10.10.21.7
disparityBoltSub,406,3,1531606829323,1531606829449,126,10.10.21.7
disparityBoltSub,406,4,1531606829326,1531606829395,69,10.10.21.7
disparityBoltSub,406,5,1531606829326,1531606829398,72,10.10.21.7
disparityBoltSub,406,6,1531606829321,1531606829395,74,10.10.21.6
disparityBoltSub,406,7,1531606829321,1531606829395,74,10.10.21.6
disparityBoltSub,406,8,1531606829344,1531606829417,73,10.10.21.7
disparityBoltSub,406,9,1531606829335,1531606829405,70,10.10.21.7
disparityBoltSub,406,10,1531606829328,1531606829399,71,10.10.21.7
disparityBoltSub,406,11,1531606829326,1531606829397,71,10.10.21.6
disparityBoltSub,406,12,1531606829327,1531606829399,72,10.10.21.6
disparityBoltSub,406,13,1531606829345,1531606829451,106,10.10.21.7
disparityBoltSub,406,14,1531606829346,1531606829442,96,10.10.21.7
disparityBoltSub,406,15,1531606829326,1531606829396,70,10.10.21.6
disparityBoltSub,406,16,1531606829328,1531606829402,74,10.10.21.6
disparityBoltSub,406,17,1531606829326,1531606829399,73,10.10.21.6
disparityBoltSub,406,18,1531606829327,1531606829437,110,10.10.21.6
disparityBoltSub,406,19,1531606829327,1531606829407,80,10.10.21.6
disparityBoltSub,406,20,1531606829327,1531606829438,111,10.10.21.6
disparityBoltSub,406,21,1531606829327,1531606829404,77,10.10.21.6
disparityBoltSub,406,22,1531606829348,1531606829427,79,10.10.21.7
disparityBoltSub,406,23,1531606829331,1531606829431,100,10.10.21.7
disparityBoltSub,406,24,1531606829331,1531606829403,72,10.10.21.7
disparityBoltSub,406,25,1531606829349,1531606829416,67,10.10.21.7
disparityBoltSub,406,26,1531606829351,1531606829425,74,10.10.21.7
disparityBoltSub,406,27,1531606829332,1531606829412,80,10.10.21.6
disparityBoltSub,406,28,1531606829332,1531606829410,78,10.10.21.6
disparityBoltSub,406,29,1531606829357,1531606829432,75,10.10.21.7
disparityBoltSub,406,30,1531606829352,1531606829459,107,10.10.21.7
disparityBoltSub,406,31,1531606829358,1531606829403,45,10.10.21.7
disparityBolt,406,0,0,0,139,0
mergeBolt,406,0,1531606829461,1531606829476,15,10.10.21.6
reprojectionBolt,406,0,1531606829476,1531606829516,40,null
overall,406,0,1531606829225,1531606829516,291,0
videoSpout,407,0,1531606829729,1531606829733,4,10.10.21.7
rectificationBolt,407,0,1531606829755,1531606829786,31,10.10.21.6
partitionBolt,407,0,1531606829786,1531606829805,19,10.10.21.6
disparityBoltSub,407,0,1531606829805,1531606829868,63,10.10.21.6
disparityBoltSub,407,1,1531606829809,1531606829883,74,10.10.21.7
disparityBoltSub,407,2,1531606829810,1531606829901,91,10.10.21.6
disparityBoltSub,407,3,1531606829810,1531606829887,77,10.10.21.6
disparityBoltSub,407,4,1531606829807,1531606829895,88,10.10.21.6
disparityBoltSub,407,5,1531606829811,1531606829883,72,10.10.21.6
disparityBoltSub,407,6,1531606829810,1531606829883,73,10.10.21.7
disparityBoltSub,407,7,1531606829812,1531606829883,71,10.10.21.6
disparityBoltSub,407,8,1531606829812,1531606829898,86,10.10.21.6
disparityBoltSub,407,9,1531606829814,1531606829933,119,10.10.21.7
disparityBoltSub,407,10,1531606829813,1531606829884,71,10.10.21.6
disparityBoltSub,407,11,1531606829815,1531606829889,74,10.10.21.7
disparityBoltSub,407,12,1531606829814,1531606829891,77,10.10.21.6
disparityBoltSub,407,13,1531606829813,1531606829898,85,10.10.21.6
disparityBoltSub,407,14,1531606829816,1531606829937,121,10.10.21.7
disparityBoltSub,407,15,1531606829817,1531606829886,69,10.10.21.7
disparityBoltSub,407,16,1531606829815,1531606829888,73,10.10.21.6
disparityBoltSub,407,17,1531606829817,1531606829900,83,10.10.21.6
disparityBoltSub,407,18,1531606829815,1531606829904,89,10.10.21.6
disparityBoltSub,407,19,1531606829817,1531606829900,83,10.10.21.6
disparityBoltSub,407,20,1531606829819,1531606829935,116,10.10.21.7
disparityBoltSub,407,21,1531606829820,1531606829891,71,10.10.21.7
disparityBoltSub,407,22,1531606829845,1531606829921,76,10.10.21.7
disparityBoltSub,407,23,1531606829817,1531606829901,84,10.10.21.6
disparityBoltSub,407,24,1531606829820,1531606829903,83,10.10.21.6
disparityBoltSub,407,25,1531606829843,1531606829925,82,10.10.21.6
disparityBoltSub,407,26,1531606829846,1531606829922,76,10.10.21.7
disparityBoltSub,407,27,1531606829850,1531606829940,90,10.10.21.6
disparityBoltSub,407,28,1531606829842,1531606829921,79,10.10.21.6
disparityBoltSub,407,29,1531606829846,1531606829922,76,10.10.21.6
disparityBoltSub,407,30,1531606829846,1531606829959,113,10.10.21.7
disparityBoltSub,407,31,1531606829850,1531606829894,44,10.10.21.6
disparityBolt,407,0,0,0,154,0
mergeBolt,407,0,1531606829961,1531606829978,17,10.10.21.6
reprojectionBolt,407,0,1531606829978,1531606830018,40,null
overall,407,0,1531606829729,1531606830018,289,0
videoSpout,408,0,1531606830234,1531606830237,3,10.10.21.7
rectificationBolt,408,0,1531606830258,1531606830293,35,10.10.21.6
partitionBolt,408,0,1531606830293,1531606830313,20,10.10.21.6
disparityBoltSub,408,0,1531606830318,1531606830358,40,10.10.21.7
disparityBoltSub,408,1,1531606830314,1531606830389,75,10.10.21.6
disparityBoltSub,408,2,1531606830317,1531606830388,71,10.10.21.7
disparityBoltSub,408,3,1531606830319,1531606830388,69,10.10.21.7
disparityBoltSub,408,4,1531606830318,1531606830392,74,10.10.21.6
disparityBoltSub,408,5,1531606830320,1531606830387,67,10.10.21.7
disparityBoltSub,408,6,1531606830319,1531606830390,71,10.10.21.7
disparityBoltSub,408,7,1531606830319,1531606830394,75,10.10.21.6
disparityBoltSub,408,8,1531606830322,1531606830387,65,10.10.21.7
disparityBoltSub,408,9,1531606830320,1531606830398,78,10.10.21.6
disparityBoltSub,408,10,1531606830322,1531606830433,111,10.10.21.7
disparityBoltSub,408,11,1531606830321,1531606830392,71,10.10.21.6
disparityBoltSub,408,12,1531606830322,1531606830434,112,10.10.21.7
disparityBoltSub,408,13,1531606830324,1531606830391,67,10.10.21.7
disparityBoltSub,408,14,1531606830323,1531606830403,80,10.10.21.6
disparityBoltSub,408,15,1531606830323,1531606830394,71,10.10.21.6
disparityBoltSub,408,16,1531606830323,1531606830396,73,10.10.21.6
disparityBoltSub,408,17,1531606830323,1531606830396,73,10.10.21.6
disparityBoltSub,408,18,1531606830322,1531606830396,74,10.10.21.6
disparityBoltSub,408,19,1531606830323,1531606830397,74,10.10.21.6
disparityBoltSub,408,20,1531606830332,1531606830407,75,10.10.21.6
disparityBoltSub,408,21,1531606830324,1531606830401,77,10.10.21.6
disparityBoltSub,408,22,1531606830326,1531606830401,75,10.10.21.7
disparityBoltSub,408,23,1531606830328,1531606830401,73,10.10.21.7
disparityBoltSub,408,24,1531606830325,1531606830397,72,10.10.21.6
disparityBoltSub,408,25,1531606830333,1531606830404,71,10.10.21.6
disparityBoltSub,408,26,1531606830329,1531606830442,113,10.10.21.7
disparityBoltSub,408,27,1531606830332,1531606830453,121,10.10.21.7
disparityBoltSub,408,28,1531606830330,1531606830403,73,10.10.21.7
disparityBoltSub,408,29,1531606830334,1531606830405,71,10.10.21.6
disparityBoltSub,408,30,1531606830334,1531606830455,121,10.10.21.7
disparityBoltSub,408,31,1531606830333,1531606830414,81,10.10.21.7
disparityBolt,408,0,0,0,141,0
mergeBolt,408,0,1531606830457,1531606830471,14,10.10.21.6
reprojectionBolt,408,0,1531606830472,1531606830510,38,null
overall,408,0,1531606830234,1531606830510,276,0
videoSpout,409,0,1531606830738,1531606830742,4,10.10.21.7
rectificationBolt,409,0,1531606830795,1531606830816,21,10.10.21.6
partitionBolt,409,0,1531606830816,1531606830833,17,10.10.21.6
disparityBoltSub,409,0,1531606830836,1531606830879,43,10.10.21.7
disparityBoltSub,409,1,1531606830834,1531606830908,74,10.10.21.6
disparityBoltSub,409,2,1531606830834,1531606830908,74,10.10.21.6
disparityBoltSub,409,3,1531606830838,1531606830923,85,10.10.21.7
disparityBoltSub,409,4,1531606830836,1531606830958,122,10.10.21.6
disparityBoltSub,409,5,1531606830839,1531606830912,73,10.10.21.6
disparityBoltSub,409,6,1531606830838,1531606830912,74,10.10.21.6
disparityBoltSub,409,7,1531606830841,1531606830970,129,10.10.21.7
disparityBoltSub,409,8,1531606830842,1531606830948,106,10.10.21.7
disparityBoltSub,409,9,1531606830840,1531606830957,117,10.10.21.6
disparityBoltSub,409,10,1531606830843,1531606830937,94,10.10.21.7
disparityBoltSub,409,11,1531606830841,1531606830963,122,10.10.21.6
disparityBoltSub,409,12,1531606830845,1531606830938,93,10.10.21.7
disparityBoltSub,409,13,1531606830844,1531606830916,72,10.10.21.6
disparityBoltSub,409,14,1531606830842,1531606830913,71,10.10.21.6
disparityBoltSub,409,15,1531606830843,1531606830917,74,10.10.21.6
disparityBoltSub,409,16,1531606830842,1531606830966,124,10.10.21.6
disparityBoltSub,409,17,1531606830845,1531606830969,124,10.10.21.6
disparityBoltSub,409,18,1531606830845,1531606830918,73,10.10.21.6
disparityBoltSub,409,19,1531606830846,1531606830924,78,10.10.21.6
disparityBoltSub,409,20,1531606830843,1531606830918,75,10.10.21.6
disparityBoltSub,409,21,1531606830846,1531606830923,77,10.10.21.7
disparityBoltSub,409,22,1531606830844,1531606830918,74,10.10.21.6
disparityBoltSub,409,23,1531606830847,1531606830967,120,10.10.21.6
disparityBoltSub,409,24,1531606830845,1531606830917,72,10.10.21.6
disparityBoltSub,409,25,1531606830848,1531606830923,75,10.10.21.7
disparityBoltSub,409,26,1531606830851,1531606830939,88,10.10.21.7
disparityBoltSub,409,27,1531606830848,1531606830942,94,10.10.21.7
disparityBoltSub,409,28,1531606830851,1531606830999,148,10.10.21.7
disparityBoltSub,409,29,1531606830849,1531606830921,72,10.10.21.6
disparityBoltSub,409,30,1531606830849,1531606830919,70,10.10.21.6
disparityBoltSub,409,31,1531606830848,1531606830889,41,10.10.21.6
disparityBolt,409,0,0,0,165,0
mergeBolt,409,0,1531606831000,1531606831015,15,10.10.21.6
reprojectionBolt,409,0,1531606831015,1531606831054,39,null
overall,409,0,1531606830738,1531606831054,316,0
videoSpout,410,0,1531606831242,1531606831246,4,10.10.21.7
rectificationBolt,410,0,1531606831266,1531606831295,29,10.10.21.6
partitionBolt,410,0,1531606831295,1531606831314,19,10.10.21.6
disparityBoltSub,410,0,1531606831316,1531606831367,51,10.10.21.7
disparityBoltSub,410,1,1531606831315,1531606831388,73,10.10.21.6
disparityBoltSub,410,2,1531606831319,1531606831390,71,10.10.21.7
disparityBoltSub,410,3,1531606831319,1531606831386,67,10.10.21.7
disparityBoltSub,410,4,1531606831324,1531606831397,73,10.10.21.7
disparityBoltSub,410,5,1531606831317,1531606831424,107,10.10.21.6
disparityBoltSub,410,6,1531606831339,1531606831410,71,10.10.21.7
disparityBoltSub,410,7,1531606831338,1531606831403,65,10.10.21.7
disparityBoltSub,410,8,1531606831338,1531606831412,74,10.10.21.7
disparityBoltSub,410,9,1531606831340,1531606831406,66,10.10.21.7
disparityBoltSub,410,10,1531606831339,1531606831415,76,10.10.21.6
disparityBoltSub,410,11,1531606831339,1531606831412,73,10.10.21.6
disparityBoltSub,410,12,1531606831339,1531606831409,70,10.10.21.6
disparityBoltSub,410,13,1531606831337,1531606831429,92,10.10.21.6
disparityBoltSub,410,14,1531606831341,1531606831453,112,10.10.21.6
disparityBoltSub,410,15,1531606831341,1531606831414,73,10.10.21.6
disparityBoltSub,410,16,1531606831341,1531606831413,72,10.10.21.7
disparityBoltSub,410,17,1531606831342,1531606831436,94,10.10.21.6
disparityBoltSub,410,18,1531606831340,1531606831446,106,10.10.21.6
disparityBoltSub,410,19,1531606831343,1531606831455,112,10.10.21.6
disparityBoltSub,410,20,1531606831341,1531606831414,73,10.10.21.6
disparityBoltSub,410,21,1531606831341,1531606831453,112,10.10.21.6
disparityBoltSub,410,22,1531606831344,1531606831420,76,10.10.21.6
disparityBoltSub,410,23,1531606831346,1531606831454,108,10.10.21.6
disparityBoltSub,410,24,1531606831345,1531606831446,101,10.10.21.6
disparityBoltSub,410,25,1531606831342,1531606831414,72,10.10.21.6
disparityBoltSub,410,26,1531606831343,1531606831423,80,10.10.21.6
disparityBoltSub,410,27,1531606831347,1531606831418,71,10.10.21.6
disparityBoltSub,410,28,1531606831346,1531606831417,71,10.10.21.7
disparityBoltSub,410,29,1531606831347,1531606831418,71,10.10.21.6
disparityBoltSub,410,30,1531606831345,1531606831414,69,10.10.21.6
disparityBoltSub,410,31,1531606831348,1531606831386,38,10.10.21.7
disparityBolt,410,0,0,0,140,0
mergeBolt,410,0,1531606831456,1531606831471,15,10.10.21.6
reprojectionBolt,410,0,1531606831471,1531606831510,39,null
overall,410,0,1531606831242,1531606831510,268,0
videoSpout,411,0,1531606831746,1531606831750,4,10.10.21.7
rectificationBolt,411,0,1531606831770,1531606831798,28,10.10.21.6
partitionBolt,411,0,1531606831798,1531606831816,18,10.10.21.6
disparityBoltSub,411,0,1531606831817,1531606831862,45,10.10.21.6
disparityBoltSub,411,1,1531606831820,1531606831894,74,10.10.21.7
disparityBoltSub,411,2,1531606831820,1531606831902,82,10.10.21.6
disparityBoltSub,411,3,1531606831821,1531606831898,77,10.10.21.7
disparityBoltSub,411,4,1531606831822,1531606831893,71,10.10.21.7
disparityBoltSub,411,5,1531606831822,1531606831894,72,10.10.21.6
disparityBoltSub,411,6,1531606831820,1531606831891,71,10.10.21.6
disparityBoltSub,411,7,1531606831822,1531606831894,72,10.10.21.6
disparityBoltSub,411,8,1531606831823,1531606831897,74,10.10.21.6
disparityBoltSub,411,9,1531606831824,1531606831895,71,10.10.21.7
disparityBoltSub,411,10,1531606831824,1531606831897,73,10.10.21.7
disparityBoltSub,411,11,1531606831828,1531606831901,73,10.10.21.6
disparityBoltSub,411,12,1531606831829,1531606831902,73,10.10.21.6
disparityBoltSub,411,13,1531606831828,1531606831897,69,10.10.21.6
disparityBoltSub,411,14,1531606831826,1531606831897,71,10.10.21.7
disparityBoltSub,411,15,1531606831830,1531606831911,81,10.10.21.6
disparityBoltSub,411,16,1531606831824,1531606831948,124,10.10.21.6
disparityBoltSub,411,17,1531606831824,1531606831949,125,10.10.21.6
disparityBoltSub,411,18,1531606831831,1531606831903,72,10.10.21.6
disparityBoltSub,411,19,1531606831825,1531606831899,74,10.10.21.6
disparityBoltSub,411,20,1531606831828,1531606831901,73,10.10.21.7
disparityBoltSub,411,21,1531606831826,1531606831903,77,10.10.21.6
disparityBoltSub,411,22,1531606831830,1531606831906,76,10.10.21.7
disparityBoltSub,411,23,1531606831833,1531606831907,74,10.10.21.7
disparityBoltSub,411,24,1531606831831,1531606831903,72,10.10.21.7
disparityBoltSub,411,25,1531606831835,1531606831905,70,10.10.21.7
disparityBoltSub,411,26,1531606831831,1531606831903,72,10.10.21.7
disparityBoltSub,411,27,1531606831832,1531606831941,109,10.10.21.7
disparityBoltSub,411,28,1531606831832,1531606831903,71,10.10.21.6
disparityBoltSub,411,29,1531606831839,1531606831908,69,10.10.21.7
disparityBoltSub,411,30,1531606831836,1531606831902,66,10.10.21.7
disparityBoltSub,411,31,1531606831837,1531606831906,69,10.10.21.7
disparityBolt,411,0,0,0,132,0
mergeBolt,411,0,1531606831949,1531606831964,15,10.10.21.6
reprojectionBolt,411,0,1531606831964,1531606832008,44,null
overall,411,0,1531606831746,1531606832008,262,0
videoSpout,412,0,1531606832251,1531606832255,4,10.10.21.7
rectificationBolt,412,0,1531606832275,1531606832305,30,10.10.21.6
partitionBolt,412,0,1531606832305,1531606832324,19,10.10.21.6
disparityBoltSub,412,0,1531606832327,1531606832372,45,10.10.21.6
disparityBoltSub,412,1,1531606832326,1531606832396,70,10.10.21.6
disparityBoltSub,412,2,1531606832326,1531606832402,76,10.10.21.6
disparityBoltSub,412,3,1531606832329,1531606832402,73,10.10.21.6
disparityBoltSub,412,4,1531606832329,1531606832401,72,10.10.21.7
disparityBoltSub,412,5,1531606832331,1531606832401,70,10.10.21.6
disparityBoltSub,412,6,1531606832331,1531606832405,74,10.10.21.7
disparityBoltSub,412,7,1531606832333,1531606832401,68,10.10.21.7
disparityBoltSub,412,8,1531606832331,1531606832400,69,10.10.21.6
disparityBoltSub,412,9,1531606832330,1531606832403,73,10.10.21.6
disparityBoltSub,412,10,1531606832334,1531606832460,126,10.10.21.7
disparityBoltSub,412,11,1531606832333,1531606832404,71,10.10.21.7
disparityBoltSub,412,12,1531606832331,1531606832405,74,10.10.21.6
disparityBoltSub,412,13,1531606832337,1531606832407,70,10.10.21.7
disparityBoltSub,412,14,1531606832336,1531606832408,72,10.10.21.7
disparityBoltSub,412,15,1531606832335,1531606832408,73,10.10.21.6
disparityBoltSub,412,16,1531606832334,1531606832412,78,10.10.21.6
disparityBoltSub,412,17,1531606832338,1531606832415,77,10.10.21.7
disparityBoltSub,412,18,1531606832336,1531606832411,75,10.10.21.7
disparityBoltSub,412,19,1531606832339,1531606832414,75,10.10.21.7
disparityBoltSub,412,20,1531606832336,1531606832412,76,10.10.21.6
disparityBoltSub,412,21,1531606832342,1531606832419,77,10.10.21.7
disparityBoltSub,412,22,1531606832341,1531606832470,129,10.10.21.7
disparityBoltSub,412,23,1531606832336,1531606832412,76,10.10.21.6
disparityBoltSub,412,24,1531606832339,1531606832417,78,10.10.21.6
disparityBoltSub,412,25,1531606832341,1531606832426,85,10.10.21.6
disparityBoltSub,412,26,1531606832340,1531606832465,125,10.10.21.6
disparityBoltSub,412,27,1531606832340,1531606832413,73,10.10.21.7
disparityBoltSub,412,28,1531606832338,1531606832410,72,10.10.21.6
disparityBoltSub,412,29,1531606832341,1531606832466,125,10.10.21.6
disparityBoltSub,412,30,1531606832343,1531606832415,72,10.10.21.7
disparityBoltSub,412,31,1531606832343,1531606832385,42,10.10.21.7
disparityBolt,412,0,0,0,144,0
mergeBolt,412,0,1531606832472,1531606832486,14,10.10.21.6
reprojectionBolt,412,0,1531606832486,1531606832526,40,null
overall,412,0,1531606832251,1531606832526,275,0
videoSpout,413,0,1531606832755,1531606832759,4,10.10.21.7
rectificationBolt,413,0,1531606832776,1531606832805,29,10.10.21.6
partitionBolt,413,0,1531606832805,1531606832833,28,10.10.21.6
disparityBoltSub,413,0,1531606832834,1531606832882,48,10.10.21.6
disparityBoltSub,413,1,1531606832836,1531606832906,70,10.10.21.7
disparityBoltSub,413,2,1531606832837,1531606832911,74,10.10.21.6
disparityBoltSub,413,3,1531606832837,1531606832909,72,10.10.21.7
disparityBoltSub,413,4,1531606832838,1531606832913,75,10.10.21.6
disparityBoltSub,413,5,1531606832838,1531606832908,70,10.10.21.6
disparityBoltSub,413,6,1531606832839,1531606832915,76,10.10.21.7
disparityBoltSub,413,7,1531606832839,1531606832913,74,10.10.21.7
disparityBoltSub,413,8,1531606832837,1531606832909,72,10.10.21.6
disparityBoltSub,413,9,1531606832840,1531606832911,71,10.10.21.6
disparityBoltSub,413,10,1531606832841,1531606832913,72,10.10.21.6
disparityBoltSub,413,11,1531606832841,1531606832916,75,10.10.21.7
disparityBoltSub,413,12,1531606832841,1531606832949,108,10.10.21.6
disparityBoltSub,413,13,1531606832840,1531606832918,78,10.10.21.6
disparityBoltSub,413,14,1531606832843,1531606832914,71,10.10.21.6
disparityBoltSub,413,15,1531606832842,1531606832918,76,10.10.21.6
disparityBoltSub,413,16,1531606832843,1531606832917,74,10.10.21.7
disparityBoltSub,413,17,1531606832845,1531606832916,71,10.10.21.7
disparityBoltSub,413,18,1531606832842,1531606832924,82,10.10.21.6
disparityBoltSub,413,19,1531606832844,1531606832923,79,10.10.21.6
disparityBoltSub,413,20,1531606832844,1531606832918,74,10.10.21.6
disparityBoltSub,413,21,1531606832843,1531606832920,77,10.10.21.6
disparityBoltSub,413,22,1531606832843,1531606832919,76,10.10.21.6
disparityBoltSub,413,23,1531606832847,1531606832916,69,10.10.21.7
disparityBoltSub,413,24,1531606832848,1531606832917,69,10.10.21.7
disparityBoltSub,413,25,1531606832846,1531606832916,70,10.10.21.6
disparityBoltSub,413,26,1531606832846,1531606832919,73,10.10.21.6
disparityBoltSub,413,27,1531606832849,1531606832934,85,10.10.21.7
disparityBoltSub,413,28,1531606832848,1531606832917,69,10.10.21.6
disparityBoltSub,413,29,1531606832866,1531606832934,68,10.10.21.7
disparityBoltSub,413,30,1531606832850,1531606832921,71,10.10.21.6
disparityBoltSub,413,31,1531606832852,1531606832937,85,10.10.21.6
disparityBolt,413,0,0,0,115,0
mergeBolt,413,0,1531606832950,1531606832966,16,10.10.21.6
reprojectionBolt,413,0,1531606832966,1531606833006,40,null
overall,413,0,1531606832755,1531606833006,251,0
videoSpout,414,0,1531606833259,1531606833263,4,10.10.21.7
rectificationBolt,414,0,1531606833285,1531606833315,30,10.10.21.6
partitionBolt,414,0,1531606833315,1531606833335,20,10.10.21.6
disparityBoltSub,414,0,1531606833338,1531606833379,41,10.10.21.7
disparityBoltSub,414,1,1531606833337,1531606833450,113,10.10.21.6
disparityBoltSub,414,2,1531606833339,1531606833416,77,10.10.21.7
disparityBoltSub,414,3,1531606833340,1531606833459,119,10.10.21.6
disparityBoltSub,414,4,1531606833341,1531606833411,70,10.10.21.7
disparityBoltSub,414,5,1531606833345,1531606833418,73,10.10.21.7
disparityBoltSub,414,6,1531606833339,1531606833443,104,10.10.21.6
disparityBoltSub,414,7,1531606833344,1531606833417,73,10.10.21.7
disparityBoltSub,414,8,1531606833342,1531606833456,114,10.10.21.6
disparityBoltSub,414,9,1531606833342,1531606833415,73,10.10.21.7
disparityBoltSub,414,10,1531606833344,1531606833430,86,10.10.21.6
disparityBoltSub,414,11,1531606833344,1531606833415,71,10.10.21.6
disparityBoltSub,414,12,1531606833342,1531606833467,125,10.10.21.6
disparityBoltSub,414,13,1531606833349,1531606833423,74,10.10.21.7
disparityBoltSub,414,14,1531606833347,1531606833421,74,10.10.21.7
disparityBoltSub,414,15,1531606833346,1531606833434,88,10.10.21.6
disparityBoltSub,414,16,1531606833349,1531606833458,109,10.10.21.7
disparityBoltSub,414,17,1531606833347,1531606833429,82,10.10.21.7
disparityBoltSub,414,18,1531606833351,1531606833453,102,10.10.21.7
disparityBoltSub,414,19,1531606833350,1531606833464,114,10.10.21.7
disparityBoltSub,414,20,1531606833354,1531606833427,73,10.10.21.6
disparityBoltSub,414,21,1531606833354,1531606833483,129,10.10.21.7
disparityBoltSub,414,22,1531606833355,1531606833454,99,10.10.21.7
disparityBoltSub,414,23,1531606833348,1531606833428,80,10.10.21.6
disparityBoltSub,414,24,1531606833357,1531606833431,74,10.10.21.7
disparityBoltSub,414,25,1531606833349,1531606833449,100,10.10.21.6
disparityBoltSub,414,26,1531606833358,1531606833481,123,10.10.21.7
disparityBoltSub,414,27,1531606833352,1531606833434,82,10.10.21.6
disparityBoltSub,414,28,1531606833359,1531606833439,80,10.10.21.7
disparityBoltSub,414,29,1531606833354,1531606833476,122,10.10.21.7
disparityBoltSub,414,30,1531606833352,1531606833425,73,10.10.21.6
disparityBoltSub,414,31,1531606833351,1531606833393,42,10.10.21.6
disparityBolt,414,0,0,0,146,0
mergeBolt,414,0,1531606833484,1531606833499,15,10.10.21.6
reprojectionBolt,414,0,1531606833499,1531606833538,39,null
overall,414,0,1531606833259,1531606833538,279,0
videoSpout,415,0,1531606833763,1531606833768,5,10.10.21.7
rectificationBolt,415,0,1531606833790,1531606833822,32,10.10.21.6
partitionBolt,415,0,1531606833822,1531606833842,20,10.10.21.6
disparityBoltSub,415,0,1531606833846,1531606833889,43,10.10.21.7
disparityBoltSub,415,1,1531606833845,1531606833924,79,10.10.21.6
disparityBoltSub,415,2,1531606833847,1531606833918,71,10.10.21.7
disparityBoltSub,415,3,1531606833844,1531606833919,75,10.10.21.6
disparityBoltSub,415,4,1531606833845,1531606833918,73,10.10.21.6
disparityBoltSub,415,5,1531606833848,1531606833920,72,10.10.21.7
disparityBoltSub,415,6,1531606833846,1531606833921,75,10.10.21.6
disparityBoltSub,415,7,1531606833846,1531606833929,83,10.10.21.6
disparityBoltSub,415,8,1531606833848,1531606833921,73,10.10.21.6
disparityBoltSub,415,9,1531606833850,1531606833930,80,10.10.21.6
disparityBoltSub,415,10,1531606833850,1531606833924,74,10.10.21.7
disparityBoltSub,415,11,1531606833852,1531606833924,72,10.10.21.7
disparityBoltSub,415,12,1531606833850,1531606833928,78,10.10.21.6
disparityBoltSub,415,13,1531606833854,1531606833940,86,10.10.21.7
disparityBoltSub,415,14,1531606833852,1531606833924,72,10.10.21.7
disparityBoltSub,415,15,1531606833854,1531606833925,71,10.10.21.7
disparityBoltSub,415,16,1531606833851,1531606833923,72,10.10.21.6
disparityBoltSub,415,17,1531606833856,1531606833934,78,10.10.21.7
disparityBoltSub,415,18,1531606833853,1531606833949,96,10.10.21.6
disparityBoltSub,415,19,1531606833854,1531606833948,94,10.10.21.6
disparityBoltSub,415,20,1531606833859,1531606833934,75,10.10.21.7
disparityBoltSub,415,21,1531606833857,1531606833948,91,10.10.21.7
disparityBoltSub,415,22,1531606833855,1531606833933,78,10.10.21.6
disparityBoltSub,415,23,1531606833857,1531606833965,108,10.10.21.6
disparityBoltSub,415,24,1531606833856,1531606833953,97,10.10.21.6
disparityBoltSub,415,25,1531606833859,1531606833936,77,10.10.21.6
disparityBoltSub,415,26,1531606833859,1531606833940,81,10.10.21.6
disparityBoltSub,415,27,1531606833861,1531606833958,97,10.10.21.6
disparityBoltSub,415,28,1531606833860,1531606833928,68,10.10.21.7
disparityBoltSub,415,29,1531606833858,1531606833930,72,10.10.21.6
disparityBoltSub,415,30,1531606833858,1531606833972,114,10.10.21.6
disparityBoltSub,415,31,1531606833861,1531606833900,39,10.10.21.7
disparityBolt,415,0,0,0,128,0
mergeBolt,415,0,1531606833972,1531606833988,16,10.10.21.6
reprojectionBolt,415,0,1531606833988,1531606834028,40,null
overall,415,0,1531606833763,1531606834028,265,0
videoSpout,416,0,1531606834268,1531606834282,14,10.10.21.7
rectificationBolt,416,0,1531606834303,1531606834345,42,10.10.21.6
partitionBolt,416,0,1531606834345,1531606834363,18,10.10.21.6
disparityBoltSub,416,0,1531606834367,1531606834410,43,10.10.21.7
disparityBoltSub,416,1,1531606834368,1531606834434,66,10.10.21.7
disparityBoltSub,416,2,1531606834370,1531606834442,72,10.10.21.7
disparityBoltSub,416,3,1531606834368,1531606834442,74,10.10.21.6
disparityBoltSub,416,4,1531606834369,1531606834445,76,10.10.21.6
disparityBoltSub,416,5,1531606834371,1531606834480,109,10.10.21.7
disparityBoltSub,416,6,1531606834373,1531606834443,70,10.10.21.7
disparityBoltSub,416,7,1531606834370,1531606834443,73,10.10.21.6
disparityBoltSub,416,8,1531606834368,1531606834445,77,10.10.21.6
disparityBoltSub,416,9,1531606834374,1531606834445,71,10.10.21.7
disparityBoltSub,416,10,1531606834376,1531606834450,74,10.10.21.7
disparityBoltSub,416,11,1531606834378,1531606834449,71,10.10.21.7
disparityBoltSub,416,12,1531606834371,1531606834451,80,10.10.21.6
disparityBoltSub,416,13,1531606834373,1531606834455,82,10.10.21.6
disparityBoltSub,416,14,1531606834374,1531606834453,79,10.10.21.6
disparityBoltSub,416,15,1531606834374,1531606834448,74,10.10.21.6
disparityBoltSub,416,16,1531606834372,1531606834444,72,10.10.21.6
disparityBoltSub,416,17,1531606834375,1531606834448,73,10.10.21.6
disparityBoltSub,416,18,1531606834373,1531606834450,77,10.10.21.6
disparityBoltSub,416,19,1531606834376,1531606834469,93,10.10.21.7
disparityBoltSub,416,20,1531606834379,1531606834454,75,10.10.21.7
disparityBoltSub,416,21,1531606834381,1531606834456,75,10.10.21.7
disparityBoltSub,416,22,1531606834376,1531606834456,80,10.10.21.6
disparityBoltSub,416,23,1531606834378,1531606834493,115,10.10.21.7
disparityBoltSub,416,24,1531606834381,1531606834452,71,10.10.21.7
disparityBoltSub,416,25,1531606834382,1531606834452,70,10.10.21.7
disparityBoltSub,416,26,1531606834389,1531606834455,66,10.10.21.7
disparityBoltSub,416,27,1531606834383,1531606834481,98,10.10.21.7
disparityBoltSub,416,28,1531606834393,1531606834461,68,10.10.21.7
disparityBoltSub,416,29,1531606834379,1531606834452,73,10.10.21.6
disparityBoltSub,416,30,1531606834393,1531606834463,70,10.10.21.7
disparityBoltSub,416,31,1531606834381,1531606834422,41,10.10.21.6
disparityBolt,416,0,0,0,126,0
mergeBolt,416,0,1531606834495,1531606834510,15,10.10.21.6
reprojectionBolt,416,0,1531606834510,1531606834551,41,null
overall,416,0,1531606834268,1531606834551,283,0
videoSpout,417,0,1531606834783,1531606834787,4,10.10.21.7
rectificationBolt,417,0,1531606834807,1531606834839,32,10.10.21.6
partitionBolt,417,0,1531606834839,1531606834859,20,10.10.21.6
disparityBoltSub,417,0,1531606834861,1531606834907,46,10.10.21.6
disparityBoltSub,417,1,1531606834863,1531606834946,83,10.10.21.7
disparityBoltSub,417,2,1531606834861,1531606834945,84,10.10.21.6
disparityBoltSub,417,3,1531606834863,1531606834934,71,10.10.21.6
disparityBoltSub,417,4,1531606834862,1531606834946,84,10.10.21.6
disparityBoltSub,417,5,1531606834864,1531606834935,71,10.10.21.7
disparityBoltSub,417,6,1531606834865,1531606834947,82,10.10.21.6
disparityBoltSub,417,7,1531606834867,1531606834938,71,10.10.21.7
disparityBoltSub,417,8,1531606834868,1531606834947,79,10.10.21.7
disparityBoltSub,417,9,1531606834893,1531606834962,69,10.10.21.7
disparityBoltSub,417,10,1531606834895,1531606834967,72,10.10.21.7
disparityBoltSub,417,11,1531606834864,1531606834952,88,10.10.21.6
disparityBoltSub,417,12,1531606834897,1531606834968,71,10.10.21.7
disparityBoltSub,417,13,1531606834893,1531606834965,72,10.10.21.7
disparityBoltSub,417,14,1531606834869,1531606834946,77,10.10.21.7
disparityBoltSub,417,15,1531606834893,1531606834972,79,10.10.21.6
disparityBoltSub,417,16,1531606834869,1531606834941,72,10.10.21.6
disparityBoltSub,417,17,1531606834899,1531606834975,76,10.10.21.7
disparityBoltSub,417,18,1531606834893,1531606834975,82,10.10.21.6
disparityBoltSub,417,19,1531606834894,1531606834968,74,10.10.21.7
disparityBoltSub,417,20,1531606834900,1531606834973,73,10.10.21.7
disparityBoltSub,417,21,1531606834903,1531606834976,73,10.10.21.7
disparityBoltSub,417,22,1531606834902,1531606834975,73,10.10.21.7
disparityBoltSub,417,23,1531606834893,1531606834968,75,10.10.21.6
disparityBoltSub,417,24,1531606834905,1531606834977,72,10.10.21.7
disparityBoltSub,417,25,1531606834896,1531606834967,71,10.10.21.7
disparityBoltSub,417,26,1531606834896,1531606834970,74,10.10.21.6
disparityBoltSub,417,27,1531606834897,1531606834972,75,10.10.21.6
disparityBoltSub,417,28,1531606834907,1531606834978,71,10.10.21.7
disparityBoltSub,417,29,1531606834899,1531606834974,75,10.10.21.6
disparityBoltSub,417,30,1531606834897,1531606834969,72,10.10.21.6
disparityBoltSub,417,31,1531606834899,1531606834941,42,10.10.21.7
disparityBolt,417,0,0,0,117,0
mergeBolt,417,0,1531606834979,1531606834994,15,10.10.21.6
reprojectionBolt,417,0,1531606834994,1531606835032,38,null
overall,417,0,1531606834783,1531606835032,249,0
videoSpout,418,0,1531606835287,1531606835292,5,10.10.21.7
rectificationBolt,418,0,1531606835312,1531606835342,30,10.10.21.6
partitionBolt,418,0,1531606835342,1531606835361,19,10.10.21.6
disparityBoltSub,418,0,1531606835364,1531606835406,42,10.10.21.7
disparityBoltSub,418,1,1531606835366,1531606835438,72,10.10.21.7
disparityBoltSub,418,2,1531606835366,1531606835447,81,10.10.21.6
disparityBoltSub,418,3,1531606835363,1531606835474,111,10.10.21.6
disparityBoltSub,418,4,1531606835367,1531606835434,67,10.10.21.7
disparityBoltSub,418,5,1531606835365,1531606835436,71,10.10.21.6
disparityBoltSub,418,6,1531606835368,1531606835439,71,10.10.21.7
disparityBoltSub,418,7,1531606835367,1531606835463,96,10.10.21.6
disparityBoltSub,418,8,1531606835369,1531606835441,72,10.10.21.7
disparityBoltSub,418,9,1531606835371,1531606835497,126,10.10.21.7
disparityBoltSub,418,10,1531606835372,1531606835443,71,10.10.21.7
disparityBoltSub,418,11,1531606835369,1531606835441,72,10.10.21.6
disparityBoltSub,418,12,1531606835370,1531606835443,73,10.10.21.6
disparityBoltSub,418,13,1531606835374,1531606835448,74,10.10.21.7
disparityBoltSub,418,14,1531606835368,1531606835471,103,10.10.21.6
disparityBoltSub,418,15,1531606835375,1531606835445,70,10.10.21.7
disparityBoltSub,418,16,1531606835371,1531606835451,80,10.10.21.6
disparityBoltSub,418,17,1531606835371,1531606835452,81,10.10.21.6
disparityBoltSub,418,18,1531606835372,1531606835448,76,10.10.21.6
disparityBoltSub,418,19,1531606835376,1531606835447,71,10.10.21.7
disparityBoltSub,418,20,1531606835374,1531606835456,82,10.10.21.6
disparityBoltSub,418,21,1531606835373,1531606835449,76,10.10.21.6
disparityBoltSub,418,22,1531606835373,1531606835450,77,10.10.21.6
disparityBoltSub,418,23,1531606835372,1531606835448,76,10.10.21.6
disparityBoltSub,418,24,1531606835372,1531606835478,106,10.10.21.6
disparityBoltSub,418,25,1531606835377,1531606835448,71,10.10.21.7
disparityBoltSub,418,26,1531606835377,1531606835447,70,10.10.21.7
disparityBoltSub,418,27,1531606835376,1531606835457,81,10.10.21.6
disparityBoltSub,418,28,1531606835374,1531606835446,72,10.10.21.6
disparityBoltSub,418,29,1531606835380,1531606835504,124,10.10.21.7
disparityBoltSub,418,30,1531606835383,1531606835453,70,10.10.21.6
disparityBoltSub,418,31,1531606835376,1531606835422,46,10.10.21.6
disparityBolt,418,0,0,0,141,0
mergeBolt,418,0,1531606835506,1531606835521,15,10.10.21.6
reprojectionBolt,418,0,1531606835521,1531606835579,58,null
overall,418,0,1531606835287,1531606835579,292,0
videoSpout,419,0,1531606835792,1531606835796,4,10.10.21.7
rectificationBolt,419,0,1531606835817,1531606835848,31,10.10.21.6
partitionBolt,419,0,1531606835848,1531606835868,20,10.10.21.6
disparityBoltSub,419,0,1531606835871,1531606835913,42,10.10.21.7
disparityBoltSub,419,1,1531606835871,1531606835991,120,10.10.21.6
disparityBoltSub,419,2,1531606835872,1531606835941,69,10.10.21.6
disparityBoltSub,419,3,1531606835873,1531606835948,75,10.10.21.6
disparityBoltSub,419,4,1531606835871,1531606835946,75,10.10.21.6
disparityBoltSub,419,5,1531606835871,1531606836010,139,10.10.21.6
disparityBoltSub,419,6,1531606835874,1531606836013,139,10.10.21.6
disparityBoltSub,419,7,1531606835871,1531606835977,106,10.10.21.6
disparityBoltSub,419,8,1531606835874,1531606835945,71,10.10.21.7
disparityBoltSub,419,9,1531606835877,1531606835950,73,10.10.21.7
disparityBoltSub,419,10,1531606835876,1531606835947,71,10.10.21.7
disparityBoltSub,419,11,1531606835879,1531606835989,110,10.10.21.7
disparityBoltSub,419,12,1531606835881,1531606835953,72,10.10.21.7
disparityBoltSub,419,13,1531606835874,1531606835946,72,10.10.21.6
disparityBoltSub,419,14,1531606835882,1531606836007,125,10.10.21.7
disparityBoltSub,419,15,1531606835876,1531606835983,107,10.10.21.6
disparityBoltSub,419,16,1531606835884,1531606835961,77,10.10.21.7
disparityBoltSub,419,17,1531606835876,1531606835954,78,10.10.21.6
disparityBoltSub,419,18,1531606835892,1531606836018,126,10.10.21.7
disparityBoltSub,419,19,1531606835891,1531606836004,113,10.10.21.7
disparityBoltSub,419,20,1531606835877,1531606835989,112,10.10.21.6
disparityBoltSub,419,21,1531606835894,1531606835968,74,10.10.21.7
disparityBoltSub,419,22,1531606835879,1531606835957,78,10.10.21.6
disparityBoltSub,419,23,1531606835880,1531606836020,140,10.10.21.6
disparityBoltSub,419,24,1531606835895,1531606835968,73,10.10.21.7
disparityBoltSub,419,25,1531606835882,1531606835963,81,10.10.21.6
disparityBoltSub,419,26,1531606835897,1531606835968,71,10.10.21.7
disparityBoltSub,419,27,1531606835883,1531606835957,74,10.10.21.6
disparityBoltSub,419,28,1531606835884,1531606835959,75,10.10.21.6
disparityBoltSub,419,29,1531606835884,1531606836020,136,10.10.21.6
disparityBoltSub,419,30,1531606835898,1531606835956,58,10.10.21.7
disparityBoltSub,419,31,1531606835883,1531606835926,43,10.10.21.6
disparityBolt,419,0,0,0,149,0
mergeBolt,419,0,1531606836021,1531606836037,16,10.10.21.6
reprojectionBolt,419,0,1531606836037,1531606836076,39,null
overall,419,0,1531606835792,1531606836076,284,0
videoSpout,420,0,1531606836296,1531606836301,5,10.10.21.7
rectificationBolt,420,0,1531606836320,1531606836350,30,10.10.21.6
partitionBolt,420,0,1531606836350,1531606836386,36,10.10.21.6
disparityBoltSub,420,0,1531606836391,1531606836450,59,10.10.21.6
disparityBoltSub,420,1,1531606836391,1531606836464,73,10.10.21.7
disparityBoltSub,420,2,1531606836392,1531606836463,71,10.10.21.7
disparityBoltSub,420,3,1531606836392,1531606836495,103,10.10.21.7
disparityBoltSub,420,4,1531606836393,1531606836491,98,10.10.21.7
disparityBoltSub,420,5,1531606836394,1531606836465,71,10.10.21.7
disparityBoltSub,420,6,1531606836390,1531606836466,76,10.10.21.6
disparityBoltSub,420,7,1531606836391,1531606836465,74,10.10.21.6
disparityBoltSub,420,8,1531606836395,1531606836467,72,10.10.21.7
disparityBoltSub,420,9,1531606836395,1531606836465,70,10.10.21.7
disparityBoltSub,420,10,1531606836396,1531606836475,79,10.10.21.7
disparityBoltSub,420,11,1531606836393,1531606836526,133,10.10.21.6
disparityBoltSub,420,12,1531606836395,1531606836527,132,10.10.21.6
disparityBoltSub,420,13,1531606836397,1531606836492,95,10.10.21.7
disparityBoltSub,420,14,1531606836399,1531606836494,95,10.10.21.7
disparityBoltSub,420,15,1531606836394,1531606836527,133,10.10.21.6
disparityBoltSub,420,16,1531606836396,1531606836470,74,10.10.21.6
disparityBoltSub,420,17,1531606836394,1531606836472,78,10.10.21.6
disparityBoltSub,420,18,1531606836395,1531606836471,76,10.10.21.6
disparityBoltSub,420,19,1531606836395,1531606836528,133,10.10.21.6
disparityBoltSub,420,20,1531606836396,1531606836475,79,10.10.21.6
disparityBoltSub,420,21,1531606836396,1531606836521,125,10.10.21.6
disparityBoltSub,420,22,1531606836401,1531606836478,77,10.10.21.7
disparityBoltSub,420,23,1531606836399,1531606836496,97,10.10.21.7
disparityBoltSub,420,24,1531606836401,1531606836471,70,10.10.21.7
disparityBoltSub,420,25,1531606836403,1531606836472,69,10.10.21.7
disparityBoltSub,420,26,1531606836402,1531606836475,73,10.10.21.7
disparityBoltSub,420,27,1531606836401,1531606836479,78,10.10.21.6
disparityBoltSub,420,28,1531606836401,1531606836475,74,10.10.21.6
disparityBoltSub,420,29,1531606836405,1531606836523,118,10.10.21.7
disparityBoltSub,420,30,1531606836404,1531606836478,74,10.10.21.7
disparityBoltSub,420,31,1531606836406,1531606836448,42,10.10.21.7
disparityBolt,420,0,0,0,138,0
mergeBolt,420,0,1531606836528,1531606836543,15,10.10.21.6
reprojectionBolt,420,0,1531606836543,1531606836583,40,null
overall,420,0,1531606836296,1531606836583,287,0
videoSpout,421,0,1531606836801,1531606836805,4,10.10.21.7
rectificationBolt,421,0,1531606836824,1531606836857,33,10.10.21.6
partitionBolt,421,0,1531606836857,1531606836877,20,10.10.21.6
disparityBoltSub,421,0,1531606836878,1531606836946,68,10.10.21.6
disparityBoltSub,421,1,1531606836880,1531606836958,78,10.10.21.7
disparityBoltSub,421,2,1531606836880,1531606836964,84,10.10.21.6
disparityBoltSub,421,3,1531606836881,1531606837004,123,10.10.21.6
disparityBoltSub,421,4,1531606836879,1531606836974,95,10.10.21.6
disparityBoltSub,421,5,1531606836882,1531606836951,69,10.10.21.6
disparityBoltSub,421,6,1531606836882,1531606836956,74,10.10.21.7
disparityBoltSub,421,7,1531606836883,1531606836976,93,10.10.21.6
disparityBoltSub,421,8,1531606836883,1531606836952,69,10.10.21.6
disparityBoltSub,421,9,1531606836885,1531606836958,73,10.10.21.7
disparityBoltSub,421,10,1531606836885,1531606836956,71,10.10.21.6
disparityBoltSub,421,11,1531606836885,1531606836960,75,10.10.21.7
disparityBoltSub,421,12,1531606836886,1531606837011,125,10.10.21.6
disparityBoltSub,421,13,1531606836884,1531606836975,91,10.10.21.6
disparityBoltSub,421,14,1531606836888,1531606836959,71,10.10.21.7
disparityBoltSub,421,15,1531606836889,1531606836959,70,10.10.21.7
disparityBoltSub,421,16,1531606836887,1531606836955,68,10.10.21.6
disparityBoltSub,421,17,1531606836888,1531606836979,91,10.10.21.6
disparityBoltSub,421,18,1531606836887,1531606837006,119,10.10.21.6
disparityBoltSub,421,19,1531606836890,1531606836964,74,10.10.21.6
disparityBoltSub,421,20,1531606836891,1531606836967,76,10.10.21.7
disparityBoltSub,421,21,1531606836893,1531606836969,76,10.10.21.7
disparityBoltSub,421,22,1531606836892,1531606836966,74,10.10.21.7
disparityBoltSub,421,23,1531606836890,1531606836979,89,10.10.21.6
disparityBoltSub,421,24,1531606836891,1531606836972,81,10.10.21.6
disparityBoltSub,421,25,1531606836893,1531606836965,72,10.10.21.6
disparityBoltSub,421,26,1531606836893,1531606836965,72,10.10.21.7
disparityBoltSub,421,27,1531606836924,1531606836996,72,10.10.21.6
disparityBoltSub,421,28,1531606836892,1531606836996,104,10.10.21.6
disparityBoltSub,421,29,1531606836926,1531606837004,78,10.10.21.6
disparityBoltSub,421,30,1531606836928,1531606836998,70,10.10.21.7
disparityBoltSub,421,31,1531606836923,1531606836976,53,10.10.21.6
disparityBolt,421,0,0,0,133,0
mergeBolt,421,0,1531606837011,1531606837027,16,10.10.21.6
reprojectionBolt,421,0,1531606837027,1531606837066,39,null
overall,421,0,1531606836801,1531606837066,265,0
videoSpout,422,0,1531606837305,1531606837313,8,10.10.21.7
rectificationBolt,422,0,1531606837334,1531606837366,32,10.10.21.6
partitionBolt,422,0,1531606837366,1531606837387,21,10.10.21.6
disparityBoltSub,422,0,1531606837389,1531606837436,47,10.10.21.7
disparityBoltSub,422,1,1531606837388,1531606837461,73,10.10.21.6
disparityBoltSub,422,2,1531606837392,1531606837502,110,10.10.21.7
disparityBoltSub,422,3,1531606837392,1531606837468,76,10.10.21.7
disparityBoltSub,422,4,1531606837393,1531606837531,138,10.10.21.6
disparityBoltSub,422,5,1531606837394,1531606837466,72,10.10.21.7
disparityBoltSub,422,6,1531606837395,1531606837468,73,10.10.21.7
disparityBoltSub,422,7,1531606837394,1531606837473,79,10.10.21.6
disparityBoltSub,422,8,1531606837396,1531606837469,73,10.10.21.7
disparityBoltSub,422,9,1531606837400,1531606837473,73,10.10.21.6
disparityBoltSub,422,10,1531606837398,1531606837470,72,10.10.21.7
disparityBoltSub,422,11,1531606837403,1531606837473,70,10.10.21.6
disparityBoltSub,422,12,1531606837397,1531606837474,77,10.10.21.7
disparityBoltSub,422,13,1531606837404,1531606837478,74,10.10.21.7
disparityBoltSub,422,14,1531606837406,1531606837476,70,10.10.21.6
disparityBoltSub,422,15,1531606837406,1531606837477,71,10.10.21.6
disparityBoltSub,422,16,1531606837397,1531606837535,138,10.10.21.6
disparityBoltSub,422,17,1531606837396,1531606837537,141,10.10.21.6
disparityBoltSub,422,18,1531606837396,1531606837471,75,10.10.21.6
disparityBoltSub,422,19,1531606837400,1531606837541,141,10.10.21.6
disparityBoltSub,422,20,1531606837406,1531606837479,73,10.10.21.6
disparityBoltSub,422,21,1531606837398,1531606837470,72,10.10.21.6
disparityBoltSub,422,22,1531606837408,1531606837485,77,10.10.21.7
disparityBoltSub,422,23,1531606837406,1531606837519,113,10.10.21.7
disparityBoltSub,422,24,1531606837399,1531606837469,70,10.10.21.6
disparityBoltSub,422,25,1531606837408,1531606837479,71,10.10.21.6
disparityBoltSub,422,26,1531606837406,1531606837481,75,10.10.21.7
disparityBoltSub,422,27,1531606837409,1531606837482,73,10.10.21.7
disparityBoltSub,422,28,1531606837408,1531606837481,73,10.10.21.7
disparityBoltSub,422,29,1531606837409,1531606837482,73,10.10.21.6
disparityBoltSub,422,30,1531606837416,1531606837487,71,10.10.21.7
disparityBoltSub,422,31,1531606837417,1531606837463,46,10.10.21.7
disparityBolt,422,0,0,0,153,0
mergeBolt,422,0,1531606837541,1531606837557,16,10.10.21.6
reprojectionBolt,422,0,1531606837557,1531606837596,39,null
overall,422,0,1531606837305,1531606837596,291,0
videoSpout,423,0,1531606837814,1531606837818,4,10.10.21.7
rectificationBolt,423,0,1531606837854,1531606837878,24,10.10.21.6
partitionBolt,423,0,1531606837878,1531606837895,17,10.10.21.6
disparityBoltSub,423,0,1531606837898,1531606837940,42,10.10.21.7
disparityBoltSub,423,1,1531606837897,1531606837971,74,10.10.21.6
disparityBoltSub,423,2,1531606837897,1531606837968,71,10.10.21.6
disparityBoltSub,423,3,1531606837900,1531606837970,70,10.10.21.7
disparityBoltSub,423,4,1531606837897,1531606837968,71,10.10.21.6
disparityBoltSub,423,5,1531606837900,1531606837971,71,10.10.21.6
disparityBoltSub,423,6,1531606837901,1531606837973,72,10.10.21.6
disparityBoltSub,423,7,1531606837902,1531606837973,71,10.10.21.7
disparityBoltSub,423,8,1531606837903,1531606837974,71,10.10.21.7
disparityBoltSub,423,9,1531606837901,1531606837972,71,10.10.21.6
disparityBoltSub,423,10,1531606837905,1531606837975,70,10.10.21.7
disparityBoltSub,423,11,1531606837902,1531606837972,70,10.10.21.6
disparityBoltSub,423,12,1531606837906,1531606837978,72,10.10.21.7
disparityBoltSub,423,13,1531606837903,1531606837971,68,10.10.21.6
disparityBoltSub,423,14,1531606837904,1531606837976,72,10.10.21.6
disparityBoltSub,423,15,1531606837905,1531606837978,73,10.10.21.6
disparityBoltSub,423,16,1531606837903,1531606837973,70,10.10.21.6
disparityBoltSub,423,17,1531606837907,1531606837981,74,10.10.21.6
disparityBoltSub,423,18,1531606837906,1531606837980,74,10.10.21.6
disparityBoltSub,423,19,1531606837908,1531606837982,74,10.10.21.6
disparityBoltSub,423,20,1531606837905,1531606838034,129,10.10.21.6
disparityBoltSub,423,21,1531606837908,1531606837980,72,10.10.21.7
disparityBoltSub,423,22,1531606837906,1531606837978,72,10.10.21.6
disparityBoltSub,423,23,1531606837908,1531606837979,71,10.10.21.6
disparityBoltSub,423,24,1531606837906,1531606838031,125,10.10.21.6
disparityBoltSub,423,25,1531606837910,1531606837980,70,10.10.21.7
disparityBoltSub,423,26,1531606837910,1531606837980,70,10.10.21.7
disparityBoltSub,423,27,1531606837911,1531606837983,72,10.10.21.7
disparityBoltSub,423,28,1531606837913,1531606837982,69,10.10.21.7
disparityBoltSub,423,29,1531606837910,1531606837982,72,10.10.21.6
disparityBoltSub,423,30,1531606837912,1531606838021,109,10.10.21.6
disparityBoltSub,423,31,1531606837910,1531606837990,80,10.10.21.6
disparityBolt,423,0,0,0,137,0
mergeBolt,423,0,1531606838034,1531606838050,16,10.10.21.6
reprojectionBolt,423,0,1531606838050,1531606838089,39,null
overall,423,0,1531606837814,1531606838089,275,0
videoSpout,424,0,1531606838318,1531606838323,5,10.10.21.7
rectificationBolt,424,0,1531606838343,1531606838378,35,10.10.21.6
partitionBolt,424,0,1531606838378,1531606838398,20,10.10.21.6
disparityBoltSub,424,0,1531606838402,1531606838446,44,10.10.21.7
disparityBoltSub,424,1,1531606838399,1531606838472,73,10.10.21.6
disparityBoltSub,424,2,1531606838408,1531606838478,70,10.10.21.7
disparityBoltSub,424,3,1531606838404,1531606838477,73,10.10.21.7
disparityBoltSub,424,4,1531606838404,1531606838480,76,10.10.21.7
disparityBoltSub,424,5,1531606838402,1531606838475,73,10.10.21.6
disparityBoltSub,424,6,1531606838417,1531606838483,66,10.10.21.7
disparityBoltSub,424,7,1531606838406,1531606838478,72,10.10.21.7
disparityBoltSub,424,8,1531606838417,1531606838489,72,10.10.21.7
disparityBoltSub,424,9,1531606838419,1531606838493,74,10.10.21.7
disparityBoltSub,424,10,1531606838417,1531606838496,79,10.10.21.6
disparityBoltSub,424,11,1531606838418,1531606838529,111,10.10.21.6
disparityBoltSub,424,12,1531606838419,1531606838490,71,10.10.21.6
disparityBoltSub,424,13,1531606838416,1531606838492,76,10.10.21.6
disparityBoltSub,424,14,1531606838421,1531606838494,73,10.10.21.6
disparityBoltSub,424,15,1531606838421,1531606838497,76,10.10.21.6
disparityBoltSub,424,16,1531606838421,1531606838493,72,10.10.21.7
disparityBoltSub,424,17,1531606838422,1531606838499,77,10.10.21.6
disparityBoltSub,424,18,1531606838418,1531606838494,76,10.10.21.6
disparityBoltSub,424,19,1531606838423,1531606838531,108,10.10.21.6
disparityBoltSub,424,20,1531606838419,1531606838495,76,10.10.21.6
disparityBoltSub,424,21,1531606838421,1531606838494,73,10.10.21.6
disparityBoltSub,424,22,1531606838425,1531606838500,75,10.10.21.6
disparityBoltSub,424,23,1531606838425,1531606838496,71,10.10.21.6
disparityBoltSub,424,24,1531606838426,1531606838499,73,10.10.21.6
disparityBoltSub,424,25,1531606838421,1531606838492,71,10.10.21.6
disparityBoltSub,424,26,1531606838422,1531606838494,72,10.10.21.6
disparityBoltSub,424,27,1531606838427,1531606838497,70,10.10.21.6
disparityBoltSub,424,28,1531606838425,1531606838494,69,10.10.21.7
disparityBoltSub,424,29,1531606838428,1531606838539,111,10.10.21.6
disparityBoltSub,424,30,1531606838425,1531606838530,105,10.10.21.6
disparityBoltSub,424,31,1531606838426,1531606838469,43,10.10.21.7
disparityBolt,424,0,0,0,140,0
mergeBolt,424,0,1531606838540,1531606838555,15,10.10.21.6
reprojectionBolt,424,0,1531606838555,1531606838593,38,null
overall,424,0,1531606838318,1531606838593,275,0
videoSpout,425,0,1531606838823,1531606838828,5,10.10.21.7
rectificationBolt,425,0,1531606838848,1531606838877,29,10.10.21.6
partitionBolt,425,0,1531606838877,1531606838896,19,10.10.21.6
disparityBoltSub,425,0,1531606838897,1531606838942,45,10.10.21.6
disparityBoltSub,425,1,1531606838900,1531606838973,73,10.10.21.7
disparityBoltSub,425,2,1531606838900,1531606838976,76,10.10.21.6
disparityBoltSub,425,3,1531606838901,1531606838975,74,10.10.21.7
disparityBoltSub,425,4,1531606838901,1531606838973,72,10.10.21.7
disparityBoltSub,425,5,1531606838900,1531606838976,76,10.10.21.6
disparityBoltSub,425,6,1531606838899,1531606838970,71,10.10.21.6
disparityBoltSub,425,7,1531606838907,1531606838980,73,10.10.21.6
disparityBoltSub,425,8,1531606838906,1531606838979,73,10.10.21.6
disparityBoltSub,425,9,1531606838904,1531606838977,73,10.10.21.7
disparityBoltSub,425,10,1531606838904,1531606838974,70,10.10.21.7
disparityBoltSub,425,11,1531606838908,1531606838981,73,10.10.21.6
disparityBoltSub,425,12,1531606838909,1531606838983,74,10.10.21.6
disparityBoltSub,425,13,1531606838910,1531606838979,69,10.10.21.6
disparityBoltSub,425,14,1531606838905,1531606838977,72,10.10.21.7
disparityBoltSub,425,15,1531606838910,1531606838979,69,10.10.21.6
disparityBoltSub,425,16,1531606838904,1531606838982,78,10.10.21.6
disparityBoltSub,425,17,1531606838904,1531606838980,76,10.10.21.6
disparityBoltSub,425,18,1531606838911,1531606838988,77,10.10.21.6
disparityBoltSub,425,19,1531606838904,1531606838979,75,10.10.21.6
disparityBoltSub,425,20,1531606838908,1531606838983,75,10.10.21.7
disparityBoltSub,425,21,1531606838906,1531606838983,77,10.10.21.6
disparityBoltSub,425,22,1531606838911,1531606838991,80,10.10.21.7
disparityBoltSub,425,23,1531606838909,1531606838982,73,10.10.21.7
disparityBoltSub,425,24,1531606838915,1531606838989,74,10.10.21.7
disparityBoltSub,425,25,1531606838914,1531606838988,74,10.10.21.7
disparityBoltSub,425,26,1531606838914,1531606838982,68,10.10.21.7
disparityBoltSub,425,27,1531606838911,1531606838982,71,10.10.21.7
disparityBoltSub,425,28,1531606838912,1531606838983,71,10.10.21.6
disparityBoltSub,425,29,1531606838917,1531606838987,70,10.10.21.7
disparityBoltSub,425,30,1531606838918,1531606838988,70,10.10.21.7
disparityBoltSub,425,31,1531606838919,1531606838961,42,10.10.21.7
disparityBolt,425,0,0,0,94,0
mergeBolt,425,0,1531606838993,1531606839008,15,10.10.21.6
reprojectionBolt,425,0,1531606839008,1531606839053,45,null
overall,425,0,1531606838823,1531606839053,230,0
videoSpout,426,0,1531606839328,1531606839333,5,10.10.21.7
rectificationBolt,426,0,1531606839353,1531606839384,31,10.10.21.6
partitionBolt,426,0,1531606839384,1531606839405,21,10.10.21.6
disparityBoltSub,426,0,1531606839408,1531606839450,42,10.10.21.6
disparityBoltSub,426,1,1531606839407,1531606839479,72,10.10.21.6
disparityBoltSub,426,2,1531606839406,1531606839481,75,10.10.21.6
disparityBoltSub,426,3,1531606839409,1531606839479,70,10.10.21.6
disparityBoltSub,426,4,1531606839410,1531606839480,70,10.10.21.7
disparityBoltSub,426,5,1531606839410,1531606839479,69,10.10.21.6
disparityBoltSub,426,6,1531606839411,1531606839481,70,10.10.21.7
disparityBoltSub,426,7,1531606839412,1531606839490,78,10.10.21.7
disparityBoltSub,426,8,1531606839411,1531606839482,71,10.10.21.6
disparityBoltSub,426,9,1531606839410,1531606839483,73,10.10.21.6
disparityBoltSub,426,10,1531606839414,1531606839484,70,10.10.21.7
disparityBoltSub,426,11,1531606839414,1531606839483,69,10.10.21.7
disparityBoltSub,426,12,1531606839412,1531606839480,68,10.10.21.6
disparityBoltSub,426,13,1531606839415,1531606839484,69,10.10.21.7
disparityBoltSub,426,14,1531606839416,1531606839490,74,10.10.21.7
disparityBoltSub,426,15,1531606839414,1531606839485,71,10.10.21.6
disparityBoltSub,426,16,1531606839415,1531606839489,74,10.10.21.6
disparityBoltSub,426,17,1531606839419,1531606839488,69,10.10.21.7
disparityBoltSub,426,18,1531606839417,1531606839492,75,10.10.21.7
disparityBoltSub,426,19,1531606839418,1531606839494,76,10.10.21.7
disparityBoltSub,426,20,1531606839417,1531606839491,74,10.10.21.6
disparityBoltSub,426,21,1531606839430,1531606839504,74,10.10.21.7
disparityBoltSub,426,22,1531606839420,1531606839502,82,10.10.21.7
disparityBoltSub,426,23,1531606839417,1531606839490,73,10.10.21.6
disparityBoltSub,426,24,1531606839419,1531606839494,75,10.10.21.6
disparityBoltSub,426,25,1531606839422,1531606839504,82,10.10.21.6
disparityBoltSub,426,26,1531606839420,1531606839496,76,10.10.21.6
disparityBoltSub,426,27,1531606839422,1531606839495,73,10.10.21.7
disparityBoltSub,426,28,1531606839420,1531606839492,72,10.10.21.6
disparityBoltSub,426,29,1531606839421,1531606839501,80,10.10.21.6
disparityBoltSub,426,30,1531606839425,1531606839489,64,10.10.21.7
disparityBoltSub,426,31,1531606839431,1531606839474,43,10.10.21.7
disparityBolt,426,0,0,0,98,0
mergeBolt,426,0,1531606839506,1531606839522,16,10.10.21.6
reprojectionBolt,426,0,1531606839522,1531606839564,42,null
overall,426,0,1531606839328,1531606839564,236,0
videoSpout,427,0,1531606839833,1531606839838,5,10.10.21.7
rectificationBolt,427,0,1531606839857,1531606839887,30,10.10.21.6
partitionBolt,427,0,1531606839887,1531606839933,46,10.10.21.6
disparityBoltSub,427,0,1531606839933,1531606839991,58,10.10.21.6
disparityBoltSub,427,1,1531606839937,1531606840008,71,10.10.21.7
disparityBoltSub,427,2,1531606839937,1531606840008,71,10.10.21.6
disparityBoltSub,427,3,1531606839938,1531606840008,70,10.10.21.7
disparityBoltSub,427,4,1531606839937,1531606840028,91,10.10.21.6
disparityBoltSub,427,5,1531606839938,1531606840011,73,10.10.21.6
disparityBoltSub,427,6,1531606839939,1531606840013,74,10.10.21.7
disparityBoltSub,427,7,1531606839940,1531606840018,78,10.10.21.7
disparityBoltSub,427,8,1531606839937,1531606840007,70,10.10.21.6
disparityBoltSub,427,9,1531606839941,1531606840012,71,10.10.21.6
disparityBoltSub,427,10,1531606839942,1531606840019,77,10.10.21.6
disparityBoltSub,427,11,1531606839942,1531606840019,77,10.10.21.7
disparityBoltSub,427,12,1531606839943,1531606840013,70,10.10.21.6
disparityBoltSub,427,13,1531606839940,1531606840013,73,10.10.21.6
disparityBoltSub,427,14,1531606839943,1531606840015,72,10.10.21.6
disparityBoltSub,427,15,1531606839944,1531606840072,128,10.10.21.6
disparityBoltSub,427,16,1531606839945,1531606840018,73,10.10.21.7
disparityBoltSub,427,17,1531606839945,1531606840029,84,10.10.21.7
disparityBoltSub,427,18,1531606839943,1531606840018,75,10.10.21.6
disparityBoltSub,427,19,1531606839947,1531606840083,136,10.10.21.6
disparityBoltSub,427,20,1531606839945,1531606840075,130,10.10.21.6
disparityBoltSub,427,21,1531606839944,1531606840020,76,10.10.21.6
disparityBoltSub,427,22,1531606839945,1531606840018,73,10.10.21.6
disparityBoltSub,427,23,1531606839950,1531606840024,74,10.10.21.7
disparityBoltSub,427,24,1531606839949,1531606840024,75,10.10.21.7
disparityBoltSub,427,25,1531606839949,1531606840081,132,10.10.21.6
disparityBoltSub,427,26,1531606839949,1531606840022,73,10.10.21.6
disparityBoltSub,427,27,1531606839952,1531606840026,74,10.10.21.7
disparityBoltSub,427,28,1531606839951,1531606840020,69,10.10.21.6
disparityBoltSub,427,29,1531606839954,1531606840025,71,10.10.21.7
disparityBoltSub,427,30,1531606839952,1531606840027,75,10.10.21.6
disparityBoltSub,427,31,1531606839951,1531606839991,40,10.10.21.6
disparityBolt,427,0,0,0,150,0
mergeBolt,427,0,1531606840084,1531606840100,16,10.10.21.6
reprojectionBolt,427,0,1531606840100,1531606840139,39,null
overall,427,0,1531606839833,1531606840139,306,0
videoSpout,428,0,1531606840338,1531606840342,4,10.10.21.7
rectificationBolt,428,0,1531606840362,1531606840394,32,10.10.21.6
partitionBolt,428,0,1531606840394,1531606840414,20,10.10.21.6
disparityBoltSub,428,0,1531606840418,1531606840462,44,10.10.21.7
disparityBoltSub,428,1,1531606840415,1531606840488,73,10.10.21.6
disparityBoltSub,428,2,1531606840418,1531606840495,77,10.10.21.7
disparityBoltSub,428,3,1531606840418,1531606840494,76,10.10.21.6
disparityBoltSub,428,4,1531606840420,1531606840499,79,10.10.21.7
disparityBoltSub,428,5,1531606840421,1531606840495,74,10.10.21.7
disparityBoltSub,428,6,1531606840417,1531606840490,73,10.10.21.6
disparityBoltSub,428,7,1531606840423,1531606840532,109,10.10.21.7
disparityBoltSub,428,8,1531606840420,1531606840493,73,10.10.21.6
disparityBoltSub,428,9,1531606840423,1531606840493,70,10.10.21.7
disparityBoltSub,428,10,1531606840426,1531606840499,73,10.10.21.6
disparityBoltSub,428,11,1531606840427,1531606840501,74,10.10.21.6
disparityBoltSub,428,12,1531606840421,1531606840542,121,10.10.21.6
disparityBoltSub,428,13,1531606840425,1531606840497,72,10.10.21.7
disparityBoltSub,428,14,1531606840424,1531606840529,105,10.10.21.7
disparityBoltSub,428,15,1531606840428,1531606840504,76,10.10.21.6
disparityBoltSub,428,16,1531606840425,1531606840499,74,10.10.21.7
disparityBoltSub,428,17,1531606840427,1531606840499,72,10.10.21.7
disparityBoltSub,428,18,1531606840427,1531606840501,74,10.10.21.7
disparityBoltSub,428,19,1531606840429,1531606840503,74,10.10.21.7
disparityBoltSub,428,20,1531606840428,1531606840507,79,10.10.21.6
disparityBoltSub,428,21,1531606840432,1531606840509,77,10.10.21.7
disparityBoltSub,428,22,1531606840431,1531606840510,79,10.10.21.7
disparityBoltSub,428,23,1531606840427,1531606840542,115,10.10.21.6
disparityBoltSub,428,24,1531606840434,1531606840503,69,10.10.21.7
disparityBoltSub,428,25,1531606840428,1531606840542,114,10.10.21.6
disparityBoltSub,428,26,1531606840435,1531606840509,74,10.10.21.7
disparityBoltSub,428,27,1531606840431,1531606840525,94,10.10.21.6
disparityBoltSub,428,28,1531606840436,1531606840504,68,10.10.21.7
disparityBoltSub,428,29,1531606840433,1531606840505,72,10.10.21.7
disparityBoltSub,428,30,1531606840430,1531606840542,112,10.10.21.6
disparityBoltSub,428,31,1531606840431,1531606840472,41,10.10.21.6
disparityBolt,428,0,0,0,127,0
mergeBolt,428,0,1531606840549,1531606840565,16,10.10.21.6
reprojectionBolt,428,0,1531606840565,1531606840604,39,null
overall,428,0,1531606840338,1531606840604,266,0
videoSpout,429,0,1531606840843,1531606840847,4,10.10.21.7
rectificationBolt,429,0,1531606840866,1531606840896,30,10.10.21.6
partitionBolt,429,0,1531606840896,1531606840916,20,10.10.21.6
disparityBoltSub,429,0,1531606840919,1531606840963,44,10.10.21.7
disparityBoltSub,429,1,1531606840919,1531606840995,76,10.10.21.6
disparityBoltSub,429,2,1531606840920,1531606840995,75,10.10.21.7
disparityBoltSub,429,3,1531606840917,1531606840991,74,10.10.21.6
disparityBoltSub,429,4,1531606840918,1531606840990,72,10.10.21.6
disparityBoltSub,429,5,1531606840922,1531606840995,73,10.10.21.7
disparityBoltSub,429,6,1531606840919,1531606840995,76,10.10.21.6
disparityBoltSub,429,7,1531606840919,1531606840991,72,10.10.21.6
disparityBoltSub,429,8,1531606840923,1531606840996,73,10.10.21.6
disparityBoltSub,429,9,1531606840923,1531606841005,82,10.10.21.6
disparityBoltSub,429,10,1531606840923,1531606840995,72,10.10.21.7
disparityBoltSub,429,11,1531606840924,1531606840994,70,10.10.21.7
disparityBoltSub,429,12,1531606840924,1531606840999,75,10.10.21.6
disparityBoltSub,429,13,1531606840926,1531606840996,70,10.10.21.7
disparityBoltSub,429,14,1531606840925,1531606841036,111,10.10.21.7
disparityBoltSub,429,15,1531606840927,1531606840998,71,10.10.21.7
disparityBoltSub,429,16,1531606840924,1531606841000,76,10.10.21.6
disparityBoltSub,429,17,1531606840929,1531606841002,73,10.10.21.7
disparityBoltSub,429,18,1531606840927,1531606841005,78,10.10.21.6
disparityBoltSub,429,19,1531606840927,1531606841005,78,10.10.21.6
disparityBoltSub,429,20,1531606840932,1531606841007,75,10.10.21.7
disparityBoltSub,429,21,1531606840931,1531606841007,76,10.10.21.7
disparityBoltSub,429,22,1531606840929,1531606841015,86,10.10.21.6
disparityBoltSub,429,23,1531606840929,1531606841006,77,10.10.21.6
disparityBoltSub,429,24,1531606840931,1531606841008,77,10.10.21.6
disparityBoltSub,429,25,1531606840930,1531606841005,75,10.10.21.6
disparityBoltSub,429,26,1531606840932,1531606841035,103,10.10.21.6
disparityBoltSub,429,27,1531606840933,1531606841035,102,10.10.21.6
disparityBoltSub,429,28,1531606840933,1531606841004,71,10.10.21.7
disparityBoltSub,429,29,1531606840930,1531606841015,85,10.10.21.6
disparityBoltSub,429,30,1531606840930,1531606841006,76,10.10.21.6
disparityBoltSub,429,31,1531606840933,1531606841012,79,10.10.21.7
disparityBolt,429,0,0,0,119,0
mergeBolt,429,0,1531606841037,1531606841053,16,10.10.21.6
reprojectionBolt,429,0,1531606841053,1531606841094,41,null
overall,429,0,1531606840843,1531606841094,251,0
videoSpout,430,0,1531606841347,1531606841352,5,10.10.21.7
rectificationBolt,430,0,1531606841371,1531606841411,40,10.10.21.6
partitionBolt,430,0,1531606841412,1531606841429,17,10.10.21.6
disparityBoltSub,430,0,1531606841433,1531606841475,42,10.10.21.7
disparityBoltSub,430,1,1531606841436,1531606841508,72,10.10.21.7
disparityBoltSub,430,2,1531606841434,1531606841506,72,10.10.21.7
disparityBoltSub,430,3,1531606841435,1531606841508,73,10.10.21.6
disparityBoltSub,430,4,1531606841433,1531606841507,74,10.10.21.6
disparityBoltSub,430,5,1531606841439,1531606841509,70,10.10.21.7
disparityBoltSub,430,6,1531606841438,1531606841515,77,10.10.21.7
disparityBoltSub,430,7,1531606841436,1531606841556,120,10.10.21.6
disparityBoltSub,430,8,1531606841434,1531606841507,73,10.10.21.6
disparityBoltSub,430,9,1531606841440,1531606841513,73,10.10.21.7
disparityBoltSub,430,10,1531606841442,1531606841514,72,10.10.21.7
disparityBoltSub,430,11,1531606841443,1531606841582,139,10.10.21.7
disparityBoltSub,430,12,1531606841435,1531606841516,81,10.10.21.6
disparityBoltSub,430,13,1531606841437,1531606841510,73,10.10.21.6
disparityBoltSub,430,14,1531606841439,1531606841518,79,10.10.21.6
disparityBoltSub,430,15,1531606841438,1531606841511,73,10.10.21.6
disparityBoltSub,430,16,1531606841437,1531606841507,70,10.10.21.6
disparityBoltSub,430,17,1531606841439,1531606841570,131,10.10.21.6
disparityBoltSub,430,18,1531606841439,1531606841513,74,10.10.21.6
disparityBoltSub,430,19,1531606841442,1531606841579,137,10.10.21.7
disparityBoltSub,430,20,1531606841445,1531606841518,73,10.10.21.7
disparityBoltSub,430,21,1531606841447,1531606841583,136,10.10.21.7
disparityBoltSub,430,22,1531606841439,1531606841518,79,10.10.21.6
disparityBoltSub,430,23,1531606841444,1531606841517,73,10.10.21.7
disparityBoltSub,430,24,1531606841446,1531606841520,74,10.10.21.7
disparityBoltSub,430,25,1531606841448,1531606841519,71,10.10.21.7
disparityBoltSub,430,26,1531606841450,1531606841521,71,10.10.21.7
disparityBoltSub,430,27,1531606841448,1531606841587,139,10.10.21.7
disparityBoltSub,430,28,1531606841452,1531606841524,72,10.10.21.7
disparityBoltSub,430,29,1531606841443,1531606841520,77,10.10.21.6
disparityBoltSub,430,30,1531606841451,1531606841524,73,10.10.21.7
disparityBoltSub,430,31,1531606841446,1531606841497,51,10.10.21.6
disparityBolt,430,0,0,0,154,0
mergeBolt,430,0,1531606841588,1531606841604,16,10.10.21.6
reprojectionBolt,430,0,1531606841604,1531606841643,39,null
overall,430,0,1531606841347,1531606841643,296,0
videoSpout,431,0,1531606841853,1531606841857,4,10.10.21.7
rectificationBolt,431,0,1531606841877,1531606841906,29,10.10.21.6
partitionBolt,431,0,1531606841906,1531606841925,19,10.10.21.6
disparityBoltSub,431,0,1531606841927,1531606841979,52,10.10.21.6
disparityBoltSub,431,1,1531606841929,1531606842004,75,10.10.21.7
disparityBoltSub,431,2,1531606841926,1531606842003,77,10.10.21.6
disparityBoltSub,431,3,1531606841929,1531606841998,69,10.10.21.6
disparityBoltSub,431,4,1531606841927,1531606842007,80,10.10.21.6
disparityBoltSub,431,5,1531606841931,1531606842001,70,10.10.21.7
disparityBoltSub,431,6,1531606841930,1531606841999,69,10.10.21.6
disparityBoltSub,431,7,1531606841934,1531606842006,72,10.10.21.7
disparityBoltSub,431,8,1531606841932,1531606842003,71,10.10.21.7
disparityBoltSub,431,9,1531606841955,1531606842072,117,10.10.21.7
disparityBoltSub,431,10,1531606841954,1531606842024,70,10.10.21.7
disparityBoltSub,431,11,1531606841931,1531606842006,75,10.10.21.6
disparityBoltSub,431,12,1531606841957,1531606842030,73,10.10.21.7
disparityBoltSub,431,13,1531606841955,1531606842025,70,10.10.21.7
disparityBoltSub,431,14,1531606841935,1531606842005,70,10.10.21.7
disparityBoltSub,431,15,1531606841954,1531606842029,75,10.10.21.6
disparityBoltSub,431,16,1531606841935,1531606842008,73,10.10.21.6
disparityBoltSub,431,17,1531606841959,1531606842029,70,10.10.21.7
disparityBoltSub,431,18,1531606841954,1531606842041,87,10.10.21.6
disparityBoltSub,431,19,1531606841956,1531606842031,75,10.10.21.7
disparityBoltSub,431,20,1531606841960,1531606842080,120,10.10.21.7
disparityBoltSub,431,21,1531606841964,1531606842039,75,10.10.21.7
disparityBoltSub,431,22,1531606841962,1531606842034,72,10.10.21.7
disparityBoltSub,431,23,1531606841955,1531606842027,72,10.10.21.6
disparityBoltSub,431,24,1531606841966,1531606842040,74,10.10.21.7
disparityBoltSub,431,25,1531606841958,1531606842029,71,10.10.21.7
disparityBoltSub,431,26,1531606841960,1531606842044,84,10.10.21.6
disparityBoltSub,431,27,1531606841959,1531606842032,73,10.10.21.6
disparityBoltSub,431,28,1531606841967,1531606842041,74,10.10.21.7
disparityBoltSub,431,29,1531606841960,1531606842031,71,10.10.21.6
disparityBoltSub,431,30,1531606841959,1531606842044,85,10.10.21.6
disparityBoltSub,431,31,1531606841960,1531606842004,44,10.10.21.7
disparityBolt,431,0,0,0,154,0
mergeBolt,431,0,1531606842082,1531606842097,15,10.10.21.6
reprojectionBolt,431,0,1531606842097,1531606842136,39,null
overall,431,0,1531606841853,1531606842136,283,0
videoSpout,432,0,1531606842357,1531606842361,4,10.10.21.7
rectificationBolt,432,0,1531606842380,1531606842409,29,10.10.21.6
partitionBolt,432,0,1531606842409,1531606842427,18,10.10.21.6
disparityBoltSub,432,0,1531606842430,1531606842480,50,10.10.21.7
disparityBoltSub,432,1,1531606842432,1531606842508,76,10.10.21.7
disparityBoltSub,432,2,1531606842431,1531606842514,83,10.10.21.6
disparityBoltSub,432,3,1531606842430,1531606842552,122,10.10.21.6
disparityBoltSub,432,4,1531606842432,1531606842502,70,10.10.21.7
disparityBoltSub,432,5,1531606842430,1531606842504,74,10.10.21.6
disparityBoltSub,432,6,1531606842434,1531606842508,74,10.10.21.7
disparityBoltSub,432,7,1531606842433,1531606842508,75,10.10.21.6
disparityBoltSub,432,8,1531606842436,1531606842508,72,10.10.21.7
disparityBoltSub,432,9,1531606842438,1531606842509,71,10.10.21.7
disparityBoltSub,432,10,1531606842439,1531606842508,69,10.10.21.7
disparityBoltSub,432,11,1531606842435,1531606842508,73,10.10.21.6
disparityBoltSub,432,12,1531606842436,1531606842542,106,10.10.21.6
disparityBoltSub,432,13,1531606842442,1531606842512,70,10.10.21.7
disparityBoltSub,432,14,1531606842434,1531606842542,108,10.10.21.6
disparityBoltSub,432,15,1531606842443,1531606842516,73,10.10.21.7
disparityBoltSub,432,16,1531606842438,1531606842517,79,10.10.21.6
disparityBoltSub,432,17,1531606842440,1531606842517,77,10.10.21.6
disparityBoltSub,432,18,1531606842439,1531606842512,73,10.10.21.6
disparityBoltSub,432,19,1531606842445,1531606842518,73,10.10.21.7
disparityBoltSub,432,20,1531606842440,1531606842525,85,10.10.21.6
disparityBoltSub,432,21,1531606842447,1531606842521,74,10.10.21.6
disparityBoltSub,432,22,1531606842439,1531606842512,73,10.10.21.6
disparityBoltSub,432,23,1531606842439,1531606842517,78,10.10.21.6
disparityBoltSub,432,24,1531606842439,1531606842558,119,10.10.21.6
disparityBoltSub,432,25,1531606842442,1531606842512,70,10.10.21.7
disparityBoltSub,432,26,1531606842447,1531606842517,70,10.10.21.7
disparityBoltSub,432,27,1531606842448,1531606842520,72,10.10.21.6
disparityBoltSub,432,28,1531606842440,1531606842545,105,10.10.21.6
disparityBoltSub,432,29,1531606842448,1531606842518,70,10.10.21.7
disparityBoltSub,432,30,1531606842449,1531606842555,106,10.10.21.6
disparityBoltSub,432,31,1531606842443,1531606842486,43,10.10.21.6
disparityBolt,432,0,0,0,128,0
mergeBolt,432,0,1531606842558,1531606842572,14,10.10.21.6
reprojectionBolt,432,0,1531606842573,1531606842616,43,null
overall,432,0,1531606842357,1531606842616,259,0
videoSpout,433,0,1531606842861,1531606842866,5,10.10.21.7
rectificationBolt,433,0,1531606842885,1531606842915,30,10.10.21.6
partitionBolt,433,0,1531606842915,1531606842935,20,10.10.21.6
disparityBoltSub,433,0,1531606842939,1531606842981,42,10.10.21.7
disparityBoltSub,433,1,1531606842938,1531606843012,74,10.10.21.6
disparityBoltSub,433,2,1531606842939,1531606843008,69,10.10.21.6
disparityBoltSub,433,3,1531606842941,1531606843011,70,10.10.21.6
disparityBoltSub,433,4,1531606842937,1531606843010,73,10.10.21.6
disparityBoltSub,433,5,1531606842937,1531606843011,74,10.10.21.6
disparityBoltSub,433,6,1531606842942,1531606843023,81,10.10.21.6
disparityBoltSub,433,7,1531606842938,1531606843033,95,10.10.21.6
disparityBoltSub,433,8,1531606842942,1531606843015,73,10.10.21.7
disparityBoltSub,433,9,1531606842945,1531606843021,76,10.10.21.7
disparityBoltSub,433,10,1531606842943,1531606843020,77,10.10.21.7
disparityBoltSub,433,11,1531606842946,1531606843071,125,10.10.21.7
disparityBoltSub,433,12,1531606842948,1531606843020,72,10.10.21.7
disparityBoltSub,433,13,1531606842941,1531606843011,70,10.10.21.6
disparityBoltSub,433,14,1531606842950,1531606843077,127,10.10.21.7
disparityBoltSub,433,15,1531606842944,1531606843014,70,10.10.21.6
disparityBoltSub,433,16,1531606842952,1531606843026,74,10.10.21.7
disparityBoltSub,433,17,1531606842943,1531606843017,74,10.10.21.6
disparityBoltSub,433,18,1531606842955,1531606843026,71,10.10.21.7
disparityBoltSub,433,19,1531606842953,1531606843084,131,10.10.21.7
disparityBoltSub,433,20,1531606842945,1531606843017,72,10.10.21.6
disparityBoltSub,433,21,1531606842956,1531606843033,77,10.10.21.7
disparityBoltSub,433,22,1531606842946,1531606843020,74,10.10.21.6
disparityBoltSub,433,23,1531606842948,1531606843022,74,10.10.21.6
disparityBoltSub,433,24,1531606842957,1531606843030,73,10.10.21.7
disparityBoltSub,433,25,1531606842949,1531606843019,70,10.10.21.6
disparityBoltSub,433,26,1531606842959,1531606843085,126,10.10.21.7
disparityBoltSub,433,27,1531606842951,1531606843024,73,10.10.21.6
disparityBoltSub,433,28,1531606842950,1531606843020,70,10.10.21.6
disparityBoltSub,433,29,1531606842952,1531606843060,108,10.10.21.6
disparityBoltSub,433,30,1531606842960,1531606843031,71,10.10.21.7
disparityBoltSub,433,31,1531606842950,1531606842990,40,10.10.21.6
disparityBolt,433,0,0,0,148,0
mergeBolt,433,0,1531606843087,1531606843102,15,10.10.21.6
reprojectionBolt,433,0,1531606843102,1531606843141,39,null
overall,433,0,1531606842861,1531606843141,280,0
videoSpout,434,0,1531606843366,1531606843371,5,10.10.21.7
rectificationBolt,434,0,1531606843391,1531606843423,32,10.10.21.6
partitionBolt,434,0,1531606843423,1531606843454,31,10.10.21.6
disparityBoltSub,434,0,1531606843456,1531606843499,43,10.10.21.6
disparityBoltSub,434,1,1531606843458,1531606843531,73,10.10.21.7
disparityBoltSub,434,2,1531606843459,1531606843531,72,10.10.21.7
disparityBoltSub,434,3,1531606843459,1531606843536,77,10.10.21.7
disparityBoltSub,434,4,1531606843467,1531606843582,115,10.10.21.7
disparityBoltSub,434,5,1531606843462,1531606843537,75,10.10.21.7
disparityBoltSub,434,6,1531606843458,1531606843533,75,10.10.21.6
disparityBoltSub,434,7,1531606843458,1531606843533,75,10.10.21.6
disparityBoltSub,434,8,1531606843463,1531606843530,67,10.10.21.7
disparityBoltSub,434,9,1531606843470,1531606843537,67,10.10.21.7
disparityBoltSub,434,10,1531606843471,1531606843545,74,10.10.21.7
disparityBoltSub,434,11,1531606843462,1531606843530,68,10.10.21.6
disparityBoltSub,434,12,1531606843462,1531606843532,70,10.10.21.6
disparityBoltSub,434,13,1531606843465,1531606843576,111,10.10.21.7
disparityBoltSub,434,14,1531606843467,1531606843573,106,10.10.21.7
disparityBoltSub,434,15,1531606843461,1531606843582,121,10.10.21.6
disparityBoltSub,434,16,1531606843463,1531606843535,72,10.10.21.6
disparityBoltSub,434,17,1531606843462,1531606843537,75,10.10.21.6
disparityBoltSub,434,18,1531606843463,1531606843540,77,10.10.21.6
disparityBoltSub,434,19,1531606843463,1531606843540,77,10.10.21.6
disparityBoltSub,434,20,1531606843463,1531606843544,81,10.10.21.6
disparityBoltSub,434,21,1531606843462,1531606843585,123,10.10.21.6
disparityBoltSub,434,22,1531606843469,1531606843571,102,10.10.21.7
disparityBoltSub,434,23,1531606843473,1531606843553,80,10.10.21.7
disparityBoltSub,434,24,1531606843474,1531606843564,90,10.10.21.7
disparityBoltSub,434,25,1531606843470,1531606843560,90,10.10.21.7
disparityBoltSub,434,26,1531606843472,1531606843561,89,10.10.21.7
disparityBoltSub,434,27,1531606843467,1531606843546,79,10.10.21.6
disparityBoltSub,434,28,1531606843468,1531606843544,76,10.10.21.6
disparityBoltSub,434,29,1531606843473,1531606843546,73,10.10.21.7
disparityBoltSub,434,30,1531606843474,1531606843548,74,10.10.21.7
disparityBoltSub,434,31,1531606843475,1531606843516,41,10.10.21.7
disparityBolt,434,0,0,0,129,0
mergeBolt,434,0,1531606843585,1531606843600,15,10.10.21.6
reprojectionBolt,434,0,1531606843600,1531606843640,40,null
overall,434,0,1531606843366,1531606843640,274,0
videoSpout,435,0,1531606843871,1531606843875,4,10.10.21.7
rectificationBolt,435,0,1531606843894,1531606843923,29,10.10.21.6
partitionBolt,435,0,1531606843923,1531606843942,19,10.10.21.6
disparityBoltSub,435,0,1531606843943,1531606844011,68,10.10.21.6
disparityBoltSub,435,1,1531606843946,1531606844016,70,10.10.21.7
disparityBoltSub,435,2,1531606843945,1531606844036,91,10.10.21.6
disparityBoltSub,435,3,1531606843947,1531606844030,83,10.10.21.6
disparityBoltSub,435,4,1531606843945,1531606844038,93,10.10.21.6
disparityBoltSub,435,5,1531606843948,1531606844019,71,10.10.21.6
disparityBoltSub,435,6,1531606843948,1531606844020,72,10.10.21.7
disparityBoltSub,435,7,1531606843949,1531606844020,71,10.10.21.6
disparityBoltSub,435,8,1531606843950,1531606844019,69,10.10.21.6
disparityBoltSub,435,9,1531606843949,1531606844018,69,10.10.21.7
disparityBoltSub,435,10,1531606843950,1531606844032,82,10.10.21.6
disparityBoltSub,435,11,1531606843951,1531606844025,74,10.10.21.7
disparityBoltSub,435,12,1531606843951,1531606844036,85,10.10.21.6
disparityBoltSub,435,13,1531606843949,1531606844039,90,10.10.21.6
disparityBoltSub,435,14,1531606843952,1531606844021,69,10.10.21.7
disparityBoltSub,435,15,1531606843952,1531606844025,73,10.10.21.7
disparityBoltSub,435,16,1531606843951,1531606844026,75,10.10.21.6
disparityBoltSub,435,17,1531606843953,1531606844052,99,10.10.21.6
disparityBoltSub,435,18,1531606843952,1531606844096,144,10.10.21.6
disparityBoltSub,435,19,1531606843954,1531606844028,74,10.10.21.6
disparityBoltSub,435,20,1531606843955,1531606844030,75,10.10.21.7
disparityBoltSub,435,21,1531606843958,1531606844031,73,10.10.21.7
disparityBoltSub,435,22,1531606843956,1531606844030,74,10.10.21.7
disparityBoltSub,435,23,1531606843954,1531606844042,88,10.10.21.6
disparityBoltSub,435,24,1531606843957,1531606844032,75,10.10.21.6
disparityBoltSub,435,25,1531606843988,1531606844113,125,10.10.21.6
disparityBoltSub,435,26,1531606843988,1531606844059,71,10.10.21.7
disparityBoltSub,435,27,1531606843989,1531606844095,106,10.10.21.6
disparityBoltSub,435,28,1531606843986,1531606844059,73,10.10.21.6
disparityBoltSub,435,29,1531606843989,1531606844065,76,10.10.21.6
disparityBoltSub,435,30,1531606843989,1531606844061,72,10.10.21.7
disparityBoltSub,435,31,1531606843987,1531606844062,75,10.10.21.6
disparityBolt,435,0,0,0,170,0
mergeBolt,435,0,1531606844114,1531606844130,16,10.10.21.6
reprojectionBolt,435,0,1531606844130,1531606844170,40,null
overall,435,0,1531606843871,1531606844170,299,0
videoSpout,436,0,1531606844375,1531606844379,4,10.10.21.7
rectificationBolt,436,0,1531606844399,1531606844429,30,10.10.21.6
partitionBolt,436,0,1531606844429,1531606844449,20,10.10.21.6
disparityBoltSub,436,0,1531606844454,1531606844495,41,10.10.21.7
disparityBoltSub,436,1,1531606844450,1531606844523,73,10.10.21.6
disparityBoltSub,436,2,1531606844453,1531606844526,73,10.10.21.7
disparityBoltSub,436,3,1531606844454,1531606844580,126,10.10.21.7
disparityBoltSub,436,4,1531606844454,1531606844538,84,10.10.21.6
disparityBoltSub,436,5,1531606844455,1531606844522,67,10.10.21.7
disparityBoltSub,436,6,1531606844455,1531606844526,71,10.10.21.7
disparityBoltSub,436,7,1531606844461,1531606844533,72,10.10.21.6
disparityBoltSub,436,8,1531606844457,1531606844529,72,10.10.21.7
disparityBoltSub,436,9,1531606844462,1531606844585,123,10.10.21.6
disparityBoltSub,436,10,1531606844459,1531606844593,134,10.10.21.7
disparityBoltSub,436,11,1531606844463,1531606844540,77,10.10.21.6
disparityBoltSub,436,12,1531606844460,1531606844531,71,10.10.21.7
disparityBoltSub,436,13,1531606844460,1531606844589,129,10.10.21.7
disparityBoltSub,436,14,1531606844465,1531606844540,75,10.10.21.6
disparityBoltSub,436,15,1531606844465,1531606844537,72,10.10.21.6
disparityBoltSub,436,16,1531606844459,1531606844535,76,10.10.21.6
disparityBoltSub,436,17,1531606844459,1531606844534,75,10.10.21.6
disparityBoltSub,436,18,1531606844459,1531606844535,76,10.10.21.6
disparityBoltSub,436,19,1531606844459,1531606844535,76,10.10.21.6
disparityBoltSub,436,20,1531606844466,1531606844544,78,10.10.21.6
disparityBoltSub,436,21,1531606844460,1531606844534,74,10.10.21.6
disparityBoltSub,436,22,1531606844463,1531606844591,128,10.10.21.7
disparityBoltSub,436,23,1531606844464,1531606844600,136,10.10.21.7
disparityBoltSub,436,24,1531606844462,1531606844585,123,10.10.21.6
disparityBoltSub,436,25,1531606844467,1531606844541,74,10.10.21.6
disparityBoltSub,436,26,1531606844466,1531606844536,70,10.10.21.7
disparityBoltSub,436,27,1531606844469,1531606844541,72,10.10.21.7
disparityBoltSub,436,28,1531606844467,1531606844538,71,10.10.21.7
disparityBoltSub,436,29,1531606844468,1531606844541,73,10.10.21.6
disparityBoltSub,436,30,1531606844470,1531606844600,130,10.10.21.7
disparityBoltSub,436,31,1531606844470,1531606844512,42,10.10.21.7
disparityBolt,436,0,0,0,150,0
mergeBolt,436,0,1531606844602,1531606844618,16,10.10.21.6
reprojectionBolt,436,0,1531606844618,1531606844657,39,null
overall,436,0,1531606844375,1531606844657,282,0
videoSpout,437,0,1531606844880,1531606844884,4,10.10.21.7
rectificationBolt,437,0,1531606844917,1531606844940,23,10.10.21.6
partitionBolt,437,0,1531606844940,1531606844958,18,10.10.21.6
disparityBoltSub,437,0,1531606844963,1531606845003,40,10.10.21.7
disparityBoltSub,437,1,1531606844959,1531606845031,72,10.10.21.6
disparityBoltSub,437,2,1531606844959,1531606845075,116,10.10.21.6
disparityBoltSub,437,3,1531606844962,1531606845041,79,10.10.21.7
disparityBoltSub,437,4,1531606844960,1531606845030,70,10.10.21.6
disparityBoltSub,437,5,1531606844962,1531606845034,72,10.10.21.6
disparityBoltSub,437,6,1531606844962,1531606845034,72,10.10.21.6
disparityBoltSub,437,7,1531606844965,1531606845035,70,10.10.21.7
disparityBoltSub,437,8,1531606844966,1531606845038,72,10.10.21.7
disparityBoltSub,437,9,1531606844964,1531606845037,73,10.10.21.6
disparityBoltSub,437,10,1531606844968,1531606845040,72,10.10.21.7
disparityBoltSub,437,11,1531606844964,1531606845034,70,10.10.21.6
disparityBoltSub,437,12,1531606844969,1531606845039,70,10.10.21.7
disparityBoltSub,437,13,1531606844965,1531606845035,70,10.10.21.6
disparityBoltSub,437,14,1531606844967,1531606845037,70,10.10.21.6
disparityBoltSub,437,15,1531606844969,1531606845044,75,10.10.21.6
disparityBoltSub,437,16,1531606844966,1531606845040,74,10.10.21.6
disparityBoltSub,437,17,1531606844970,1531606845044,74,10.10.21.6
disparityBoltSub,437,18,1531606844969,1531606845090,121,10.10.21.6
disparityBoltSub,437,19,1531606844971,1531606845073,102,10.10.21.6
disparityBoltSub,437,20,1531606844968,1531606845108,140,10.10.21.6
disparityBoltSub,437,21,1531606844970,1531606845044,74,10.10.21.7
disparityBoltSub,437,22,1531606844969,1531606845044,75,10.10.21.6
disparityBoltSub,437,23,1531606844972,1531606845042,70,10.10.21.6
disparityBoltSub,437,24,1531606844970,1531606845108,138,10.10.21.6
disparityBoltSub,437,25,1531606844972,1531606845041,69,10.10.21.7
disparityBoltSub,437,26,1531606844973,1531606845041,68,10.10.21.7
disparityBoltSub,437,27,1531606844974,1531606845044,70,10.10.21.7
disparityBoltSub,437,28,1531606844975,1531606845045,70,10.10.21.7
disparityBoltSub,437,29,1531606844974,1531606845046,72,10.10.21.6
disparityBoltSub,437,30,1531606844974,1531606845045,71,10.10.21.6
disparityBoltSub,437,31,1531606844972,1531606845039,67,10.10.21.6
disparityBolt,437,0,0,0,149,0
mergeBolt,437,0,1531606845109,1531606845125,16,10.10.21.6
reprojectionBolt,437,0,1531606845125,1531606845165,40,null
overall,437,0,1531606844880,1531606845165,285,0
videoSpout,438,0,1531606845384,1531606845388,4,10.10.21.7
rectificationBolt,438,0,1531606845407,1531606845439,32,10.10.21.6
partitionBolt,438,0,1531606845439,1531606845462,23,10.10.21.6
disparityBoltSub,438,0,1531606845466,1531606845509,43,10.10.21.7
disparityBoltSub,438,1,1531606845464,1531606845538,74,10.10.21.6
disparityBoltSub,438,2,1531606845467,1531606845536,69,10.10.21.7
disparityBoltSub,438,3,1531606845469,1531606845540,71,10.10.21.7
disparityBoltSub,438,4,1531606845468,1531606845539,71,10.10.21.7
disparityBoltSub,438,5,1531606845467,1531606845546,79,10.10.21.6
disparityBoltSub,438,6,1531606845470,1531606845533,63,10.10.21.7
disparityBoltSub,438,7,1531606845487,1531606845552,65,10.10.21.7
disparityBoltSub,438,8,1531606845486,1531606845559,73,10.10.21.7
disparityBoltSub,438,9,1531606845488,1531606845559,71,10.10.21.7
disparityBoltSub,438,10,1531606845486,1531606845564,78,10.10.21.6
disparityBoltSub,438,11,1531606845488,1531606845558,70,10.10.21.6
disparityBoltSub,438,12,1531606845488,1531606845561,73,10.10.21.6
disparityBoltSub,438,13,1531606845485,1531606845559,74,10.10.21.6
disparityBoltSub,438,14,1531606845490,1531606845562,72,10.10.21.6
disparityBoltSub,438,15,1531606845491,1531606845565,74,10.10.21.6
disparityBoltSub,438,16,1531606845489,1531606845554,65,10.10.21.7
disparityBoltSub,438,17,1531606845492,1531606845568,76,10.10.21.6
disparityBoltSub,438,18,1531606845488,1531606845563,75,10.10.21.6
disparityBoltSub,438,19,1531606845492,1531606845599,107,10.10.21.6
disparityBoltSub,438,20,1531606845488,1531606845562,74,10.10.21.6
disparityBoltSub,438,21,1531606845488,1531606845562,74,10.10.21.6
disparityBoltSub,438,22,1531606845494,1531606845569,75,10.10.21.6
disparityBoltSub,438,23,1531606845495,1531606845568,73,10.10.21.6
disparityBoltSub,438,24,1531606845496,1531606845566,70,10.10.21.6
disparityBoltSub,438,25,1531606845490,1531606845595,105,10.10.21.6
disparityBoltSub,438,26,1531606845490,1531606845561,71,10.10.21.6
disparityBoltSub,438,27,1531606845497,1531606845568,71,10.10.21.6
disparityBoltSub,438,28,1531606845494,1531606845562,68,10.10.21.7
disparityBoltSub,438,29,1531606845497,1531606845566,69,10.10.21.6
disparityBoltSub,438,30,1531606845493,1531606845566,73,10.10.21.6
disparityBoltSub,438,31,1531606845495,1531606845535,40,10.10.21.7
disparityBolt,438,0,0,0,135,0
mergeBolt,438,0,1531606845600,1531606845616,16,10.10.21.6
reprojectionBolt,438,0,1531606845616,1531606845656,40,null
overall,438,0,1531606845384,1531606845656,272,0
videoSpout,439,0,1531606845888,1531606845892,4,10.10.21.7
rectificationBolt,439,0,1531606845913,1531606845942,29,10.10.21.6
partitionBolt,439,0,1531606845942,1531606845960,18,10.10.21.6
disparityBoltSub,439,0,1531606845961,1531606846002,41,10.10.21.6
disparityBoltSub,439,1,1531606845964,1531606846038,74,10.10.21.7
disparityBoltSub,439,2,1531606845963,1531606846036,73,10.10.21.6
disparityBoltSub,439,3,1531606845965,1531606846041,76,10.10.21.7
disparityBoltSub,439,4,1531606845965,1531606846037,72,10.10.21.7
disparityBoltSub,439,5,1531606845965,1531606846043,78,10.10.21.6
disparityBoltSub,439,6,1531606845963,1531606846034,71,10.10.21.6
disparityBoltSub,439,7,1531606845972,1531606846043,71,10.10.21.6
disparityBoltSub,439,8,1531606845971,1531606846043,72,10.10.21.6
disparityBoltSub,439,9,1531606845966,1531606846092,126,10.10.21.7
disparityBoltSub,439,10,1531606845969,1531606846041,72,10.10.21.7
disparityBoltSub,439,11,1531606845973,1531606846043,70,10.10.21.6
disparityBoltSub,439,12,1531606845974,1531606846045,71,10.10.21.6
disparityBoltSub,439,13,1531606845974,1531606846043,69,10.10.21.6
disparityBoltSub,439,14,1531606845969,1531606846044,75,10.10.21.7
disparityBoltSub,439,15,1531606845975,1531606846048,73,10.10.21.6
disparityBoltSub,439,16,1531606845969,1531606846043,74,10.10.21.6
disparityBoltSub,439,17,1531606845969,1531606846049,80,10.10.21.6
disparityBoltSub,439,18,1531606845975,1531606846048,73,10.10.21.6
disparityBoltSub,439,19,1531606845969,1531606846043,74,10.10.21.6
disparityBoltSub,439,20,1531606845972,1531606846049,77,10.10.21.7
disparityBoltSub,439,21,1531606845970,1531606846045,75,10.10.21.6
disparityBoltSub,439,22,1531606845976,1531606846052,76,10.10.21.7
disparityBoltSub,439,23,1531606845973,1531606846042,69,10.10.21.7
disparityBoltSub,439,24,1531606845979,1531606846052,73,10.10.21.7
disparityBoltSub,439,25,1531606845977,1531606846049,72,10.10.21.7
disparityBoltSub,439,26,1531606845977,1531606846045,68,10.10.21.7
disparityBoltSub,439,27,1531606845976,1531606846047,71,10.10.21.7
disparityBoltSub,439,28,1531606845976,1531606846049,73,10.10.21.6
disparityBoltSub,439,29,1531606845982,1531606846057,75,10.10.21.7
disparityBoltSub,439,30,1531606845980,1531606846105,125,10.10.21.7
disparityBoltSub,439,31,1531606845982,1531606846025,43,10.10.21.7
disparityBolt,439,0,0,0,144,0
mergeBolt,439,0,1531606846106,1531606846122,16,10.10.21.6
reprojectionBolt,439,0,1531606846122,1531606846182,60,null
overall,439,0,1531606845888,1531606846182,294,0
videoSpout,440,0,1531606846392,1531606846396,4,10.10.21.7
rectificationBolt,440,0,1531606846417,1531606846445,28,10.10.21.6
partitionBolt,440,0,1531606846445,1531606846464,19,10.10.21.6
disparityBoltSub,440,0,1531606846468,1531606846511,43,10.10.21.6
disparityBoltSub,440,1,1531606846466,1531606846538,72,10.10.21.6
disparityBoltSub,440,2,1531606846466,1531606846538,72,10.10.21.6
disparityBoltSub,440,3,1531606846468,1531606846540,72,10.10.21.6
disparityBoltSub,440,4,1531606846476,1531606846550,74,10.10.21.7
disparityBoltSub,440,5,1531606846469,1531606846539,70,10.10.21.6
disparityBoltSub,440,6,1531606846478,1531606846550,72,10.10.21.7
disparityBoltSub,440,7,1531606846471,1531606846544,73,10.10.21.7
disparityBoltSub,440,8,1531606846470,1531606846541,71,10.10.21.6
disparityBoltSub,440,9,1531606846469,1531606846541,72,10.10.21.6
disparityBoltSub,440,10,1531606846473,1531606846545,72,10.10.21.7
disparityBoltSub,440,11,1531606846479,1531606846554,75,10.10.21.7
disparityBoltSub,440,12,1531606846470,1531606846544,74,10.10.21.6
disparityBoltSub,440,13,1531606846476,1531606846581,105,10.10.21.7
disparityBoltSub,440,14,1531606846474,1531606846546,72,10.10.21.7
disparityBoltSub,440,15,1531606846474,1531606846546,72,10.10.21.6
disparityBoltSub,440,16,1531606846474,1531606846551,77,10.10.21.6
disparityBoltSub,440,17,1531606846482,1531606846562,80,10.10.21.7
disparityBoltSub,440,18,1531606846482,1531606846556,74,10.10.21.7
disparityBoltSub,440,19,1531606846478,1531606846551,73,10.10.21.7
disparityBoltSub,440,20,1531606846476,1531606846551,75,10.10.21.6
disparityBoltSub,440,21,1531606846481,1531606846593,112,10.10.21.7
disparityBoltSub,440,22,1531606846479,1531606846581,102,10.10.21.7
disparityBoltSub,440,23,1531606846476,1531606846549,73,10.10.21.6
disparityBoltSub,440,24,1531606846478,1531606846552,74,10.10.21.6
disparityBoltSub,440,25,1531606846480,1531606846562,82,10.10.21.6
disparityBoltSub,440,26,1531606846479,1531606846555,76,10.10.21.6
disparityBoltSub,440,27,1531606846485,1531606846570,85,10.10.21.7
disparityBoltSub,440,28,1531606846479,1531606846552,73,10.10.21.6
disparityBoltSub,440,29,1531606846481,1531606846554,73,10.10.21.6
disparityBoltSub,440,30,1531606846486,1531606846561,75,10.10.21.7
disparityBoltSub,440,31,1531606846482,1531606846560,78,10.10.21.7
disparityBolt,440,0,0,0,127,0
mergeBolt,440,0,1531606846594,1531606846608,14,10.10.21.6
reprojectionBolt,440,0,1531606846608,1531606846648,40,null
overall,440,0,1531606846392,1531606846648,256,0
videoSpout,441,0,1531606846897,1531606846901,4,10.10.21.7
rectificationBolt,441,0,1531606846919,1531606846949,30,10.10.21.6
partitionBolt,441,0,1531606846949,1531606846998,49,10.10.21.6
disparityBoltSub,441,0,1531606846999,1531606847046,47,10.10.21.6
disparityBoltSub,441,1,1531606847002,1531606847074,72,10.10.21.7
disparityBoltSub,441,2,1531606847001,1531606847080,79,10.10.21.6
disparityBoltSub,441,3,1531606847003,1531606847074,71,10.10.21.7
disparityBoltSub,441,4,1531606847003,1531606847138,135,10.10.21.6
disparityBoltSub,441,5,1531606847005,1531606847082,77,10.10.21.6
disparityBoltSub,441,6,1531606847004,1531606847075,71,10.10.21.7
disparityBoltSub,441,7,1531606847004,1531606847077,73,10.10.21.7
disparityBoltSub,441,8,1531606847003,1531606847076,73,10.10.21.6
disparityBoltSub,441,9,1531606847004,1531606847141,137,10.10.21.6
disparityBoltSub,441,10,1531606847006,1531606847116,110,10.10.21.6
disparityBoltSub,441,11,1531606847006,1531606847082,76,10.10.21.7
disparityBoltSub,441,12,1531606847007,1531606847082,75,10.10.21.6
disparityBoltSub,441,13,1531606847005,1531606847079,74,10.10.21.6
disparityBoltSub,441,14,1531606847009,1531606847080,71,10.10.21.6
disparityBoltSub,441,15,1531606847008,1531606847081,73,10.10.21.6
disparityBoltSub,441,16,1531606847009,1531606847081,72,10.10.21.7
disparityBoltSub,441,17,1531606847010,1531606847088,78,10.10.21.7
disparityBoltSub,441,18,1531606847007,1531606847122,115,10.10.21.6
disparityBoltSub,441,19,1531606847011,1531606847088,77,10.10.21.6
disparityBoltSub,441,20,1531606847010,1531606847085,75,10.10.21.6
disparityBoltSub,441,21,1531606847008,1531606847087,79,10.10.21.6
disparityBoltSub,441,22,1531606847008,1531606847085,77,10.10.21.6
disparityBoltSub,441,23,1531606847011,1531606847083,72,10.10.21.7
disparityBoltSub,441,24,1531606847012,1531606847082,70,10.10.21.7
disparityBoltSub,441,25,1531606847013,1531606847086,73,10.10.21.6
disparityBoltSub,441,26,1531606847015,1531606847089,74,10.10.21.6
disparityBoltSub,441,27,1531606847014,1531606847086,72,10.10.21.7
disparityBoltSub,441,28,1531606847014,1531606847084,70,10.10.21.6
disparityBoltSub,441,29,1531606847015,1531606847084,69,10.10.21.7
disparityBoltSub,441,30,1531606847017,1531606847089,72,10.10.21.6
disparityBoltSub,441,31,1531606847017,1531606847061,44,10.10.21.6
disparityBolt,441,0,0,0,142,0
mergeBolt,441,0,1531606847142,1531606847156,14,10.10.21.6
reprojectionBolt,441,0,1531606847156,1531606847196,40,null
overall,441,0,1531606846897,1531606847196,299,0
videoSpout,442,0,1531606847401,1531606847405,4,10.10.21.7
rectificationBolt,442,0,1531606847426,1531606847457,31,10.10.21.6
partitionBolt,442,0,1531606847457,1531606847475,18,10.10.21.6
disparityBoltSub,442,0,1531606847477,1531606847519,42,10.10.21.7
disparityBoltSub,442,1,1531606847476,1531606847549,73,10.10.21.6
disparityBoltSub,442,2,1531606847479,1531606847554,75,10.10.21.7
disparityBoltSub,442,3,1531606847480,1531606847556,76,10.10.21.6
disparityBoltSub,442,4,1531606847481,1531606847553,72,10.10.21.7
disparityBoltSub,442,5,1531606847483,1531606847553,70,10.10.21.7
disparityBoltSub,442,6,1531606847478,1531606847605,127,10.10.21.6
disparityBoltSub,442,7,1531606847485,1531606847553,68,10.10.21.7
disparityBoltSub,442,8,1531606847482,1531606847592,110,10.10.21.6
disparityBoltSub,442,9,1531606847482,1531606847553,71,10.10.21.7
disparityBoltSub,442,10,1531606847482,1531606847563,81,10.10.21.6
disparityBoltSub,442,11,1531606847489,1531606847582,93,10.10.21.6
disparityBoltSub,442,12,1531606847481,1531606847554,73,10.10.21.6
disparityBoltSub,442,13,1531606847487,1531606847558,71,10.10.21.7
disparityBoltSub,442,14,1531606847487,1531606847577,90,10.10.21.7
disparityBoltSub,442,15,1531606847490,1531606847563,73,10.10.21.6
disparityBoltSub,442,16,1531606847486,1531606847558,72,10.10.21.7
disparityBoltSub,442,17,1531606847488,1531606847624,136,10.10.21.7
disparityBoltSub,442,18,1531606847490,1531606847566,76,10.10.21.7
disparityBoltSub,442,19,1531606847491,1531606847567,76,10.10.21.7
disparityBoltSub,442,20,1531606847491,1531606847575,84,10.10.21.6
disparityBoltSub,442,21,1531606847492,1531606847567,75,10.10.21.7
disparityBoltSub,442,22,1531606847494,1531606847570,76,10.10.21.7
disparityBoltSub,442,23,1531606847486,1531606847589,103,10.10.21.6
disparityBoltSub,442,24,1531606847495,1531606847567,72,10.10.21.7
disparityBoltSub,442,25,1531606847487,1531606847607,120,10.10.21.6
disparityBoltSub,442,26,1531606847496,1531606847610,114,10.10.21.7
disparityBoltSub,442,27,1531606847491,1531606847579,88,10.10.21.6
disparityBoltSub,442,28,1531606847498,1531606847567,69,10.10.21.7
disparityBoltSub,442,29,1531606847492,1531606847565,73,10.10.21.7
disparityBoltSub,442,30,1531606847489,1531606847589,100,10.10.21.6
disparityBoltSub,442,31,1531606847489,1531606847533,44,10.10.21.6
disparityBolt,442,0,0,0,148,0
mergeBolt,442,0,1531606847626,1531606847641,15,10.10.21.6
reprojectionBolt,442,0,1531606847641,1531606847679,38,null
overall,442,0,1531606847401,1531606847679,278,0
videoSpout,443,0,1531606847905,1531606847909,4,10.10.21.7
rectificationBolt,443,0,1531606847928,1531606847966,38,10.10.21.6
partitionBolt,443,0,1531606847966,1531606847986,20,10.10.21.6
disparityBoltSub,443,0,1531606847990,1531606848035,45,10.10.21.7
disparityBoltSub,443,1,1531606847990,1531606848063,73,10.10.21.6
disparityBoltSub,443,2,1531606847991,1531606848062,71,10.10.21.7
disparityBoltSub,443,3,1531606847988,1531606848062,74,10.10.21.6
disparityBoltSub,443,4,1531606847989,1531606848061,72,10.10.21.6
disparityBoltSub,443,5,1531606848004,1531606848075,71,10.10.21.7
disparityBoltSub,443,6,1531606847990,1531606848076,86,10.10.21.6
disparityBoltSub,443,7,1531606847990,1531606848060,70,10.10.21.6
disparityBoltSub,443,8,1531606847993,1531606848103,110,10.10.21.6
disparityBoltSub,443,9,1531606847993,1531606848108,115,10.10.21.6
disparityBoltSub,443,10,1531606847994,1531606848066,72,10.10.21.7
disparityBoltSub,443,11,1531606847995,1531606848066,71,10.10.21.7
disparityBoltSub,443,12,1531606847995,1531606848069,74,10.10.21.6
disparityBoltSub,443,13,1531606847996,1531606848063,67,10.10.21.7
disparityBoltSub,443,14,1531606848007,1531606848077,70,10.10.21.7
disparityBoltSub,443,15,1531606848008,1531606848080,72,10.10.21.7
disparityBoltSub,443,16,1531606847995,1531606848100,105,10.10.21.6
disparityBoltSub,443,17,1531606848010,1531606848086,76,10.10.21.7
disparityBoltSub,443,18,1531606847999,1531606848073,74,10.10.21.6
disparityBoltSub,443,19,1531606848000,1531606848074,74,10.10.21.6
disparityBoltSub,443,20,1531606848013,1531606848085,72,10.10.21.7
disparityBoltSub,443,21,1531606848011,1531606848084,73,10.10.21.7
disparityBoltSub,443,22,1531606848001,1531606848081,80,10.10.21.6
disparityBoltSub,443,23,1531606848002,1531606848075,73,10.10.21.6
disparityBoltSub,443,24,1531606848004,1531606848111,107,10.10.21.6
disparityBoltSub,443,25,1531606848003,1531606848074,71,10.10.21.6
disparityBoltSub,443,26,1531606848005,1531606848075,70,10.10.21.6
disparityBoltSub,443,27,1531606848005,1531606848112,107,10.10.21.6
disparityBoltSub,443,28,1531606848006,1531606848076,70,10.10.21.7
disparityBoltSub,443,29,1531606848004,1531606848103,99,10.10.21.6
disparityBoltSub,443,30,1531606848004,1531606848076,72,10.10.21.6
disparityBoltSub,443,31,1531606848014,1531606848058,44,10.10.21.7
disparityBolt,443,0,0,0,124,0
mergeBolt,443,0,1531606848113,1531606848128,15,10.10.21.6
reprojectionBolt,443,0,1531606848128,1531606848168,40,null
overall,443,0,1531606847905,1531606848168,263,0
videoSpout,444,0,1531606848409,1531606848413,4,10.10.21.7
rectificationBolt,444,0,1531606848433,1531606848485,52,10.10.21.6
partitionBolt,444,0,1531606848485,1531606848502,17,10.10.21.6
disparityBoltSub,444,0,1531606848506,1531606848548,42,10.10.21.7
disparityBoltSub,444,1,1531606848507,1531606848577,70,10.10.21.7
disparityBoltSub,444,2,1531606848508,1531606848577,69,10.10.21.7
disparityBoltSub,444,3,1531606848506,1531606848579,73,10.10.21.6
disparityBoltSub,444,4,1531606848507,1531606848579,72,10.10.21.6
disparityBoltSub,444,5,1531606848510,1531606848635,125,10.10.21.7
disparityBoltSub,444,6,1531606848512,1531606848583,71,10.10.21.7
disparityBoltSub,444,7,1531606848508,1531606848579,71,10.10.21.6
disparityBoltSub,444,8,1531606848507,1531606848582,75,10.10.21.6
disparityBoltSub,444,9,1531606848515,1531606848585,70,10.10.21.7
disparityBoltSub,444,10,1531606848513,1531606848641,128,10.10.21.7
disparityBoltSub,444,11,1531606848518,1531606848641,123,10.10.21.7
disparityBoltSub,444,12,1531606848510,1531606848583,73,10.10.21.6
disparityBoltSub,444,13,1531606848510,1531606848581,71,10.10.21.6
disparityBoltSub,444,14,1531606848513,1531606848595,82,10.10.21.6
disparityBoltSub,444,15,1531606848512,1531606848588,76,10.10.21.6
disparityBoltSub,444,16,1531606848511,1531606848583,72,10.10.21.6
disparityBoltSub,444,17,1531606848513,1531606848591,78,10.10.21.6
disparityBoltSub,444,18,1531606848511,1531606848585,74,10.10.21.6
disparityBoltSub,444,19,1531606848516,1531606848593,77,10.10.21.7
disparityBoltSub,444,20,1531606848519,1531606848586,67,10.10.21.7
disparityBoltSub,444,21,1531606848520,1531606848595,75,10.10.21.7
disparityBoltSub,444,22,1531606848513,1531606848591,78,10.10.21.6
disparityBoltSub,444,23,1531606848517,1531606848589,72,10.10.21.7
disparityBoltSub,444,24,1531606848519,1531606848641,122,10.10.21.7
disparityBoltSub,444,25,1531606848521,1531606848644,123,10.10.21.7
disparityBoltSub,444,26,1531606848523,1531606848592,69,10.10.21.7
disparityBoltSub,444,27,1531606848522,1531606848588,66,10.10.21.7
disparityBoltSub,444,28,1531606848526,1531606848596,70,10.10.21.7
disparityBoltSub,444,29,1531606848517,1531606848588,71,10.10.21.6
disparityBoltSub,444,30,1531606848524,1531606848649,125,10.10.21.7
disparityBoltSub,444,31,1531606848519,1531606848561,42,10.10.21.6
disparityBolt,444,0,0,0,143,0
mergeBolt,444,0,1531606848651,1531606848667,16,10.10.21.6
reprojectionBolt,444,0,1531606848667,1531606848707,40,null
overall,444,0,1531606848409,1531606848707,298,0
videoSpout,445,0,1531606848913,1531606848917,4,10.10.21.7
rectificationBolt,445,0,1531606848938,1531606848968,30,10.10.21.6
partitionBolt,445,0,1531606848969,1531606848987,18,10.10.21.6
disparityBoltSub,445,0,1531606848990,1531606849035,45,10.10.21.6
disparityBoltSub,445,1,1531606848992,1531606849066,74,10.10.21.7
disparityBoltSub,445,2,1531606848989,1531606849079,90,10.10.21.6
disparityBoltSub,445,3,1531606848991,1531606849134,143,10.10.21.6
disparityBoltSub,445,4,1531606848989,1531606849083,94,10.10.21.6
disparityBoltSub,445,5,1531606848993,1531606849065,72,10.10.21.7
disparityBoltSub,445,6,1531606848992,1531606849065,73,10.10.21.6
disparityBoltSub,445,7,1531606849027,1531606849145,118,10.10.21.7
disparityBoltSub,445,8,1531606848996,1531606849065,69,10.10.21.7
disparityBoltSub,445,9,1531606849030,1531606849157,127,10.10.21.7
disparityBoltSub,445,10,1531606849029,1531606849098,69,10.10.21.7
disparityBoltSub,445,11,1531606848993,1531606849136,143,10.10.21.6
disparityBoltSub,445,12,1531606849032,1531606849142,110,10.10.21.7
disparityBoltSub,445,13,1531606848997,1531606849072,75,10.10.21.7
disparityBoltSub,445,14,1531606849027,1531606849117,90,10.10.21.7
disparityBoltSub,445,15,1531606848997,1531606849086,89,10.10.21.6
disparityBoltSub,445,16,1531606848997,1531606849066,69,10.10.21.6
disparityBoltSub,445,17,1531606849034,1531606849142,108,10.10.21.7
disparityBoltSub,445,18,1531606849028,1531606849114,86,10.10.21.6
disparityBoltSub,445,19,1531606849029,1531606849106,77,10.10.21.7
disparityBoltSub,445,20,1531606849036,1531606849110,74,10.10.21.7
disparityBoltSub,445,21,1531606849039,1531606849110,71,10.10.21.7
disparityBoltSub,445,22,1531606849037,1531606849112,75,10.10.21.7
disparityBoltSub,445,23,1531606849028,1531606849098,70,10.10.21.6
disparityBoltSub,445,24,1531606849041,1531606849112,71,10.10.21.7
disparityBoltSub,445,25,1531606849032,1531606849147,115,10.10.21.7
disparityBoltSub,445,26,1531606849032,1531606849101,69,10.10.21.6
disparityBoltSub,445,27,1531606849032,1531606849104,72,10.10.21.6
disparityBoltSub,445,28,1531606849042,1531606849114,72,10.10.21.7
disparityBoltSub,445,29,1531606849033,1531606849104,71,10.10.21.6
disparityBoltSub,445,30,1531606849031,1531606849102,71,10.10.21.6
disparityBoltSub,445,31,1531606849034,1531606849113,79,10.10.21.7
disparityBolt,445,0,0,0,168,0
mergeBolt,445,0,1531606849158,1531606849173,15,10.10.21.6
reprojectionBolt,445,0,1531606849173,1531606849213,40,null
overall,445,0,1531606848913,1531606849213,300,0
videoSpout,446,0,1531606849417,1531606849427,10,10.10.21.7
rectificationBolt,446,0,1531606849448,1531606849481,33,10.10.21.6
partitionBolt,446,0,1531606849481,1531606849499,18,10.10.21.6
disparityBoltSub,446,0,1531606849503,1531606849544,41,10.10.21.7
disparityBoltSub,446,1,1531606849504,1531606849578,74,10.10.21.7
disparityBoltSub,446,2,1531606849503,1531606849587,84,10.10.21.6
disparityBoltSub,446,3,1531606849501,1531606849574,73,10.10.21.6
disparityBoltSub,446,4,1531606849505,1531606849577,72,10.10.21.7
disparityBoltSub,446,5,1531606849502,1531606849573,71,10.10.21.6
disparityBoltSub,446,6,1531606849506,1531606849578,72,10.10.21.7
disparityBoltSub,446,7,1531606849504,1531606849574,70,10.10.21.6
disparityBoltSub,446,8,1531606849508,1531606849580,72,10.10.21.7
disparityBoltSub,446,9,1531606849507,1531606849613,106,10.10.21.7
disparityBoltSub,446,10,1531606849511,1531606849584,73,10.10.21.7
disparityBoltSub,446,11,1531606849506,1531606849578,72,10.10.21.6
disparityBoltSub,446,12,1531606849507,1531606849575,68,10.10.21.6
disparityBoltSub,446,13,1531606849512,1531606849584,72,10.10.21.7
disparityBoltSub,446,14,1531606849506,1531606849577,71,10.10.21.6
disparityBoltSub,446,15,1531606849514,1531606849586,72,10.10.21.7
disparityBoltSub,446,16,1531606849509,1531606849619,110,10.10.21.6
disparityBoltSub,446,17,1531606849510,1531606849623,113,10.10.21.6
disparityBoltSub,446,18,1531606849509,1531606849582,73,10.10.21.6
disparityBoltSub,446,19,1531606849515,1531606849591,76,10.10.21.7
disparityBoltSub,446,20,1531606849511,1531606849587,76,10.10.21.6
disparityBoltSub,446,21,1531606849512,1531606849584,72,10.10.21.6
disparityBoltSub,446,22,1531606849510,1531606849584,74,10.10.21.6
disparityBoltSub,446,23,1531606849510,1531606849581,71,10.10.21.6
disparityBoltSub,446,24,1531606849511,1531606849580,69,10.10.21.6
disparityBoltSub,446,25,1531606849514,1531606849591,77,10.10.21.7
disparityBoltSub,446,26,1531606849516,1531606849622,106,10.10.21.7
disparityBoltSub,446,27,1531606849514,1531606849626,112,10.10.21.6
disparityBoltSub,446,28,1531606849513,1531606849584,71,10.10.21.6
disparityBoltSub,446,29,1531606849518,1531606849590,72,10.10.21.7
disparityBoltSub,446,30,1531606849521,1531606849592,71,10.10.21.6
disparityBoltSub,446,31,1531606849513,1531606849591,78,10.10.21.6
disparityBolt,446,0,0,0,125,0
mergeBolt,446,0,1531606849627,1531606849642,15,10.10.21.6
reprojectionBolt,446,0,1531606849642,1531606849688,46,null
overall,446,0,1531606849417,1531606849688,271,0
videoSpout,447,0,1531606849928,1531606849932,4,10.10.21.7
rectificationBolt,447,0,1531606849953,1531606849985,32,10.10.21.6
partitionBolt,447,0,1531606849985,1531606850006,21,10.10.21.6
disparityBoltSub,447,0,1531606850009,1531606850049,40,10.10.21.7
disparityBoltSub,447,1,1531606850010,1531606850089,79,10.10.21.6
disparityBoltSub,447,2,1531606850010,1531606850081,71,10.10.21.6
disparityBoltSub,447,3,1531606850011,1531606850119,108,10.10.21.6
disparityBoltSub,447,4,1531606850009,1531606850080,71,10.10.21.6
disparityBoltSub,447,5,1531606850008,1531606850083,75,10.10.21.6
disparityBoltSub,447,6,1531606850012,1531606850083,71,10.10.21.6
disparityBoltSub,447,7,1531606850010,1531606850079,69,10.10.21.6
disparityBoltSub,447,8,1531606850012,1531606850082,70,10.10.21.7
disparityBoltSub,447,9,1531606850015,1531606850088,73,10.10.21.7
disparityBoltSub,447,10,1531606850013,1531606850086,73,10.10.21.7
disparityBoltSub,447,11,1531606850016,1531606850119,103,10.10.21.7
disparityBoltSub,447,12,1531606850019,1531606850124,105,10.10.21.7
disparityBoltSub,447,13,1531606850012,1531606850083,71,10.10.21.6
disparityBoltSub,447,14,1531606850020,1531606850149,129,10.10.21.7
disparityBoltSub,447,15,1531606850015,1531606850089,74,10.10.21.6
disparityBoltSub,447,16,1531606850021,1531606850094,73,10.10.21.7
disparityBoltSub,447,17,1531606850014,1531606850086,72,10.10.21.6
disparityBoltSub,447,18,1531606850024,1531606850097,73,10.10.21.7
disparityBoltSub,447,19,1531606850022,1531606850153,131,10.10.21.7
disparityBoltSub,447,20,1531606850016,1531606850092,76,10.10.21.6
disparityBoltSub,447,21,1531606850025,1531606850097,72,10.10.21.7
disparityBoltSub,447,22,1531606850017,1531606850091,74,10.10.21.6
disparityBoltSub,447,23,1531606850019,1531606850093,74,10.10.21.6
disparityBoltSub,447,24,1531606850026,1531606850154,128,10.10.21.7
disparityBoltSub,447,25,1531606850019,1531606850093,74,10.10.21.6
disparityBoltSub,447,26,1531606850028,1531606850155,127,10.10.21.7
disparityBoltSub,447,27,1531606850023,1531606850099,76,10.10.21.6
disparityBoltSub,447,28,1531606850022,1531606850091,69,10.10.21.6
disparityBoltSub,447,29,1531606850021,1531606850126,105,10.10.21.6
disparityBoltSub,447,30,1531606850029,1531606850100,71,10.10.21.7
disparityBoltSub,447,31,1531606850021,1531606850063,42,10.10.21.6
disparityBolt,447,0,0,0,147,0
mergeBolt,447,0,1531606850156,1531606850171,15,10.10.21.6
reprojectionBolt,447,0,1531606850171,1531606850210,39,null
overall,447,0,1531606849928,1531606850210,282,0
videoSpout,448,0,1531606850432,1531606850437,5,10.10.21.7
rectificationBolt,448,0,1531606850458,1531606850489,31,10.10.21.6
partitionBolt,448,0,1531606850489,1531606850513,24,10.10.21.6
disparityBoltSub,448,0,1531606850516,1531606850562,46,10.10.21.6
disparityBoltSub,448,1,1531606850518,1531606850600,82,10.10.21.7
disparityBoltSub,448,2,1531606850520,1531606850600,80,10.10.21.7
disparityBoltSub,448,3,1531606850519,1531606850591,72,10.10.21.7
disparityBoltSub,448,4,1531606850521,1531606850592,71,10.10.21.7
disparityBoltSub,448,5,1531606850523,1531606850600,77,10.10.21.7
disparityBoltSub,448,6,1531606850517,1531606850597,80,10.10.21.6
disparityBoltSub,448,7,1531606850517,1531606850640,123,10.10.21.6
disparityBoltSub,448,8,1531606850523,1531606850600,77,10.10.21.7
disparityBoltSub,448,9,1531606850524,1531606850594,70,10.10.21.7
disparityBoltSub,448,10,1531606850523,1531606850595,72,10.10.21.7
disparityBoltSub,448,11,1531606850521,1531606850653,132,10.10.21.6
disparityBoltSub,448,12,1531606850522,1531606850643,121,10.10.21.6
disparityBoltSub,448,13,1531606850524,1531606850601,77,10.10.21.7
disparityBoltSub,448,14,1531606850526,1531606850604,78,10.10.21.7
disparityBoltSub,448,15,1531606850521,1531606850643,122,10.10.21.6
disparityBoltSub,448,16,1531606850523,1531606850593,70,10.10.21.6
disparityBoltSub,448,17,1531606850522,1531606850600,78,10.10.21.6
disparityBoltSub,448,18,1531606850523,1531606850657,134,10.10.21.6
disparityBoltSub,448,19,1531606850523,1531606850649,126,10.10.21.6
disparityBoltSub,448,20,1531606850523,1531606850599,76,10.10.21.6
disparityBoltSub,448,21,1531606850523,1531606850600,77,10.10.21.6
disparityBoltSub,448,22,1531606850528,1531606850603,75,10.10.21.7
disparityBoltSub,448,23,1531606850526,1531606850598,72,10.10.21.7
disparityBoltSub,448,24,1531606850527,1531606850597,70,10.10.21.7
disparityBoltSub,448,25,1531606850530,1531606850603,73,10.10.21.7
disparityBoltSub,448,26,1531606850532,1531606850618,86,10.10.21.7
disparityBoltSub,448,27,1531606850527,1531606850606,79,10.10.21.6
disparityBoltSub,448,28,1531606850531,1531606850609,78,10.10.21.6
disparityBoltSub,448,29,1531606850533,1531606850617,84,10.10.21.7
disparityBoltSub,448,30,1531606850534,1531606850657,123,10.10.21.7
disparityBoltSub,448,31,1531606850535,1531606850622,87,10.10.21.7
disparityBolt,448,0,0,0,141,0
mergeBolt,448,0,1531606850658,1531606850675,17,10.10.21.6
reprojectionBolt,448,0,1531606850675,1531606850715,40,null
overall,448,0,1531606850432,1531606850715,283,0
videoSpout,449,0,1531606850937,1531606850941,4,10.10.21.7
rectificationBolt,449,0,1531606850963,1531606850993,30,10.10.21.6
partitionBolt,449,0,1531606850993,1531606851012,19,10.10.21.6
disparityBoltSub,449,0,1531606851012,1531606851066,54,10.10.21.6
disparityBoltSub,449,1,1531606851015,1531606851090,75,10.10.21.7
disparityBoltSub,449,2,1531606851016,1531606851099,83,10.10.21.6
disparityBoltSub,449,3,1531606851017,1531606851091,74,10.10.21.6
disparityBoltSub,449,4,1531606851014,1531606851148,134,10.10.21.6
disparityBoltSub,449,5,1531606851018,1531606851090,72,10.10.21.6
disparityBoltSub,449,6,1531606851017,1531606851090,73,10.10.21.7
disparityBoltSub,449,7,1531606851019,1531606851096,77,10.10.21.6
disparityBoltSub,449,8,1531606851019,1531606851097,78,10.10.21.6
disparityBoltSub,449,9,1531606851020,1531606851089,69,10.10.21.7
disparityBoltSub,449,10,1531606851020,1531606851109,89,10.10.21.6
disparityBoltSub,449,11,1531606851020,1531606851094,74,10.10.21.7
disparityBoltSub,449,12,1531606851020,1531606851102,82,10.10.21.6
disparityBoltSub,449,13,1531606851019,1531606851100,81,10.10.21.6
disparityBoltSub,449,14,1531606851021,1531606851091,70,10.10.21.7
disparityBoltSub,449,15,1531606851022,1531606851089,67,10.10.21.7
disparityBoltSub,449,16,1531606851022,1531606851092,70,10.10.21.6
disparityBoltSub,449,17,1531606851023,1531606851097,74,10.10.21.6
disparityBoltSub,449,18,1531606851021,1531606851152,131,10.10.21.6
disparityBoltSub,449,19,1531606851024,1531606851105,81,10.10.21.6
disparityBoltSub,449,20,1531606851025,1531606851098,73,10.10.21.7
disparityBoltSub,449,21,1531606851048,1531606851118,70,10.10.21.7
disparityBoltSub,449,22,1531606851025,1531606851104,79,10.10.21.7
disparityBoltSub,449,23,1531606851023,1531606851100,77,10.10.21.6
disparityBoltSub,449,24,1531606851026,1531606851115,89,10.10.21.6
disparityBoltSub,449,25,1531606851046,1531606851117,71,10.10.21.6
disparityBoltSub,449,26,1531606851048,1531606851118,70,10.10.21.7
disparityBoltSub,449,27,1531606851048,1531606851126,78,10.10.21.6
disparityBoltSub,449,28,1531606851045,1531606851118,73,10.10.21.6
disparityBoltSub,449,29,1531606851049,1531606851124,75,10.10.21.6
disparityBoltSub,449,30,1531606851048,1531606851118,70,10.10.21.7
disparityBoltSub,449,31,1531606851047,1531606851088,41,10.10.21.6
disparityBolt,449,0,0,0,140,0
mergeBolt,449,0,1531606851153,1531606851168,15,10.10.21.6
reprojectionBolt,449,0,1531606851168,1531606851208,40,null
overall,449,0,1531606850937,1531606851208,271,0
videoSpout,450,0,1531606851441,1531606851446,5,10.10.21.7
rectificationBolt,450,0,1531606851467,1531606851497,30,10.10.21.6
partitionBolt,450,0,1531606851497,1531606851515,18,10.10.21.6
disparityBoltSub,450,0,1531606851519,1531606851562,43,10.10.21.7
disparityBoltSub,450,1,1531606851517,1531606851590,73,10.10.21.6
disparityBoltSub,450,2,1531606851521,1531606851595,74,10.10.21.7
disparityBoltSub,450,3,1531606851520,1531606851596,76,10.10.21.7
disparityBoltSub,450,4,1531606851521,1531606851596,75,10.10.21.6
disparityBoltSub,450,5,1531606851523,1531606851593,70,10.10.21.7
disparityBoltSub,450,6,1531606851524,1531606851593,69,10.10.21.7
disparityBoltSub,450,7,1531606851522,1531606851602,80,10.10.21.6
disparityBoltSub,450,8,1531606851523,1531606851598,75,10.10.21.7
disparityBoltSub,450,9,1531606851528,1531606851602,74,10.10.21.6
disparityBoltSub,450,10,1531606851526,1531606851597,71,10.10.21.7
disparityBoltSub,450,11,1531606851529,1531606851600,71,10.10.21.6
disparityBoltSub,450,12,1531606851526,1531606851600,74,10.10.21.7
disparityBoltSub,450,13,1531606851528,1531606851601,73,10.10.21.7
disparityBoltSub,450,14,1531606851530,1531606851604,74,10.10.21.6
disparityBoltSub,450,15,1531606851531,1531606851602,71,10.10.21.6
disparityBoltSub,450,16,1531606851525,1531606851602,77,10.10.21.6
disparityBoltSub,450,17,1531606851525,1531606851600,75,10.10.21.6
disparityBoltSub,450,18,1531606851525,1531606851643,118,10.10.21.6
disparityBoltSub,450,19,1531606851525,1531606851598,73,10.10.21.6
disparityBoltSub,450,20,1531606851532,1531606851636,104,10.10.21.6
disparityBoltSub,450,21,1531606851526,1531606851602,76,10.10.21.6
disparityBoltSub,450,22,1531606851531,1531606851609,78,10.10.21.7
disparityBoltSub,450,23,1531606851530,1531606851606,76,10.10.21.7
disparityBoltSub,450,24,1531606851527,1531606851603,76,10.10.21.6
disparityBoltSub,450,25,1531606851532,1531606851620,88,10.10.21.6
disparityBoltSub,450,26,1531606851531,1531606851601,70,10.10.21.7
disparityBoltSub,450,27,1531606851534,1531606851608,74,10.10.21.7
disparityBoltSub,450,28,1531606851533,1531606851605,72,10.10.21.7
disparityBoltSub,450,29,1531606851533,1531606851605,72,10.10.21.6
disparityBoltSub,450,30,1531606851536,1531606851611,75,10.10.21.7
disparityBoltSub,450,31,1531606851537,1531606851580,43,10.10.21.7
disparityBolt,450,0,0,0,126,0
mergeBolt,450,0,1531606851643,1531606851659,16,10.10.21.6
reprojectionBolt,450,0,1531606851659,1531606851698,39,null
overall,450,0,1531606851441,1531606851698,257,0
videoSpout,451,0,1531606851946,1531606851950,4,10.10.21.7
rectificationBolt,451,0,1531606852013,1531606852035,22,10.10.21.6
partitionBolt,451,0,1531606852035,1531606852053,18,10.10.21.6
disparityBoltSub,451,0,1531606852056,1531606852101,45,10.10.21.7
disparityBoltSub,451,1,1531606852054,1531606852125,71,10.10.21.6
disparityBoltSub,451,2,1531606852055,1531606852124,69,10.10.21.6
disparityBoltSub,451,3,1531606852057,1531606852124,67,10.10.21.7
disparityBoltSub,451,4,1531606852055,1531606852124,69,10.10.21.6
disparityBoltSub,451,5,1531606852058,1531606852130,72,10.10.21.6
disparityBoltSub,451,6,1531606852057,1531606852132,75,10.10.21.6
disparityBoltSub,451,7,1531606852060,1531606852132,72,10.10.21.7
disparityBoltSub,451,8,1531606852061,1531606852132,71,10.10.21.7
disparityBoltSub,451,9,1531606852060,1531606852131,71,10.10.21.6
disparityBoltSub,451,10,1531606852063,1531606852136,73,10.10.21.7
disparityBoltSub,451,11,1531606852060,1531606852133,73,10.10.21.6
disparityBoltSub,451,12,1531606852064,1531606852137,73,10.10.21.7
disparityBoltSub,451,13,1531606852062,1531606852183,121,10.10.21.6
disparityBoltSub,451,14,1531606852061,1531606852135,74,10.10.21.6
disparityBoltSub,451,15,1531606852064,1531606852138,74,10.10.21.6
disparityBoltSub,451,16,1531606852061,1531606852132,71,10.10.21.6
disparityBoltSub,451,17,1531606852064,1531606852142,78,10.10.21.6
disparityBoltSub,451,18,1531606852066,1531606852189,123,10.10.21.6
disparityBoltSub,451,19,1531606852067,1531606852142,75,10.10.21.6
disparityBoltSub,451,20,1531606852062,1531606852136,74,10.10.21.6
disparityBoltSub,451,21,1531606852065,1531606852141,76,10.10.21.7
disparityBoltSub,451,22,1531606852064,1531606852139,75,10.10.21.6
disparityBoltSub,451,23,1531606852068,1531606852138,70,10.10.21.6
disparityBoltSub,451,24,1531606852065,1531606852134,69,10.10.21.6
disparityBoltSub,451,25,1531606852066,1531606852141,75,10.10.21.7
disparityBoltSub,451,26,1531606852070,1531606852142,72,10.10.21.7
disparityBoltSub,451,27,1531606852068,1531606852140,72,10.10.21.7
disparityBoltSub,451,28,1531606852070,1531606852139,69,10.10.21.7
disparityBoltSub,451,29,1531606852069,1531606852141,72,10.10.21.6
disparityBoltSub,451,30,1531606852070,1531606852139,69,10.10.21.6
disparityBoltSub,451,31,1531606852068,1531606852108,40,10.10.21.6
disparityBolt,451,0,0,0,135,0
mergeBolt,451,0,1531606852190,1531606852206,16,10.10.21.6
reprojectionBolt,451,0,1531606852206,1531606852245,39,null
overall,451,0,1531606851946,1531606852245,299,0
videoSpout,452,0,1531606852450,1531606852454,4,10.10.21.7
rectificationBolt,452,0,1531606852476,1531606852507,31,10.10.21.6
partitionBolt,452,0,1531606852507,1531606852527,20,10.10.21.6
disparityBoltSub,452,0,1531606852533,1531606852577,44,10.10.21.7
disparityBoltSub,452,1,1531606852528,1531606852602,74,10.10.21.6
disparityBoltSub,452,2,1531606852532,1531606852609,77,10.10.21.7
disparityBoltSub,452,3,1531606852534,1531606852610,76,10.10.21.7
disparityBoltSub,452,4,1531606852533,1531606852607,74,10.10.21.7
disparityBoltSub,452,5,1531606852530,1531606852655,125,10.10.21.6
disparityBoltSub,452,6,1531606852535,1531606852602,67,10.10.21.7
disparityBoltSub,452,7,1531606852548,1531606852624,76,10.10.21.7
disparityBoltSub,452,8,1531606852546,1531606852675,129,10.10.21.7
disparityBoltSub,452,9,1531606852548,1531606852624,76,10.10.21.7
disparityBoltSub,452,10,1531606852547,1531606852641,94,10.10.21.6
disparityBoltSub,452,11,1531606852548,1531606852671,123,10.10.21.6
disparityBoltSub,452,12,1531606852550,1531606852638,88,10.10.21.6
disparityBoltSub,452,13,1531606852547,1531606852624,77,10.10.21.6
disparityBoltSub,452,14,1531606852550,1531606852622,72,10.10.21.6
disparityBoltSub,452,15,1531606852551,1531606852626,75,10.10.21.6
disparityBoltSub,452,16,1531606852551,1531606852627,76,10.10.21.7
disparityBoltSub,452,17,1531606852552,1531606852629,77,10.10.21.6
disparityBoltSub,452,18,1531606852549,1531606852624,75,10.10.21.6
disparityBoltSub,452,19,1531606852553,1531606852627,74,10.10.21.6
disparityBoltSub,452,20,1531606852551,1531606852626,75,10.10.21.6
disparityBoltSub,452,21,1531606852551,1531606852624,73,10.10.21.6
disparityBoltSub,452,22,1531606852554,1531606852632,78,10.10.21.6
disparityBoltSub,452,23,1531606852555,1531606852630,75,10.10.21.6
disparityBoltSub,452,24,1531606852556,1531606852628,72,10.10.21.6
disparityBoltSub,452,25,1531606852554,1531606852626,72,10.10.21.6
disparityBoltSub,452,26,1531606852554,1531606852629,75,10.10.21.6
disparityBoltSub,452,27,1531606852557,1531606852629,72,10.10.21.6
disparityBoltSub,452,28,1531606852558,1531606852680,122,10.10.21.7
disparityBoltSub,452,29,1531606852558,1531606852628,70,10.10.21.6
disparityBoltSub,452,30,1531606852556,1531606852625,69,10.10.21.6
disparityBoltSub,452,31,1531606852558,1531606852599,41,10.10.21.7
disparityBolt,452,0,0,0,152,0
mergeBolt,452,0,1531606852682,1531606852698,16,10.10.21.6
reprojectionBolt,452,0,1531606852698,1531606852737,39,null
overall,452,0,1531606852450,1531606852737,287,0
videoSpout,453,0,1531606852954,1531606852959,5,10.10.21.7
rectificationBolt,453,0,1531606852979,1531606853006,27,10.10.21.6
partitionBolt,453,0,1531606853006,1531606853025,19,10.10.21.6
disparityBoltSub,453,0,1531606853025,1531606853069,44,10.10.21.6
disparityBoltSub,453,1,1531606853029,1531606853101,72,10.10.21.7
disparityBoltSub,453,2,1531606853029,1531606853105,76,10.10.21.6
disparityBoltSub,453,3,1531606853030,1531606853103,73,10.10.21.7
disparityBoltSub,453,4,1531606853031,1531606853151,120,10.10.21.7
disparityBoltSub,453,5,1531606853030,1531606853103,73,10.10.21.6
disparityBoltSub,453,6,1531606853029,1531606853098,69,10.10.21.6
disparityBoltSub,453,7,1531606853032,1531606853104,72,10.10.21.6
disparityBoltSub,453,8,1531606853030,1531606853105,75,10.10.21.6
disparityBoltSub,453,9,1531606853033,1531606853153,120,10.10.21.7
disparityBoltSub,453,10,1531606853033,1531606853102,69,10.10.21.7
disparityBoltSub,453,11,1531606853038,1531606853109,71,10.10.21.6
disparityBoltSub,453,12,1531606853040,1531606853113,73,10.10.21.6
disparityBoltSub,453,13,1531606853037,1531606853109,72,10.10.21.6
disparityBoltSub,453,14,1531606853035,1531606853107,72,10.10.21.7
disparityBoltSub,453,15,1531606853040,1531606853110,70,10.10.21.6
disparityBoltSub,453,16,1531606853033,1531606853153,120,10.10.21.6
disparityBoltSub,453,17,1531606853034,1531606853112,78,10.10.21.6
disparityBoltSub,453,18,1531606853041,1531606853163,122,10.10.21.6
disparityBoltSub,453,19,1531606853035,1531606853110,75,10.10.21.6
disparityBoltSub,453,20,1531606853037,1531606853111,74,10.10.21.7
disparityBoltSub,453,21,1531606853035,1531606853111,76,10.10.21.6
disparityBoltSub,453,22,1531606853041,1531606853114,73,10.10.21.7
disparityBoltSub,453,23,1531606853039,1531606853110,71,10.10.21.7
disparityBoltSub,453,24,1531606853044,1531606853115,71,10.10.21.7
disparityBoltSub,453,25,1531606853043,1531606853115,72,10.10.21.7
disparityBoltSub,453,26,1531606853042,1531606853114,72,10.10.21.7
disparityBoltSub,453,27,1531606853041,1531606853113,72,10.10.21.7
disparityBoltSub,453,28,1531606853042,1531606853114,72,10.10.21.6
disparityBoltSub,453,29,1531606853045,1531606853115,70,10.10.21.7
disparityBoltSub,453,30,1531606853047,1531606853116,69,10.10.21.7
disparityBoltSub,453,31,1531606853048,1531606853088,40,10.10.21.7
disparityBolt,453,0,0,0,138,0
mergeBolt,453,0,1531606853164,1531606853178,14,10.10.21.6
reprojectionBolt,453,0,1531606853178,1531606853232,54,null
overall,453,0,1531606852954,1531606853232,278,0
videoSpout,454,0,1531606853459,1531606853463,4,10.10.21.7
rectificationBolt,454,0,1531606853484,1531606853514,30,10.10.21.6
partitionBolt,454,0,1531606853515,1531606853533,18,10.10.21.6
disparityBoltSub,454,0,1531606853536,1531606853578,42,10.10.21.6
disparityBoltSub,454,1,1531606853534,1531606853610,76,10.10.21.6
disparityBoltSub,454,2,1531606853535,1531606853605,70,10.10.21.6
disparityBoltSub,454,3,1531606853536,1531606853607,71,10.10.21.6
disparityBoltSub,454,4,1531606853538,1531606853645,107,10.10.21.7
disparityBoltSub,454,5,1531606853538,1531606853609,71,10.10.21.6
disparityBoltSub,454,6,1531606853541,1531606853624,83,10.10.21.7
disparityBoltSub,454,7,1531606853540,1531606853613,73,10.10.21.7
disparityBoltSub,454,8,1531606853541,1531606853613,72,10.10.21.6
disparityBoltSub,454,9,1531606853538,1531606853613,75,10.10.21.6
disparityBoltSub,454,10,1531606853543,1531606853614,71,10.10.21.7
disparityBoltSub,454,11,1531606853541,1531606853616,75,10.10.21.7
disparityBoltSub,454,12,1531606853540,1531606853611,71,10.10.21.6
disparityBoltSub,454,13,1531606853546,1531606853617,71,10.10.21.7
disparityBoltSub,454,14,1531606853544,1531606853616,72,10.10.21.7
disparityBoltSub,454,15,1531606853544,1531606853619,75,10.10.21.6
disparityBoltSub,454,16,1531606853544,1531606853624,80,10.10.21.6
disparityBoltSub,454,17,1531606853545,1531606853620,75,10.10.21.7
disparityBoltSub,454,18,1531606853547,1531606853620,73,10.10.21.7
disparityBoltSub,454,19,1531606853547,1531606853620,73,10.10.21.7
disparityBoltSub,454,20,1531606853546,1531606853635,89,10.10.21.6
disparityBoltSub,454,21,1531606853549,1531606853626,77,10.10.21.7
disparityBoltSub,454,22,1531606853551,1531606853660,109,10.10.21.7
disparityBoltSub,454,23,1531606853546,1531606853619,73,10.10.21.6
disparityBoltSub,454,24,1531606853548,1531606853624,76,10.10.21.6
disparityBoltSub,454,25,1531606853550,1531606853633,83,10.10.21.6
disparityBoltSub,454,26,1531606853549,1531606853634,85,10.10.21.6
disparityBoltSub,454,27,1531606853550,1531606853637,87,10.10.21.7
disparityBoltSub,454,28,1531606853548,1531606853625,77,10.10.21.6
disparityBoltSub,454,29,1531606853551,1531606853630,79,10.10.21.6
disparityBoltSub,454,30,1531606853551,1531606853623,72,10.10.21.7
disparityBoltSub,454,31,1531606853552,1531606853592,40,10.10.21.7
disparityBolt,454,0,0,0,126,0
mergeBolt,454,0,1531606853661,1531606853677,16,10.10.21.6
reprojectionBolt,454,0,1531606853677,1531606853717,40,null
overall,454,0,1531606853459,1531606853717,258,0
videoSpout,455,0,1531606853963,1531606853967,4,10.10.21.7
rectificationBolt,455,0,1531606853984,1531606854015,31,10.10.21.6
partitionBolt,455,0,1531606854015,1531606854054,39,10.10.21.6
disparityBoltSub,455,0,1531606854055,1531606854139,84,10.10.21.6
disparityBoltSub,455,1,1531606854058,1531606854173,115,10.10.21.7
disparityBoltSub,455,2,1531606854058,1531606854145,87,10.10.21.6
disparityBoltSub,455,3,1531606854060,1531606854179,119,10.10.21.7
disparityBoltSub,455,4,1531606854059,1531606854135,76,10.10.21.6
disparityBoltSub,455,5,1531606854059,1531606854129,70,10.10.21.6
disparityBoltSub,455,6,1531606854061,1531606854130,69,10.10.21.7
disparityBoltSub,455,7,1531606854062,1531606854182,120,10.10.21.7
disparityBoltSub,455,8,1531606854059,1531606854129,70,10.10.21.6
disparityBoltSub,455,9,1531606854061,1531606854136,75,10.10.21.6
disparityBoltSub,455,10,1531606854061,1531606854184,123,10.10.21.6
disparityBoltSub,455,11,1531606854062,1531606854130,68,10.10.21.7
disparityBoltSub,455,12,1531606854064,1531606854198,134,10.10.21.6
disparityBoltSub,455,13,1531606854060,1531606854159,99,10.10.21.6
disparityBoltSub,455,14,1531606854063,1531606854134,71,10.10.21.6
disparityBoltSub,455,15,1531606854064,1531606854135,71,10.10.21.6
disparityBoltSub,455,16,1531606854065,1531606854133,68,10.10.21.7
disparityBoltSub,455,17,1531606854066,1531606854141,75,10.10.21.7
disparityBoltSub,455,18,1531606854063,1531606854189,126,10.10.21.6
disparityBoltSub,455,19,1531606854065,1531606854144,79,10.10.21.6
disparityBoltSub,455,20,1531606854066,1531606854143,77,10.10.21.6
disparityBoltSub,455,21,1531606854064,1531606854139,75,10.10.21.6
disparityBoltSub,455,22,1531606854064,1531606854144,80,10.10.21.6
disparityBoltSub,455,23,1531606854069,1531606854187,118,10.10.21.7
disparityBoltSub,455,24,1531606854068,1531606854186,118,10.10.21.7
disparityBoltSub,455,25,1531606854068,1531606854205,137,10.10.21.6
disparityBoltSub,455,26,1531606854069,1531606854140,71,10.10.21.6
disparityBoltSub,455,27,1531606854070,1531606854138,68,10.10.21.7
disparityBoltSub,455,28,1531606854070,1531606854138,68,10.10.21.6
disparityBoltSub,455,29,1531606854072,1531606854187,115,10.10.21.7
disparityBoltSub,455,30,1531606854071,1531606854183,112,10.10.21.6
disparityBoltSub,455,31,1531606854071,1531606854150,79,10.10.21.6
disparityBolt,455,0,0,0,150,0
mergeBolt,455,0,1531606854206,1531606854222,16,10.10.21.6
reprojectionBolt,455,0,1531606854222,1531606854261,39,null
overall,455,0,1531606853963,1531606854261,298,0
videoSpout,456,0,1531606854467,1531606854471,4,10.10.21.7
rectificationBolt,456,0,1531606854488,1531606854517,29,10.10.21.6
partitionBolt,456,0,1531606854517,1531606854536,19,10.10.21.6
disparityBoltSub,456,0,1531606854539,1531606854612,73,10.10.21.7
disparityBoltSub,456,1,1531606854537,1531606854632,95,10.10.21.6
disparityBoltSub,456,2,1531606854541,1531606854618,77,10.10.21.7
disparityBoltSub,456,3,1531606854541,1531606854616,75,10.10.21.6
disparityBoltSub,456,4,1531606854542,1531606854610,68,10.10.21.7
disparityBoltSub,456,5,1531606854553,1531606854665,112,10.10.21.7
disparityBoltSub,456,6,1531606854539,1531606854632,93,10.10.21.6
disparityBoltSub,456,7,1531606854552,1531606854665,113,10.10.21.7
disparityBoltSub,456,8,1531606854543,1531606854613,70,10.10.21.6
disparityBoltSub,456,9,1531606854543,1531606854614,71,10.10.21.7
disparityBoltSub,456,10,1531606854545,1531606854622,77,10.10.21.6
disparityBoltSub,456,11,1531606854544,1531606854616,72,10.10.21.6
disparityBoltSub,456,12,1531606854543,1531606854632,89,10.10.21.6
disparityBoltSub,456,13,1531606854556,1531606854625,69,10.10.21.7
disparityBoltSub,456,14,1531606854557,1531606854629,72,10.10.21.7
disparityBoltSub,456,15,1531606854546,1531606854617,71,10.10.21.6
disparityBoltSub,456,16,1531606854549,1531606854653,104,10.10.21.7
disparityBoltSub,456,17,1531606854548,1531606854624,76,10.10.21.7
disparityBoltSub,456,18,1531606854559,1531606854630,71,10.10.21.7
disparityBoltSub,456,19,1531606854559,1531606854635,76,10.10.21.7
disparityBoltSub,456,20,1531606854554,1531606854632,78,10.10.21.6
disparityBoltSub,456,21,1531606854563,1531606854643,80,10.10.21.7
disparityBoltSub,456,22,1531606854561,1531606854632,71,10.10.21.7
disparityBoltSub,456,23,1531606854548,1531606854632,84,10.10.21.6
disparityBoltSub,456,24,1531606854564,1531606854638,74,10.10.21.7
disparityBoltSub,456,25,1531606854549,1531606854632,83,10.10.21.6
disparityBoltSub,456,26,1531606854565,1531606854635,70,10.10.21.7
disparityBoltSub,456,27,1531606854552,1531606854634,82,10.10.21.6
disparityBoltSub,456,28,1531606854566,1531606854634,68,10.10.21.7
disparityBoltSub,456,29,1531606854553,1531606854629,76,10.10.21.7
disparityBoltSub,456,30,1531606854551,1531606854632,81,10.10.21.6
disparityBoltSub,456,31,1531606854551,1531606854592,41,10.10.21.6
disparityBolt,456,0,0,0,128,0
mergeBolt,456,0,1531606854667,1531606854681,14,10.10.21.6
reprojectionBolt,456,0,1531606854681,1531606854719,38,null
overall,456,0,1531606854467,1531606854719,252,0
videoSpout,457,0,1531606854972,1531606854976,4,10.10.21.7
rectificationBolt,457,0,1531606854993,1531606855024,31,10.10.21.6
partitionBolt,457,0,1531606855024,1531606855043,19,10.10.21.6
disparityBoltSub,457,0,1531606855046,1531606855089,43,10.10.21.7
disparityBoltSub,457,1,1531606855047,1531606855123,76,10.10.21.6
disparityBoltSub,457,2,1531606855048,1531606855115,67,10.10.21.7
disparityBoltSub,457,3,1531606855045,1531606855118,73,10.10.21.6
disparityBoltSub,457,4,1531606855045,1531606855120,75,10.10.21.6
disparityBoltSub,457,5,1531606855048,1531606855119,71,10.10.21.7
disparityBoltSub,457,6,1531606855046,1531606855118,72,10.10.21.6
disparityBoltSub,457,7,1531606855046,1531606855118,72,10.10.21.6
disparityBoltSub,457,8,1531606855049,1531606855123,74,10.10.21.6
disparityBoltSub,457,9,1531606855049,1531606855128,79,10.10.21.6
disparityBoltSub,457,10,1531606855051,1531606855125,74,10.10.21.7
disparityBoltSub,457,11,1531606855052,1531606855122,70,10.10.21.7
disparityBoltSub,457,12,1531606855051,1531606855127,76,10.10.21.6
disparityBoltSub,457,13,1531606855053,1531606855121,68,10.10.21.7
disparityBoltSub,457,14,1531606855053,1531606855123,70,10.10.21.7
disparityBoltSub,457,15,1531606855056,1531606855128,72,10.10.21.7
disparityBoltSub,457,16,1531606855051,1531606855122,71,10.10.21.6
disparityBoltSub,457,17,1531606855060,1531606855134,74,10.10.21.7
disparityBoltSub,457,18,1531606855055,1531606855130,75,10.10.21.6
disparityBoltSub,457,19,1531606855057,1531606855136,79,10.10.21.6
disparityBoltSub,457,20,1531606855059,1531606855133,74,10.10.21.7
disparityBoltSub,457,21,1531606855058,1531606855133,75,10.10.21.7
disparityBoltSub,457,22,1531606855058,1531606855140,82,10.10.21.6
disparityBoltSub,457,23,1531606855059,1531606855136,77,10.10.21.6
disparityBoltSub,457,24,1531606855060,1531606855135,75,10.10.21.6
disparityBoltSub,457,25,1531606855060,1531606855171,111,10.10.21.6
disparityBoltSub,457,26,1531606855061,1531606855201,140,10.10.21.6
disparityBoltSub,457,27,1531606855062,1531606855135,73,10.10.21.6
disparityBoltSub,457,28,1531606855060,1531606855128,68,10.10.21.7
disparityBoltSub,457,29,1531606855057,1531606855165,108,10.10.21.6
disparityBoltSub,457,30,1531606855057,1531606855198,141,10.10.21.6
disparityBoltSub,457,31,1531606855061,1531606855102,41,10.10.21.7
disparityBolt,457,0,0,0,156,0
mergeBolt,457,0,1531606855202,1531606855218,16,10.10.21.6
reprojectionBolt,457,0,1531606855218,1531606855257,39,null
overall,457,0,1531606854972,1531606855257,285,0
videoSpout,458,0,1531606855476,1531606855480,4,10.10.21.7
rectificationBolt,458,0,1531606855499,1531606855542,43,10.10.21.6
partitionBolt,458,0,1531606855542,1531606855560,18,10.10.21.6
disparityBoltSub,458,0,1531606855564,1531606855642,78,10.10.21.7
disparityBoltSub,458,1,1531606855566,1531606855639,73,10.10.21.7
disparityBoltSub,458,2,1531606855567,1531606855641,74,10.10.21.7
disparityBoltSub,458,3,1531606855565,1531606855694,129,10.10.21.6
disparityBoltSub,458,4,1531606855565,1531606855638,73,10.10.21.6
disparityBoltSub,458,5,1531606855568,1531606855640,72,10.10.21.7
disparityBoltSub,458,6,1531606855571,1531606855640,69,10.10.21.7
disparityBoltSub,458,7,1531606855567,1531606855643,76,10.10.21.6
disparityBoltSub,458,8,1531606855566,1531606855638,72,10.10.21.6
disparityBoltSub,458,9,1531606855573,1531606855669,96,10.10.21.7
disparityBoltSub,458,10,1531606855572,1531606855651,79,10.10.21.7
disparityBoltSub,458,11,1531606855575,1531606855651,76,10.10.21.7
disparityBoltSub,458,12,1531606855568,1531606855639,71,10.10.21.6
disparityBoltSub,458,13,1531606855571,1531606855697,126,10.10.21.6
disparityBoltSub,458,14,1531606855570,1531606855651,81,10.10.21.6
disparityBoltSub,458,15,1531606855572,1531606855642,70,10.10.21.6
disparityBoltSub,458,16,1531606855569,1531606855643,74,10.10.21.6
disparityBoltSub,458,17,1531606855573,1531606855646,73,10.10.21.6
disparityBoltSub,458,18,1531606855570,1531606855645,75,10.10.21.6
disparityBoltSub,458,19,1531606855574,1531606855662,88,10.10.21.7
disparityBoltSub,458,20,1531606855576,1531606855645,69,10.10.21.7
disparityBoltSub,458,21,1531606855578,1531606855694,116,10.10.21.7
disparityBoltSub,458,22,1531606855571,1531606855648,77,10.10.21.6
disparityBoltSub,458,23,1531606855576,1531606855657,81,10.10.21.7
disparityBoltSub,458,24,1531606855585,1531606855681,96,10.10.21.7
disparityBoltSub,458,25,1531606855585,1531606855706,121,10.10.21.7
disparityBoltSub,458,26,1531606855580,1531606855654,74,10.10.21.7
disparityBoltSub,458,27,1531606855579,1531606855650,71,10.10.21.7
disparityBoltSub,458,28,1531606855583,1531606855655,72,10.10.21.7
disparityBoltSub,458,29,1531606855575,1531606855649,74,10.10.21.6
disparityBoltSub,458,30,1531606855582,1531606855656,74,10.10.21.7
disparityBoltSub,458,31,1531606855578,1531606855621,43,10.10.21.6
disparityBolt,458,0,0,0,142,0
mergeBolt,458,0,1531606855707,1531606855723,16,10.10.21.6
reprojectionBolt,458,0,1531606855723,1531606855762,39,null
overall,458,0,1531606855476,1531606855762,286,0
videoSpout,459,0,1531606855980,1531606855984,4,10.10.21.7
rectificationBolt,459,0,1531606856002,1531606856032,30,10.10.21.6
partitionBolt,459,0,1531606856032,1531606856052,20,10.10.21.6
disparityBoltSub,459,0,1531606856055,1531606856103,48,10.10.21.6
disparityBoltSub,459,1,1531606856056,1531606856131,75,10.10.21.7
disparityBoltSub,459,2,1531606856053,1531606856140,87,10.10.21.6
disparityBoltSub,459,3,1531606856056,1531606856126,70,10.10.21.6
disparityBoltSub,459,4,1531606856054,1531606856138,84,10.10.21.6
disparityBoltSub,459,5,1531606856058,1531606856129,71,10.10.21.7
disparityBoltSub,459,6,1531606856057,1531606856132,75,10.10.21.6
disparityBoltSub,459,7,1531606856058,1531606856130,72,10.10.21.7
disparityBoltSub,459,8,1531606856060,1531606856127,67,10.10.21.7
disparityBoltSub,459,9,1531606856062,1531606856127,65,10.10.21.7
disparityBoltSub,459,10,1531606856087,1531606856156,69,10.10.21.7
disparityBoltSub,459,11,1531606856058,1531606856140,82,10.10.21.6
disparityBoltSub,459,12,1531606856089,1531606856160,71,10.10.21.7
disparityBoltSub,459,13,1531606856087,1531606856162,75,10.10.21.7
disparityBoltSub,459,14,1531606856061,1531606856134,73,10.10.21.7
disparityBoltSub,459,15,1531606856086,1531606856163,77,10.10.21.6
disparityBoltSub,459,16,1531606856061,1531606856136,75,10.10.21.6
disparityBoltSub,459,17,1531606856090,1531606856165,75,10.10.21.7
disparityBoltSub,459,18,1531606856087,1531606856171,84,10.10.21.6
disparityBoltSub,459,19,1531606856088,1531606856162,74,10.10.21.7
disparityBoltSub,459,20,1531606856091,1531606856165,74,10.10.21.7
disparityBoltSub,459,21,1531606856095,1531606856168,73,10.10.21.7
disparityBoltSub,459,22,1531606856094,1531606856168,74,10.10.21.7
disparityBoltSub,459,23,1531606856087,1531606856160,73,10.10.21.6
disparityBoltSub,459,24,1531606856096,1531606856164,68,10.10.21.7
disparityBoltSub,459,25,1531606856091,1531606856162,71,10.10.21.7
disparityBoltSub,459,26,1531606856093,1531606856165,72,10.10.21.6
disparityBoltSub,459,27,1531606856091,1531606856163,72,10.10.21.6
disparityBoltSub,459,28,1531606856098,1531606856168,70,10.10.21.7
disparityBoltSub,459,29,1531606856093,1531606856162,69,10.10.21.6
disparityBoltSub,459,30,1531606856091,1531606856166,75,10.10.21.6
disparityBoltSub,459,31,1531606856093,1531606856133,40,10.10.21.7
disparityBolt,459,0,0,0,118,0
mergeBolt,459,0,1531606856173,1531606856188,15,10.10.21.6
reprojectionBolt,459,0,1531606856188,1531606856227,39,null
overall,459,0,1531606855980,1531606856227,247,0
videoSpout,460,0,1531606856484,1531606856488,4,10.10.21.7
rectificationBolt,460,0,1531606856508,1531606856539,31,10.10.21.6
partitionBolt,460,0,1531606856539,1531606856557,18,10.10.21.6
disparityBoltSub,460,0,1531606856560,1531606856606,46,10.10.21.7
disparityBoltSub,460,1,1531606856561,1531606856664,103,10.10.21.7
disparityBoltSub,460,2,1531606856562,1531606856643,81,10.10.21.6
disparityBoltSub,460,3,1531606856559,1531606856633,74,10.10.21.6
disparityBoltSub,460,4,1531606856562,1531606856634,72,10.10.21.7
disparityBoltSub,460,5,1531606856561,1531606856665,104,10.10.21.6
disparityBoltSub,460,6,1531606856563,1531606856634,71,10.10.21.7
disparityBoltSub,460,7,1531606856564,1531606856639,75,10.10.21.6
disparityBoltSub,460,8,1531606856565,1531606856638,73,10.10.21.7
disparityBoltSub,460,9,1531606856566,1531606856637,71,10.10.21.7
disparityBoltSub,460,10,1531606856567,1531606856669,102,10.10.21.7
disparityBoltSub,460,11,1531606856565,1531606856637,72,10.10.21.6
disparityBoltSub,460,12,1531606856567,1531606856639,72,10.10.21.6
disparityBoltSub,460,13,1531606856569,1531606856640,71,10.10.21.7
disparityBoltSub,460,14,1531606856565,1531606856638,73,10.10.21.6
disparityBoltSub,460,15,1531606856571,1531606856639,68,10.10.21.7
disparityBoltSub,460,16,1531606856567,1531606856653,86,10.10.21.6
disparityBoltSub,460,17,1531606856569,1531606856706,137,10.10.21.6
disparityBoltSub,460,18,1531606856568,1531606856652,84,10.10.21.6
disparityBoltSub,460,19,1531606856573,1531606856644,71,10.10.21.7
disparityBoltSub,460,20,1531606856570,1531606856654,84,10.10.21.6
disparityBoltSub,460,21,1531606856571,1531606856652,81,10.10.21.6
disparityBoltSub,460,22,1531606856568,1531606856696,128,10.10.21.6
disparityBoltSub,460,23,1531606856569,1531606856641,72,10.10.21.6
disparityBoltSub,460,24,1531606856569,1531606856641,72,10.10.21.6
disparityBoltSub,460,25,1531606856572,1531606856642,70,10.10.21.7
disparityBoltSub,460,26,1531606856574,1531606856640,66,10.10.21.7
disparityBoltSub,460,27,1531606856572,1531606856653,81,10.10.21.6
disparityBoltSub,460,28,1531606856571,1531606856645,74,10.10.21.6
disparityBoltSub,460,29,1531606856575,1531606856644,69,10.10.21.7
disparityBoltSub,460,30,1531606856573,1531606856687,114,10.10.21.6
disparityBoltSub,460,31,1531606856571,1531606856617,46,10.10.21.6
disparityBolt,460,0,0,0,147,0
mergeBolt,460,0,1531606856707,1531606856722,15,10.10.21.6
reprojectionBolt,460,0,1531606856722,1531606856779,57,null
overall,460,0,1531606856484,1531606856779,295,0
videoSpout,461,0,1531606856988,1531606856992,4,10.10.21.7
rectificationBolt,461,0,1531606857009,1531606857038,29,10.10.21.6
partitionBolt,461,0,1531606857038,1531606857056,18,10.10.21.6
disparityBoltSub,461,0,1531606857059,1531606857102,43,10.10.21.7
disparityBoltSub,461,1,1531606857060,1531606857134,74,10.10.21.6
disparityBoltSub,461,2,1531606857061,1531606857190,129,10.10.21.6
disparityBoltSub,461,3,1531606857061,1531606857189,128,10.10.21.6
disparityBoltSub,461,4,1531606857059,1531606857131,72,10.10.21.6
disparityBoltSub,461,5,1531606857060,1531606857131,71,10.10.21.6
disparityBoltSub,461,6,1531606857062,1531606857135,73,10.10.21.6
disparityBoltSub,461,7,1531606857060,1531606857136,76,10.10.21.6
disparityBoltSub,461,8,1531606857066,1531606857139,73,10.10.21.7
disparityBoltSub,461,9,1531606857068,1531606857139,71,10.10.21.7
disparityBoltSub,461,10,1531606857066,1531606857140,74,10.10.21.7
disparityBoltSub,461,11,1531606857070,1531606857139,69,10.10.21.7
disparityBoltSub,461,12,1531606857071,1531606857142,71,10.10.21.7
disparityBoltSub,461,13,1531606857063,1531606857132,69,10.10.21.6
disparityBoltSub,461,14,1531606857072,1531606857144,72,10.10.21.7
disparityBoltSub,461,15,1531606857065,1531606857141,76,10.10.21.6
disparityBoltSub,461,16,1531606857074,1531606857152,78,10.10.21.7
disparityBoltSub,461,17,1531606857065,1531606857194,129,10.10.21.6
disparityBoltSub,461,18,1531606857076,1531606857153,77,10.10.21.7
disparityBoltSub,461,19,1531606857077,1531606857154,77,10.10.21.7
disparityBoltSub,461,20,1531606857066,1531606857141,75,10.10.21.6
disparityBoltSub,461,21,1531606857078,1531606857152,74,10.10.21.7
disparityBoltSub,461,22,1531606857067,1531606857144,77,10.10.21.6
disparityBoltSub,461,23,1531606857068,1531606857141,73,10.10.21.6
disparityBoltSub,461,24,1531606857080,1531606857151,71,10.10.21.7
disparityBoltSub,461,25,1531606857069,1531606857178,109,10.10.21.6
disparityBoltSub,461,26,1531606857081,1531606857153,72,10.10.21.7
disparityBoltSub,461,27,1531606857071,1531606857145,74,10.10.21.6
disparityBoltSub,461,28,1531606857072,1531606857201,129,10.10.21.6
disparityBoltSub,461,29,1531606857071,1531606857142,71,10.10.21.6
disparityBoltSub,461,30,1531606857082,1531606857150,68,10.10.21.7
disparityBoltSub,461,31,1531606857071,1531606857143,72,10.10.21.6
disparityBolt,461,0,0,0,142,0
mergeBolt,461,0,1531606857202,1531606857218,16,10.10.21.6
reprojectionBolt,461,0,1531606857218,1531606857258,40,null
overall,461,0,1531606856988,1531606857258,270,0
videoSpout,462,0,1531606857492,1531606857496,4,10.10.21.7
rectificationBolt,462,0,1531606857515,1531606857545,30,10.10.21.6
partitionBolt,462,0,1531606857545,1531606857578,33,10.10.21.6
disparityBoltSub,462,0,1531606857580,1531606857634,54,10.10.21.6
disparityBoltSub,462,1,1531606857582,1531606857656,74,10.10.21.7
disparityBoltSub,462,2,1531606857584,1531606857656,72,10.10.21.7
disparityBoltSub,462,3,1531606857583,1531606857657,74,10.10.21.7
disparityBoltSub,462,4,1531606857585,1531606857658,73,10.10.21.7
disparityBoltSub,462,5,1531606857585,1531606857656,71,10.10.21.7
disparityBoltSub,462,6,1531606857581,1531606857660,79,10.10.21.6
disparityBoltSub,462,7,1531606857582,1531606857657,75,10.10.21.6
disparityBoltSub,462,8,1531606857587,1531606857657,70,10.10.21.7
disparityBoltSub,462,9,1531606857589,1531606857661,72,10.10.21.7
disparityBoltSub,462,10,1531606857588,1531606857661,73,10.10.21.7
disparityBoltSub,462,11,1531606857586,1531606857660,74,10.10.21.6
disparityBoltSub,462,12,1531606857587,1531606857660,73,10.10.21.6
disparityBoltSub,462,13,1531606857589,1531606857661,72,10.10.21.7
disparityBoltSub,462,14,1531606857591,1531606857661,70,10.10.21.7
disparityBoltSub,462,15,1531606857585,1531606857656,71,10.10.21.6
disparityBoltSub,462,16,1531606857588,1531606857713,125,10.10.21.6
disparityBoltSub,462,17,1531606857587,1531606857664,77,10.10.21.6
disparityBoltSub,462,18,1531606857586,1531606857661,75,10.10.21.6
disparityBoltSub,462,19,1531606857587,1531606857662,75,10.10.21.6
disparityBoltSub,462,20,1531606857587,1531606857716,129,10.10.21.6
disparityBoltSub,462,21,1531606857587,1531606857665,78,10.10.21.6
disparityBoltSub,462,22,1531606857593,1531606857669,76,10.10.21.7
disparityBoltSub,462,23,1531606857592,1531606857718,126,10.10.21.7
disparityBoltSub,462,24,1531606857593,1531606857665,72,10.10.21.7
disparityBoltSub,462,25,1531606857594,1531606857662,68,10.10.21.7
disparityBoltSub,462,26,1531606857595,1531606857667,72,10.10.21.7
disparityBoltSub,462,27,1531606857592,1531606857675,83,10.10.21.6
disparityBoltSub,462,28,1531606857593,1531606857667,74,10.10.21.6
disparityBoltSub,462,29,1531606857597,1531606857666,69,10.10.21.7
disparityBoltSub,462,30,1531606857598,1531606857726,128,10.10.21.7
disparityBoltSub,462,31,1531606857599,1531606857642,43,10.10.21.7
disparityBolt,462,0,0,0,146,0
mergeBolt,462,0,1531606857727,1531606857742,15,10.10.21.6
reprojectionBolt,462,0,1531606857742,1531606857783,41,null
overall,462,0,1531606857492,1531606857783,291,0
videoSpout,463,0,1531606857996,1531606858000,4,10.10.21.7
rectificationBolt,463,0,1531606858018,1531606858049,31,10.10.21.6
partitionBolt,463,0,1531606858049,1531606858069,20,10.10.21.6
disparityBoltSub,463,0,1531606858070,1531606858162,92,10.10.21.6
disparityBoltSub,463,1,1531606858073,1531606858143,70,10.10.21.7
disparityBoltSub,463,2,1531606858073,1531606858146,73,10.10.21.6
disparityBoltSub,463,3,1531606858073,1531606858167,94,10.10.21.6
disparityBoltSub,463,4,1531606858071,1531606858175,104,10.10.21.6
disparityBoltSub,463,5,1531606858075,1531606858144,69,10.10.21.6
disparityBoltSub,463,6,1531606858075,1531606858146,71,10.10.21.7
disparityBoltSub,463,7,1531606858075,1531606858144,69,10.10.21.6
disparityBoltSub,463,8,1531606858076,1531606858144,68,10.10.21.6
disparityBoltSub,463,9,1531606858077,1531606858145,68,10.10.21.7
disparityBoltSub,463,10,1531606858077,1531606858147,70,10.10.21.6
disparityBoltSub,463,11,1531606858078,1531606858143,65,10.10.21.7
disparityBoltSub,463,12,1531606858078,1531606858168,90,10.10.21.6
disparityBoltSub,463,13,1531606858076,1531606858176,100,10.10.21.6
disparityBoltSub,463,14,1531606858078,1531606858178,100,10.10.21.7
disparityBoltSub,463,15,1531606858080,1531606858150,70,10.10.21.7
disparityBoltSub,463,16,1531606858079,1531606858149,70,10.10.21.6
disparityBoltSub,463,17,1531606858080,1531606858152,72,10.10.21.6
disparityBoltSub,463,18,1531606858078,1531606858179,101,10.10.21.6
disparityBoltSub,463,19,1531606858081,1531606858155,74,10.10.21.6
disparityBoltSub,463,20,1531606858082,1531606858155,73,10.10.21.7
disparityBoltSub,463,21,1531606858084,1531606858158,74,10.10.21.7
disparityBoltSub,463,22,1531606858083,1531606858186,103,10.10.21.7
disparityBoltSub,463,23,1531606858081,1531606858177,96,10.10.21.6
disparityBoltSub,463,24,1531606858083,1531606858153,70,10.10.21.6
disparityBoltSub,463,25,1531606858084,1531606858196,112,10.10.21.6
disparityBoltSub,463,26,1531606858085,1531606858149,64,10.10.21.7
disparityBoltSub,463,27,1531606858085,1531606858196,111,10.10.21.6
disparityBoltSub,463,28,1531606858083,1531606858195,112,10.10.21.6
disparityBoltSub,463,29,1531606858086,1531606858173,87,10.10.21.6
disparityBoltSub,463,30,1531606858088,1531606858159,71,10.10.21.7
disparityBoltSub,463,31,1531606858085,1531606858160,75,10.10.21.6
disparityBolt,463,0,0,0,126,0
mergeBolt,463,0,1531606858198,1531606858213,15,10.10.21.6
reprojectionBolt,463,0,1531606858213,1531606858252,39,null
overall,463,0,1531606857996,1531606858252,256,0
videoSpout,464,0,1531606858500,1531606858505,5,10.10.21.7
rectificationBolt,464,0,1531606858522,1531606858553,31,10.10.21.6
partitionBolt,464,0,1531606858553,1531606858572,19,10.10.21.6
disparityBoltSub,464,0,1531606858575,1531606858618,43,10.10.21.7
disparityBoltSub,464,1,1531606858573,1531606858654,81,10.10.21.6
disparityBoltSub,464,2,1531606858577,1531606858643,66,10.10.21.7
disparityBoltSub,464,3,1531606858578,1531606858648,70,10.10.21.7
disparityBoltSub,464,4,1531606858577,1531606858703,126,10.10.21.6
disparityBoltSub,464,5,1531606858579,1531606858648,69,10.10.21.7
disparityBoltSub,464,6,1531606858579,1531606858646,67,10.10.21.7
disparityBoltSub,464,7,1531606858578,1531606858649,71,10.10.21.6
disparityBoltSub,464,8,1531606858581,1531606858705,124,10.10.21.7
disparityBoltSub,464,9,1531606858580,1531606858655,75,10.10.21.6
disparityBoltSub,464,10,1531606858583,1531606858656,73,10.10.21.7
disparityBoltSub,464,11,1531606858581,1531606858707,126,10.10.21.6
disparityBoltSub,464,12,1531606858581,1531606858652,71,10.10.21.7
disparityBoltSub,464,13,1531606858584,1531606858656,72,10.10.21.7
disparityBoltSub,464,14,1531606858582,1531606858661,79,10.10.21.6
disparityBoltSub,464,15,1531606858589,1531606858659,70,10.10.21.6
disparityBoltSub,464,16,1531606858581,1531606858656,75,10.10.21.6
disparityBoltSub,464,17,1531606858581,1531606858656,75,10.10.21.6
disparityBoltSub,464,18,1531606858582,1531606858709,127,10.10.21.6
disparityBoltSub,464,19,1531606858582,1531606858707,125,10.10.21.6
disparityBoltSub,464,20,1531606858591,1531606858663,72,10.10.21.6
disparityBoltSub,464,21,1531606858582,1531606858656,74,10.10.21.6
disparityBoltSub,464,22,1531606858585,1531606858715,130,10.10.21.7
disparityBoltSub,464,23,1531606858586,1531606858709,123,10.10.21.7
disparityBoltSub,464,24,1531606858585,1531606858710,125,10.10.21.6
disparityBoltSub,464,25,1531606858591,1531606858715,124,10.10.21.6
disparityBoltSub,464,26,1531606858589,1531606858712,123,10.10.21.7
disparityBoltSub,464,27,1531606858588,1531606858661,73,10.10.21.7
disparityBoltSub,464,28,1531606858591,1531606858656,65,10.10.21.7
disparityBoltSub,464,29,1531606858592,1531606858663,71,10.10.21.6
disparityBoltSub,464,30,1531606858593,1531606858676,83,10.10.21.7
disparityBoltSub,464,31,1531606858592,1531606858639,47,10.10.21.7
disparityBolt,464,0,0,0,142,0
mergeBolt,464,0,1531606858717,1531606858733,16,10.10.21.6
reprojectionBolt,464,0,1531606858733,1531606858772,39,null
overall,464,0,1531606858500,1531606858772,272,0
videoSpout,465,0,1531606859005,1531606859009,4,10.10.21.7
rectificationBolt,465,0,1531606859025,1531606859073,48,10.10.21.6
partitionBolt,465,0,1531606859073,1531606859091,18,10.10.21.6
disparityBoltSub,465,0,1531606859094,1531606859139,45,10.10.21.7
disparityBoltSub,465,1,1531606859092,1531606859166,74,10.10.21.6
disparityBoltSub,465,2,1531606859093,1531606859165,72,10.10.21.6
disparityBoltSub,465,3,1531606859095,1531606859165,70,10.10.21.7
disparityBoltSub,465,4,1531606859093,1531606859166,73,10.10.21.6
disparityBoltSub,465,5,1531606859097,1531606859172,75,10.10.21.6
disparityBoltSub,465,6,1531606859095,1531606859171,76,10.10.21.6
disparityBoltSub,465,7,1531606859098,1531606859160,62,10.10.21.7
disparityBoltSub,465,8,1531606859099,1531606859170,71,10.10.21.7
disparityBoltSub,465,9,1531606859098,1531606859166,68,10.10.21.6
disparityBoltSub,465,10,1531606859100,1531606859169,69,10.10.21.7
disparityBoltSub,465,11,1531606859098,1531606859170,72,10.10.21.6
disparityBoltSub,465,12,1531606859102,1531606859176,74,10.10.21.7
disparityBoltSub,465,13,1531606859099,1531606859170,71,10.10.21.6
disparityBoltSub,465,14,1531606859101,1531606859173,72,10.10.21.6
disparityBoltSub,465,15,1531606859101,1531606859175,74,10.10.21.6
disparityBoltSub,465,16,1531606859099,1531606859193,94,10.10.21.6
disparityBoltSub,465,17,1531606859102,1531606859177,75,10.10.21.6
disparityBoltSub,465,18,1531606859103,1531606859176,73,10.10.21.6
disparityBoltSub,465,19,1531606859104,1531606859177,73,10.10.21.6
disparityBoltSub,465,20,1531606859100,1531606859174,74,10.10.21.6
disparityBoltSub,465,21,1531606859104,1531606859178,74,10.10.21.7
disparityBoltSub,465,22,1531606859101,1531606859174,73,10.10.21.6
disparityBoltSub,465,23,1531606859104,1531606859177,73,10.10.21.6
disparityBoltSub,465,24,1531606859103,1531606859174,71,10.10.21.6
disparityBoltSub,465,25,1531606859106,1531606859178,72,10.10.21.7
disparityBoltSub,465,26,1531606859108,1531606859204,96,10.10.21.7
disparityBoltSub,465,27,1531606859106,1531606859179,73,10.10.21.7
disparityBoltSub,465,28,1531606859109,1531606859203,94,10.10.21.7
disparityBoltSub,465,29,1531606859107,1531606859200,93,10.10.21.6
disparityBoltSub,465,30,1531606859108,1531606859178,70,10.10.21.6
disparityBoltSub,465,31,1531606859106,1531606859147,41,10.10.21.6
disparityBolt,465,0,0,0,112,0
mergeBolt,465,0,1531606859205,1531606859221,16,10.10.21.6
reprojectionBolt,465,0,1531606859221,1531606859261,40,null
overall,465,0,1531606859005,1531606859261,256,0
videoSpout,466,0,1531606859509,1531606859513,4,10.10.21.7
rectificationBolt,466,0,1531606859532,1531606859564,32,10.10.21.6
partitionBolt,466,0,1531606859564,1531606859584,20,10.10.21.6
disparityBoltSub,466,0,1531606859587,1531606859629,42,10.10.21.7
disparityBoltSub,466,1,1531606859585,1531606859667,82,10.10.21.6
disparityBoltSub,466,2,1531606859591,1531606859660,69,10.10.21.7
disparityBoltSub,466,3,1531606859590,1531606859660,70,10.10.21.7
disparityBoltSub,466,4,1531606859589,1531606859659,70,10.10.21.7
disparityBoltSub,466,5,1531606859586,1531606859716,130,10.10.21.6
disparityBoltSub,466,6,1531606859590,1531606859659,69,10.10.21.7
disparityBoltSub,466,7,1531606859592,1531606859653,61,10.10.21.7
disparityBoltSub,466,8,1531606859592,1531606859664,72,10.10.21.7
disparityBoltSub,466,9,1531606859593,1531606859663,70,10.10.21.7
disparityBoltSub,466,10,1531606859591,1531606859670,79,10.10.21.6
disparityBoltSub,466,11,1531606859592,1531606859670,78,10.10.21.6
disparityBoltSub,466,12,1531606859594,1531606859674,80,10.10.21.6
disparityBoltSub,466,13,1531606859591,1531606859674,83,10.10.21.6
disparityBoltSub,466,14,1531606859617,1531606859687,70,10.10.21.6
disparityBoltSub,466,15,1531606859594,1531606859711,117,10.10.21.6
disparityBoltSub,466,16,1531606859617,1531606859688,71,10.10.21.7
disparityBoltSub,466,17,1531606859618,1531606859739,121,10.10.21.6
disparityBoltSub,466,18,1531606859593,1531606859691,98,10.10.21.6
disparityBoltSub,466,19,1531606859619,1531606859692,73,10.10.21.6
disparityBoltSub,466,20,1531606859615,1531606859737,122,10.10.21.6
disparityBoltSub,466,21,1531606859616,1531606859688,72,10.10.21.6
disparityBoltSub,466,22,1531606859620,1531606859695,75,10.10.21.6
disparityBoltSub,466,23,1531606859621,1531606859722,101,10.10.21.6
disparityBoltSub,466,24,1531606859622,1531606859691,69,10.10.21.6
disparityBoltSub,466,25,1531606859618,1531606859686,68,10.10.21.6
disparityBoltSub,466,26,1531606859618,1531606859715,97,10.10.21.6
disparityBoltSub,466,27,1531606859623,1531606859693,70,10.10.21.6
disparityBoltSub,466,28,1531606859622,1531606859690,68,10.10.21.7
disparityBoltSub,466,29,1531606859623,1531606859694,71,10.10.21.6
disparityBoltSub,466,30,1531606859620,1531606859689,69,10.10.21.6
disparityBoltSub,466,31,1531606859622,1531606859664,42,10.10.21.7
disparityBolt,466,0,0,0,154,0
mergeBolt,466,0,1531606859740,1531606859755,15,10.10.21.6
reprojectionBolt,466,0,1531606859755,1531606859792,37,null
overall,466,0,1531606859509,1531606859793,284,0
videoSpout,467,0,1531606860014,1531606860018,4,10.10.21.7
rectificationBolt,467,0,1531606860038,1531606860066,28,10.10.21.6
partitionBolt,467,0,1531606860066,1531606860084,18,10.10.21.6
disparityBoltSub,467,0,1531606860085,1531606860128,43,10.10.21.6
disparityBoltSub,467,1,1531606860088,1531606860211,123,10.10.21.7
disparityBoltSub,467,2,1531606860088,1531606860162,74,10.10.21.6
disparityBoltSub,467,3,1531606860089,1531606860210,121,10.10.21.7
disparityBoltSub,467,4,1531606860089,1531606860159,70,10.10.21.7
disparityBoltSub,467,5,1531606860089,1531606860163,74,10.10.21.6
disparityBoltSub,467,6,1531606860088,1531606860159,71,10.10.21.6
disparityBoltSub,467,7,1531606860090,1531606860161,71,10.10.21.6
disparityBoltSub,467,8,1531606860092,1531606860166,74,10.10.21.6
disparityBoltSub,467,9,1531606860092,1531606860164,72,10.10.21.7
disparityBoltSub,467,10,1531606860093,1531606860205,112,10.10.21.7
disparityBoltSub,467,11,1531606860092,1531606860164,72,10.10.21.6
disparityBoltSub,467,12,1531606860097,1531606860170,73,10.10.21.6
disparityBoltSub,467,13,1531606860100,1531606860171,71,10.10.21.6
disparityBoltSub,467,14,1531606860094,1531606860166,72,10.10.21.7
disparityBoltSub,467,15,1531606860102,1531606860174,72,10.10.21.6
disparityBoltSub,467,16,1531606860093,1531606860169,76,10.10.21.6
disparityBoltSub,467,17,1531606860093,1531606860168,75,10.10.21.6
disparityBoltSub,467,18,1531606860103,1531606860177,74,10.10.21.6
disparityBoltSub,467,19,1531606860094,1531606860168,74,10.10.21.6
disparityBoltSub,467,20,1531606860097,1531606860170,73,10.10.21.7
disparityBoltSub,467,21,1531606860096,1531606860170,74,10.10.21.6
disparityBoltSub,467,22,1531606860101,1531606860176,75,10.10.21.7
disparityBoltSub,467,23,1531606860105,1531606860218,113,10.10.21.7
disparityBoltSub,467,24,1531606860102,1531606860221,119,10.10.21.7
disparityBoltSub,467,25,1531606860105,1531606860178,73,10.10.21.7
disparityBoltSub,467,26,1531606860105,1531606860222,117,10.10.21.7
disparityBoltSub,467,27,1531606860102,1531606860174,72,10.10.21.7
disparityBoltSub,467,28,1531606860103,1531606860173,70,10.10.21.6
disparityBoltSub,467,29,1531606860107,1531606860177,70,10.10.21.7
disparityBoltSub,467,30,1531606860109,1531606860184,75,10.10.21.7
disparityBoltSub,467,31,1531606860110,1531606860146,36,10.10.21.7
disparityBolt,467,0,0,0,137,0
mergeBolt,467,0,1531606860223,1531606860237,14,10.10.21.6
reprojectionBolt,467,0,1531606860238,1531606860277,39,null
overall,467,0,1531606860014,1531606860277,263,0
videoSpout,468,0,1531606860518,1531606860522,4,10.10.21.7
rectificationBolt,468,0,1531606860546,1531606860577,31,10.10.21.6
partitionBolt,468,0,1531606860577,1531606860596,19,10.10.21.6
disparityBoltSub,468,0,1531606860597,1531606860640,43,10.10.21.6
disparityBoltSub,468,1,1531606860597,1531606860668,71,10.10.21.6
disparityBoltSub,468,2,1531606860597,1531606860670,73,10.10.21.6
disparityBoltSub,468,3,1531606860598,1531606860668,70,10.10.21.6
disparityBoltSub,468,4,1531606860601,1531606860675,74,10.10.21.7
disparityBoltSub,468,5,1531606860600,1531606860669,69,10.10.21.6
disparityBoltSub,468,6,1531606860603,1531606860675,72,10.10.21.7
disparityBoltSub,468,7,1531606860602,1531606860675,73,10.10.21.7
disparityBoltSub,468,8,1531606860601,1531606860673,72,10.10.21.6
disparityBoltSub,468,9,1531606860600,1531606860673,73,10.10.21.6
disparityBoltSub,468,10,1531606860604,1531606860678,74,10.10.21.7
disparityBoltSub,468,11,1531606860605,1531606860711,106,10.10.21.7
disparityBoltSub,468,12,1531606860601,1531606860670,69,10.10.21.6
disparityBoltSub,468,13,1531606860607,1531606860735,128,10.10.21.7
disparityBoltSub,468,14,1531606860606,1531606860677,71,10.10.21.7
disparityBoltSub,468,15,1531606860606,1531606860713,107,10.10.21.6
disparityBoltSub,468,16,1531606860606,1531606860680,74,10.10.21.6
disparityBoltSub,468,17,1531606860606,1531606860681,75,10.10.21.7
disparityBoltSub,468,18,1531606860609,1531606860683,74,10.10.21.7
disparityBoltSub,468,19,1531606860609,1531606860680,71,10.10.21.7
disparityBoltSub,468,20,1531606860608,1531606860682,74,10.10.21.6
disparityBoltSub,468,21,1531606860611,1531606860684,73,10.10.21.7
disparityBoltSub,468,22,1531606860619,1531606860728,109,10.10.21.7
disparityBoltSub,468,23,1531606860607,1531606860679,72,10.10.21.6
disparityBoltSub,468,24,1531606860609,1531606860714,105,10.10.21.6
disparityBoltSub,468,25,1531606860610,1531606860692,82,10.10.21.6
disparityBoltSub,468,26,1531606860609,1531606860684,75,10.10.21.6
disparityBoltSub,468,27,1531606860613,1531606860741,128,10.10.21.7
disparityBoltSub,468,28,1531606860609,1531606860683,74,10.10.21.6
disparityBoltSub,468,29,1531606860612,1531606860689,77,10.10.21.6
disparityBoltSub,468,30,1531606860615,1531606860685,70,10.10.21.7
disparityBoltSub,468,31,1531606860619,1531606860660,41,10.10.21.7
disparityBolt,468,0,0,0,144,0
mergeBolt,468,0,1531606860743,1531606860758,15,10.10.21.6
reprojectionBolt,468,0,1531606860758,1531606860798,40,null
overall,468,0,1531606860518,1531606860798,280,0
