%YAML:1.0
---
R: !!opencv-matrix
   rows: 3
   cols: 3
   dt: d
   data: [ 9.9916848517102852e-01, -2.6715460912854122e-02,
       3.0799714109809674e-02, 2.1728287283334521e-02,
       9.8811128471589604e-01, 1.5219714369473000e-01,
       -3.4499561921350959e-02, -1.5140136447639821e-01,
       9.8787013673960189e-01 ]
T: !!opencv-matrix
   rows: 3
   cols: 1
   dt: d
   data: [ 2.0688804223569612e-01, 7.6331940192389354e-03,
       -5.5381792111215862e-03 ]
R1: !!opencv-matrix
   rows: 3
   cols: 3
   dt: d
   data: [ 9.9985544350208899e-01, 1.3779739610528332e-02,
       9.9604656270157362e-03, -1.4496628817888844e-02,
       9.9701009142145969e-01, 7.5899442400380587e-02,
       -8.8848101925297247e-03, -7.6032863815841956e-02,
       9.9706572690460304e-01 ]
R2: !!opencv-matrix
   rows: 3
   cols: 3
   dt: d
   data: [ 9.9896269627274747e-01, 3.6857016946130264e-02,
       -2.6741199623713512e-02, -3.8782477656122138e-02,
       9.9639361373493718e-01, -7.5469768351870622e-02,
       2.3863169997613828e-02, 7.6428573256768911e-02,
       9.9678945736178393e-01 ]
P1: !!opencv-matrix
   rows: 3
   cols: 4
   dt: d
   data: [ 4.5368765261549504e+02, 0., 3.2634329986572266e+02, 0., 0.,
       4.5368765261549504e+02, 2.3872496032714844e+02, 0., 0., 0., 1.,
       0. ]
P2: !!opencv-matrix
   rows: 3
   cols: 4
   dt: d
   data: [ 4.5368765261549504e+02, 0., 3.2634329986572266e+02,
       9.3960015310222360e+01, 0., 4.5368765261549504e+02,
       2.3872496032714844e+02, 0., 0., 0., 1., 0. ]
Q: !!opencv-matrix
   rows: 4
   cols: 4
   dt: d
   data: [ 1., 0., 0., -3.2634329986572266e+02, 0., 1., 0.,
       -2.3872496032714844e+02, 0., 0., 0., 4.5368765261549504e+02, 0.,
       0., -4.8285182917178195e+00, 0. ]
