%YAML:1.0
---
M1: !!opencv-matrix
   rows: 3
   cols: 3
   dt: d
   data: [ 6.0005599892025884e+02, 0., 3.2001206897105772e+02, 0.,
       5.9709063768130852e+02, 2.4005463151906051e+02, 0., 0., 1. ]
D1: !!opencv-matrix
   rows: 1
   cols: 14
   dt: d
   data: [ 1.3048852215887999e-01, -1.3223476273820962e+00, 0., 0., 0.,
       0., 0., -2.7209960774652973e+00, 0., 0., 0., 0., 0., 0. ]
M2: !!opencv-matrix
   rows: 3
   cols: 3
   dt: d
   data: [ 6.0005599892025884e+02, 0., 3.1958759995448327e+02, 0.,
       5.9709063768130852e+02, 2.3688465348361174e+02, 0., 0., 1. ]
D2: !!opencv-matrix
   rows: 1
   cols: 14
   dt: d
   data: [ -1.6240497946259671e-02, -2.4331341914717203e-01, 0., 0., 0.,
       0., 0., -1.2570165396337421e-01, 0., 0., 0., 0., 0., 0. ]
